	reset_island_iter	improve_iter	island	program_1_hamming_score	program_2_hamming_score	program_1_neural_score	program_2_neural_score	output_program_1_hamming_score	output_program_2_hamming_score	output_program_3_hamming_score	output_program_4_hamming_score	output_program_5_hamming_score	output_program_1_neural_score	output_program_2_neural_score	output_program_3_neural_score	output_program_4_neural_score	output_program_5_neural_score
0	0	0	0	14.0	14.0	9.653501510620117	9.959996223449707	inf	26.0	31.333333333333332	31.333333333333332	inf	inf	44.218048095703125	31.656925201416016	32.324642181396484	inf
1	0	0	1	14.0	14.0	9.653501510620117	9.959996223449707	11.333333333333334	14.0	13.666666666666666	13.0	12.666666666666666	9.41402816772461	9.75048828125	8.253791809082031	9.15398120880127	8.887712478637695
2	0	0	2	14.0	14.0	9.653501510620117	9.959996223449707	14.0	13.333333333333334	9.333333333333334	14.0	-1.0	9.823471069335938	8.646499633789062	8.134512901306152	9.430497169494629	-1.0
3	0	0	3	14.0	14.0	9.653501510620117	9.959996223449707	14.0	inf	16.333333333333332	14.0	-1.0	10.25918960571289	inf	12.039560317993164	9.764126777648926	-1.0
4	0	0	4	14.0	14.0	9.653501510620117	9.959996223449707	inf	inf	inf	20.666666666666668	inf	inf	inf	inf	12.13474178314209	inf
5	0	1	0	14.0	14.0	9.653501510620117	9.959996223449707	14.0	inf	12.333333333333334	25.333333333333332	-1.0	9.959996223449707	inf	7.317717552185059	49.34852600097656	-1.0
6	0	1	1	14.0	14.0	9.653501510620117	9.959996223449707	-1.0	14.0	-1.0	14.0	11.666666666666666	-1.0	10.65327262878418	-1.0	9.27227783203125	9.074544906616211
7	0	1	2	14.0	14.0	9.653501510620117	9.959996223449707	13.333333333333334					6.1881890296936035				
8	0	1	3	14.0	14.0	9.653501510620117	9.959996223449707	14.0	-1.0	14.0	-1.0	-1.0	10.176031112670898	-1.0	10.340825080871582	-1.0	-1.0
9	0	1	4	14.0	14.0	9.653501510620117	9.959996223449707	14.0	11.333333333333334	inf	inf	-1.0	7.224374771118164	8.626437187194824	inf	inf	-1.0
10	0	2	0	11.333333333333334	14.0	8.626437187194824	9.959996223449707	inf	-1.0	inf	24.666666666666668	25.0	inf	-1.0	inf	49.42230987548828	46.1088752746582
11	0	2	1	11.333333333333334	14.0	8.626437187194824	9.959996223449707	14.0	-1.0	14.0	14.0	13.0	10.57285213470459	-1.0	10.435832977294922	9.346956253051758	9.66006088256836
12	0	2	2	11.333333333333334	14.0	8.626437187194824	9.959996223449707	14.0	14.0	14.0	-1.0	12.666666666666666	9.959996223449707	9.874795913696289	10.293880462646484	-1.0	6.639074802398682
13	0	2	3	11.333333333333334	14.0	8.626437187194824	9.959996223449707	-1.0	-1.0	-1.0	14.0	-1.0	-1.0	-1.0	-1.0	9.196840286254883	-1.0
14	0	2	4	11.333333333333334	14.0	8.626437187194824	9.959996223449707	-1.0	inf	inf	-1.0	-1.0	-1.0	inf	inf	-1.0	-1.0
15	0	3	0	11.333333333333334	14.0	8.626437187194824	7.224374771118164	inf	-1.0	inf	25.333333333333332	inf	inf	-1.0	inf	48.94498062133789	inf
16	0	3	1	11.333333333333334	14.0	8.626437187194824	7.224374771118164	14.0	14.0	-1.0	14.0	14.0	9.491290092468262	11.884347915649414	-1.0	9.813146591186523	11.56601333618164
17	0	3	2	11.333333333333334	14.0	8.626437187194824	7.224374771118164	14.0	14.0	14.0	inf	14.0	9.835932731628418	10.279153823852539	10.007768630981445	inf	10.295169830322266
18	0	3	3	11.333333333333334	14.0	8.626437187194824	7.224374771118164	inf	14.0	inf	inf	19.333333333333332	inf	10.301755905151367	inf	inf	17.064014434814453
19	0	3	4	11.333333333333334	14.0	8.626437187194824	7.224374771118164	inf	inf	inf	inf	inf	inf	inf	inf	inf	inf
20	0	4	0	11.333333333333334	14.0	8.626437187194824	7.224374771118164	24.333333333333332	23.333333333333332	-1.0	-1.0	-1.0	53.36569595336914	49.45573425292969	-1.0	-1.0	-1.0
21	0	4	1	11.333333333333334	14.0	8.626437187194824	7.224374771118164	11.333333333333334	14.0	11.333333333333334	14.0	-1.0	9.255374908447266	7.155992031097412	5.725032329559326	8.810311317443848	-1.0
22	0	4	2	11.333333333333334	14.0	8.626437187194824	7.224374771118164	12.0	-1.0	13.333333333333334	12.0	12.333333333333334	7.2370710372924805	-1.0	10.427213668823242	6.9534406661987305	10.40982437133789
23	0	4	3	11.333333333333334	14.0	8.626437187194824	7.224374771118164	inf	inf	inf	-1.0	-1.0	inf	inf	inf	-1.0	-1.0
24	0	4	4	11.333333333333334	14.0	8.626437187194824	7.224374771118164	inf	inf	inf	inf	inf	inf	inf	inf	inf	inf
25	0	5	0	14.0	11.333333333333334	9.653501510620117	8.626437187194824	14.0	20.666666666666668	inf	-1.0	7.333333333333333	10.072139739990234	14.740443229675293	inf	-1.0	16.039783477783203
26	0	5	1	14.0	11.333333333333334	9.653501510620117	8.626437187194824	-1.0	-1.0	-1.0	-1.0	-1.0	-1.0	-1.0	-1.0	-1.0	-1.0
27	0	5	2	14.0	11.333333333333334	9.653501510620117	8.626437187194824	-1.0	14.0	-1.0	14.0	-1.0	-1.0	8.651747703552246	-1.0	8.135310173034668	-1.0
28	0	5	3	14.0	11.333333333333334	9.653501510620117	8.626437187194824	inf	-1.0	-1.0	-1.0	inf	inf	-1.0	-1.0	-1.0	inf
29	0	5	4	14.0	11.333333333333334	9.653501510620117	8.626437187194824	inf	inf	inf	inf	inf	inf	inf	inf	inf	inf
30	0	6	0	11.333333333333334	14.0	8.626437187194824	9.653501510620117	14.0	13.0	inf	-1.0	inf	9.249357223510742	9.158129692077637	inf	-1.0	inf
31	0	6	1	11.333333333333334	14.0	8.626437187194824	9.653501510620117	-1.0	14.0	14.0	-1.0	14.0	-1.0	9.20399284362793	9.273260116577148	-1.0	10.069811820983887
32	0	6	2	11.333333333333334	14.0	8.626437187194824	9.653501510620117	-1.0	inf	14.0	14.0	14.0	-1.0	inf	8.673277854919434	9.984142303466797	8.81498908996582
33	0	6	3	11.333333333333334	14.0	8.626437187194824	9.653501510620117	-1.0	16.333333333333332	-1.0	17.0	-1.0	-1.0	11.974715232849121	-1.0	14.03780460357666	-1.0
34	0	6	4	11.333333333333334	14.0	8.626437187194824	9.653501510620117	inf	inf	inf	inf	inf	inf	inf	inf	inf	inf
35	0	7	0	11.333333333333334	14.0	8.626437187194824	9.959996223449707	14.0	-1.0	inf	31.333333333333332	inf	9.337898254394531	-1.0	inf	33.64877700805664	inf
36	0	7	1	11.333333333333334	14.0	8.626437187194824	9.959996223449707	inf	inf	inf	inf	inf	inf	inf	inf	inf	inf
37	0	7	2	11.333333333333334	14.0	8.626437187194824	9.959996223449707	-1.0	-1.0	-1.0	-1.0	-1.0	-1.0	-1.0	-1.0	-1.0	-1.0
38	0	7	3	11.333333333333334	14.0	8.626437187194824	9.959996223449707	12.0	-1.0	14.0	14.0	14.0	8.212372779846191	-1.0	10.293880462646484	8.592093467712402	8.998391151428223
39	0	7	4	11.333333333333334	14.0	8.626437187194824	9.959996223449707	inf	13.666666666666666	inf	13.333333333333334	inf	inf	7.687807559967041	inf	7.125338554382324	inf
40	0	8	0	11.333333333333334	13.333333333333334	8.626437187194824	7.125338554382324	inf	inf	inf	inf	inf	inf	inf	inf	inf	inf
41	0	8	1	11.333333333333334	13.333333333333334	8.626437187194824	7.125338554382324	-1.0	13.666666666666666	inf	-1.0	-1.0	-1.0	9.068482398986816	inf	-1.0	-1.0
42	0	8	2	11.333333333333334	13.333333333333334	8.626437187194824	7.125338554382324	11.0	11.0	13.333333333333334	inf	inf	10.285222053527832	10.446101188659668	6.55608606338501	inf	inf
43	0	8	3	11.333333333333334	13.333333333333334	8.626437187194824	7.125338554382324	12.0	-1.0	9.333333333333334	14.0	14.0	8.871787071228027	-1.0	9.949827194213867	9.738134384155273	10.154128074645996
44	0	8	4	11.333333333333334	13.333333333333334	8.626437187194824	7.125338554382324	13.333333333333334	12.333333333333334	inf	11.333333333333334	inf	6.735332012176514	7.772222995758057	inf	6.398816108703613	inf
45	0	9	0	11.333333333333334	13.333333333333334	8.626437187194824	7.125338554382324	10.333333333333334	11.333333333333334	-1.0	-1.0	-1.0	13.217714309692383	5.440694808959961	-1.0	-1.0	-1.0
46	0	9	1	11.333333333333334	13.333333333333334	8.626437187194824	7.125338554382324	14.0	inf	13.666666666666666	inf	13.666666666666666	9.961904525756836	inf	9.296435356140137	inf	8.597309112548828
47	0	9	2	11.333333333333334	13.333333333333334	8.626437187194824	7.125338554382324	-1.0	inf	10.666666666666666	-1.0	-1.0	-1.0	inf	8.298859596252441	-1.0	-1.0
48	0	9	3	11.333333333333334	13.333333333333334	8.626437187194824	7.125338554382324	-1.0	14.0	14.0	-1.0	-1.0	-1.0	8.926308631896973	8.308263778686523	-1.0	-1.0
49	0	9	4	11.333333333333334	13.333333333333334	8.626437187194824	7.125338554382324	inf	13.333333333333334	13.333333333333334	11.333333333333334	-1.0	inf	7.67654275894165	7.783915996551514	6.258110523223877	-1.0
50	1	0	0	11.0	11.0	10.446101188659668	10.285222053527832	12.333333333333334	-1.0	11.333333333333334	-1.0	-1.0	9.384117126464844	-1.0	9.41402816772461	-1.0	-1.0
51	1	0	1	11.0	11.0	10.446101188659668	10.285222053527832	14.0	14.0	-1.0	9.333333333333334	-1.0	10.184964179992676	10.918478965759277	-1.0	14.586069107055664	-1.0
52	1	0	2	11.0	11.0	10.446101188659668	10.285222053527832	11.333333333333334	-1.0	14.0	-1.0	-1.0	11.342058181762695	-1.0	7.242005348205566	-1.0	-1.0
53	1	0	3	11.0	11.0	10.446101188659668	10.285222053527832	14.0	14.0	12.666666666666666	14.0	14.0	7.219519138336182	8.101577758789062	8.466334342956543	9.823471069335938	9.488563537597656
54	1	0	4	11.0	11.0	10.446101188659668	10.285222053527832	-1.0	12.0	-1.0	13.333333333333334	-1.0	-1.0	5.943912506103516	-1.0	6.55608606338501	-1.0
55	1	1	0	12.0	11.0	5.943912506103516	10.446101188659668	17.333333333333332	inf	-1.0	inf	13.666666666666666	15.16076946258545	inf	-1.0	inf	8.786173820495605
56	1	1	1	12.0	11.0	5.943912506103516	10.446101188659668	11.666666666666666	inf	inf	inf	inf	6.410274028778076	inf	inf	inf	inf
57	1	1	2	12.0	11.0	5.943912506103516	10.446101188659668	7.0	14.0	10.333333333333334	-1.0	14.0	17.04776382446289	8.717857360839844	12.376144409179688	-1.0	8.308263778686523
58	1	1	3	12.0	11.0	5.943912506103516	10.446101188659668	10.333333333333334	inf	14.0	10.333333333333334	-1.0	13.724379539489746	inf	8.380509376525879	13.130463600158691	-1.0
59	1	1	4	12.0	11.0	5.943912506103516	10.446101188659668	-1.0	11.333333333333334	14.0	-1.0	14.0	-1.0	7.1997175216674805	6.854896068572998	-1.0	7.408536434173584
60	1	2	0	11.333333333333334	11.0	7.1997175216674805	10.446101188659668	-1.0	14.0	inf	-1.0	14.0	-1.0	9.64183521270752	inf	-1.0	9.653836250305176
61	1	2	1	11.333333333333334	11.0	7.1997175216674805	10.446101188659668	inf	-1.0	inf	inf	inf	inf	-1.0	inf	inf	inf
62	1	2	2	11.333333333333334	11.0	7.1997175216674805	10.446101188659668	-1.0	14.0	12.0	-1.0	9.0	-1.0	8.019287109375	9.047348976135254	-1.0	7.386674880981445
63	1	2	3	11.333333333333334	11.0	7.1997175216674805	10.446101188659668	-1.0	7.0	12.0	inf	27.666666666666668	-1.0	17.04776382446289	7.2370710372924805	inf	42.08415603637695
64	1	2	4	11.333333333333334	11.0	7.1997175216674805	10.446101188659668	13.666666666666666	13.666666666666666	13.666666666666666	11.666666666666666	inf	6.406540393829346	8.777292251586914	5.669670581817627	10.794262886047363	inf
65	1	3	0	11.0	11.333333333333334	10.446101188659668	7.1997175216674805	inf	inf	16.0	inf	inf	inf	inf	11.262206077575684	inf	inf
66	1	3	1	11.0	11.333333333333334	10.446101188659668	7.1997175216674805	inf	inf	inf	inf	39.666666666666664	inf	inf	inf	inf	17.33795166015625
67	1	3	2	11.0	11.333333333333334	10.446101188659668	7.1997175216674805	-1.0	12.0	-1.0	11.333333333333334	14.0	-1.0	5.974727630615234	-1.0	9.41402816772461	9.959996223449707
68	1	3	3	11.0	11.333333333333334	10.446101188659668	7.1997175216674805	inf	inf	inf	inf	7.666666666666667	inf	inf	inf	inf	11.624892234802246
69	1	3	4	11.0	11.333333333333334	10.446101188659668	7.1997175216674805	9.0	14.0	14.0	-1.0	7.666666666666667	15.44814395904541	6.84690523147583	9.680988311767578	-1.0	16.589784622192383
70	1	4	0	9.0	7.666666666666667	15.44814395904541	16.589784622192383	inf	14.0	inf	13.333333333333334	-1.0	inf	9.959996223449707	inf	10.056977272033691	-1.0
71	1	4	1	9.0	7.666666666666667	15.44814395904541	16.589784622192383	inf	inf	24.333333333333332	inf	inf	inf	inf	53.36569595336914	inf	inf
72	1	4	2	9.0	7.666666666666667	15.44814395904541	16.589784622192383	11.333333333333334	10.0	14.0	14.0	7.666666666666667	5.190779209136963	5.5145416259765625	10.65327262878418	10.282794952392578	15.731098175048828
73	1	4	3	9.0	7.666666666666667	15.44814395904541	16.589784622192383	-1.0	12.0	-1.0	-1.0	-1.0	-1.0	7.549102783203125	-1.0	-1.0	-1.0
74	1	4	4	9.0	7.666666666666667	15.44814395904541	16.589784622192383	13.0	-1.0	inf	inf	inf	6.195838451385498	-1.0	inf	inf	inf
75	1	5	0	7.666666666666667	9.0	16.589784622192383	15.44814395904541	inf	inf	inf	inf	inf	inf	inf	inf	inf	inf
76	1	5	1	7.666666666666667	9.0	16.589784622192383	15.44814395904541	inf	inf	inf	inf	inf	inf	inf	inf	inf	inf
77	1	5	2	7.666666666666667	9.0	16.589784622192383	15.44814395904541	inf	14.0	inf	14.0	inf	inf	8.805006980895996	inf	10.55937385559082	inf
78	1	5	3	7.666666666666667	9.0	16.589784622192383	15.44814395904541	14.0	12.0	-1.0	-1.0	14.0	10.11883544921875	11.04607105255127	-1.0	-1.0	9.959996223449707
79	1	5	4	7.666666666666667	9.0	16.589784622192383	15.44814395904541	inf	9.333333333333334				inf	5.774575710296631			
80	1	6	0	9.333333333333334	7.666666666666667	5.774575710296631	16.589784622192383	inf	-1.0	inf	14.0	inf	inf	-1.0	inf	9.927311897277832	inf
81	1	6	1	9.333333333333334	7.666666666666667	5.774575710296631	16.589784622192383	inf	inf	inf	inf	28.666666666666668	inf	inf	inf	inf	17.66888427734375
82	1	6	2	9.333333333333334	7.666666666666667	5.774575710296631	16.589784622192383	14.0	9.666666666666666	13.333333333333334	-1.0	12.666666666666666	9.977507591247559	12.331512451171875	8.691001892089844	-1.0	7.3859477043151855
83	1	6	3	9.333333333333334	7.666666666666667	5.774575710296631	16.589784622192383	12.0	-1.0	14.0	-1.0	-1.0	6.9534406661987305	-1.0	10.069212913513184	-1.0	-1.0
84	1	6	4	9.333333333333334	7.666666666666667	5.774575710296631	16.589784622192383	inf	12.0	14.0	11.333333333333334	13.333333333333334	inf	10.91552448272705	10.406033515930176	5.60575532913208	8.691001892089844
85	1	7	0	11.0	11.0	10.285222053527832	10.446101188659668	inf	11.333333333333334	-1.0	inf	-1.0	inf	7.664368152618408	-1.0	inf	-1.0
86	1	7	1	11.0	11.0	10.285222053527832	10.446101188659668	-1.0	inf	inf	inf	inf	-1.0	inf	inf	inf	inf
87	1	7	2	11.0	11.0	10.285222053527832	10.446101188659668	-1.0	14.0	-1.0	8.333333333333334	14.0	-1.0	8.698399543762207	-1.0	14.68178939819336	8.917972564697266
88	1	7	3	11.0	11.0	10.285222053527832	10.446101188659668	-1.0	11.333333333333334	-1.0	-1.0	11.0	-1.0	7.079132556915283	-1.0	-1.0	13.154407501220703
89	1	7	4	11.0	11.0	10.285222053527832	10.446101188659668	inf	-1.0	-1.0	-1.0	-1.0	inf	-1.0	-1.0	-1.0	-1.0
90	1	8	0	9.0	7.666666666666667	15.44814395904541	16.589784622192383	inf	12.333333333333334	inf	-1.0	inf	inf	9.779582023620605	inf	-1.0	inf
91	1	8	1	9.0	7.666666666666667	15.44814395904541	16.589784622192383	inf	inf	inf	inf	inf	inf	inf	inf	inf	inf
92	1	8	2	9.0	7.666666666666667	15.44814395904541	16.589784622192383	10.666666666666666	-1.0	9.333333333333334	11.333333333333334	-1.0	8.051968574523926	-1.0	7.447535037994385	7.92036247253418	-1.0
93	1	8	3	9.0	7.666666666666667	15.44814395904541	16.589784622192383	inf	11.333333333333334	14.0	-1.0	-1.0	inf	7.421728610992432	9.646656036376953	-1.0	-1.0
94	1	8	4	9.0	7.666666666666667	15.44814395904541	16.589784622192383	12.0	12.0	-1.0	12.666666666666666	14.0	11.104154586791992	7.2370710372924805	-1.0	9.558884620666504	9.835932731628418
95	1	9	0	9.0	7.666666666666667	15.44814395904541	16.589784622192383	inf	inf	inf	inf	14.0	inf	inf	inf	inf	11.827900886535645
96	1	9	1	9.0	7.666666666666667	15.44814395904541	16.589784622192383	-1.0	-1.0	inf	inf	inf	-1.0	-1.0	inf	inf	inf
97	1	9	2	9.0	7.666666666666667	15.44814395904541	16.589784622192383	-1.0	-1.0	12.0	-1.0	-1.0	-1.0	-1.0	8.470358848571777	-1.0	-1.0
98	1	9	3	9.0	7.666666666666667	15.44814395904541	16.589784622192383	-1.0	11.0	11.333333333333334	8.333333333333334	-1.0	-1.0	11.854265213012695	7.662587642669678	14.474128723144531	-1.0
99	1	9	4	9.0	7.666666666666667	15.44814395904541	16.589784622192383	9.0	-1.0	-1.0	inf	14.0	15.435859680175781	-1.0	-1.0	inf	9.959996223449707
100	2	0	0	7.0	7.0	17.04776382446289	17.04776382446289	13.666666666666666	inf	14.333333333333334	12.666666666666666	14.333333333333334	14.016014099121094	inf	14.476241111755371	20.26356315612793	14.223938941955566
101	2	0	1	7.0	7.0	17.04776382446289	17.04776382446289	inf	inf	inf	inf	inf	inf	inf	inf	inf	inf
102	2	0	2	7.0	7.0	17.04776382446289	17.04776382446289	inf	inf	inf	inf	inf	inf	inf	inf	inf	inf
103	2	0	3	7.0	7.0	17.04776382446289	17.04776382446289	7.333333333333333	-1.0	7.0	inf	inf	16.521366119384766	-1.0	15.770370483398438	inf	inf
104	2	0	4	7.0	7.0	17.04776382446289	17.04776382446289	-1.0	7.0	7.666666666666667	-1.0	-1.0	-1.0	15.6055326461792	15.881214141845703	-1.0	-1.0
105	2	1	0	7.0	7.666666666666667	15.6055326461792	15.881214141845703	inf	7.666666666666667	inf	inf	inf	inf	15.772397994995117	inf	inf	inf
106	2	1	1	7.0	7.666666666666667	15.6055326461792	15.881214141845703	inf	inf	inf	inf	-1.0	inf	inf	inf	inf	-1.0
107	2	1	2	7.0	7.666666666666667	15.6055326461792	15.881214141845703	inf	inf	inf	inf	inf	inf	inf	inf	inf	inf
108	2	1	3	7.0	7.666666666666667	15.6055326461792	15.881214141845703	7.666666666666667	7.666666666666667	7.666666666666667	inf	-1.0	14.65818977355957	16.455352783203125	14.329444885253906	inf	-1.0
109	2	1	4	7.0	7.666666666666667	15.6055326461792	15.881214141845703	inf	inf	inf	inf	inf	inf	inf	inf	inf	inf
110	2	2	0	7.0	7.0	17.04776382446289	15.6055326461792	inf	7.666666666666667	inf	inf	inf	inf	15.70483684539795	inf	inf	inf
111	2	2	1	7.0	7.0	17.04776382446289	15.6055326461792	inf	7.333333333333333	inf	inf	7.333333333333333	inf	16.82171630859375	inf	inf	16.34885025024414
112	2	2	2	7.0	7.0	17.04776382446289	15.6055326461792	inf	inf	inf	inf	inf	inf	inf	inf	inf	inf
113	2	2	3	7.0	7.0	17.04776382446289	15.6055326461792	inf	inf	inf	inf	inf	inf	inf	inf	inf	inf
114	2	2	4	7.0	7.0	17.04776382446289	15.6055326461792	inf	inf	inf	inf	inf	inf	inf	inf	inf	inf
115	2	3	0	7.0	7.0	17.04776382446289	15.6055326461792	inf	inf	inf	inf	inf	inf	inf	inf	inf	inf
116	2	3	1	7.0	7.0	17.04776382446289	15.6055326461792	inf	inf	inf	inf	inf	inf	inf	inf	inf	inf
117	2	3	2	7.0	7.0	17.04776382446289	15.6055326461792	inf	inf	inf	inf	inf	inf	inf	inf	inf	inf
118	2	3	3	7.0	7.0	17.04776382446289	15.6055326461792	inf	inf	inf	inf	inf	inf	inf	inf	inf	inf
119	2	3	4	7.0	7.0	17.04776382446289	15.6055326461792	inf	inf	inf	inf	inf	inf	inf	inf	inf	inf
120	2	4	0	7.0	7.666666666666667	17.04776382446289	15.881214141845703	inf	7.666666666666667	inf	inf	inf	inf	13.502140998840332	inf	inf	inf
121	2	4	1	7.0	7.666666666666667	17.04776382446289	15.881214141845703	inf	inf	inf	inf	inf	inf	inf	inf	inf	inf
122	2	4	2	7.0	7.666666666666667	17.04776382446289	15.881214141845703	inf	7.666666666666667	-1.0	7.666666666666667	-1.0	inf	15.458767890930176	-1.0	15.984902381896973	-1.0
123	2	4	3	7.0	7.666666666666667	17.04776382446289	15.881214141845703	inf	inf	inf	inf	inf	inf	inf	inf	inf	inf
124	2	4	4	7.0	7.666666666666667	17.04776382446289	15.881214141845703	inf	inf	inf	inf	inf	inf	inf	inf	inf	inf
125	2	5	0	7.0	7.0	17.04776382446289	15.6055326461792	19.333333333333332	inf	inf	inf	inf	9.18236255645752	inf	inf	inf	inf
126	2	5	1	7.0	7.0	17.04776382446289	15.6055326461792	inf	inf	inf	inf	inf	inf	inf	inf	inf	inf
127	2	5	2	7.0	7.0	17.04776382446289	15.6055326461792	7.666666666666667	7.666666666666667	7.666666666666667	-1.0	7.0	14.86783504486084	14.329444885253906	15.520907402038574	-1.0	13.713479995727539
128	2	5	3	7.0	7.0	17.04776382446289	15.6055326461792	inf	inf	inf	inf	inf	inf	inf	inf	inf	inf
129	2	5	4	7.0	7.0	17.04776382446289	15.6055326461792	inf	inf	inf	inf	inf	inf	inf	inf	inf	inf
130	2	6	0	7.0	7.0	17.04776382446289	15.6055326461792	13.0	14.333333333333334	-1.0	-1.0	inf	14.237781524658203	16.585668563842773	-1.0	-1.0	inf
131	2	6	1	7.0	7.0	17.04776382446289	15.6055326461792	inf	inf	inf	inf	inf	inf	inf	inf	inf	inf
132	2	6	2	7.0	7.0	17.04776382446289	15.6055326461792	-1.0	7.666666666666667	-1.0	7.333333333333333	-1.0	-1.0	15.518685340881348	-1.0	15.501975059509277	-1.0
133	2	6	3	7.0	7.0	17.04776382446289	15.6055326461792	inf	inf	inf	inf	inf	inf	inf	inf	inf	inf
134	2	6	4	7.0	7.0	17.04776382446289	15.6055326461792	inf	9.0	inf	inf	8.333333333333334	inf	15.388785362243652	inf	inf	12.117729187011719
135	2	7	0	7.666666666666667	7.0	15.881214141845703	17.04776382446289	inf	inf	inf	inf	inf	inf	inf	inf	inf	inf
136	2	7	1	7.666666666666667	7.0	15.881214141845703	17.04776382446289	inf	inf	inf	inf	inf	inf	inf	inf	inf	inf
137	2	7	2	7.666666666666667	7.0	15.881214141845703	17.04776382446289	7.666666666666667	-1.0	7.666666666666667	-1.0	-1.0	14.65818977355957	-1.0	15.21318244934082	-1.0	-1.0
138	2	7	3	7.666666666666667	7.0	15.881214141845703	17.04776382446289	inf	inf	inf	inf	inf	inf	inf	inf	inf	inf
139	2	7	4	7.666666666666667	7.0	15.881214141845703	17.04776382446289	inf	inf	inf	inf	inf	inf	inf	inf	inf	inf
140	2	8	0	7.0	7.0	15.6055326461792	17.04776382446289	8.333333333333334	inf	inf	-1.0	inf	14.289712905883789	inf	inf	-1.0	inf
141	2	8	1	7.0	7.0	15.6055326461792	17.04776382446289	inf	inf	inf	inf	inf	inf	inf	inf	inf	inf
142	2	8	2	7.0	7.0	15.6055326461792	17.04776382446289	-1.0	inf	inf	inf	-1.0	-1.0	inf	inf	inf	-1.0
143	2	8	3	7.0	7.0	15.6055326461792	17.04776382446289	inf	inf	inf	inf	inf	inf	inf	inf	inf	inf
144	2	8	4	7.0	7.0	15.6055326461792	17.04776382446289	inf	inf	inf	inf	inf	inf	inf	inf	inf	inf
145	2	9	0	7.666666666666667	7.0	15.881214141845703	17.04776382446289	7.666666666666667	-1.0	inf	inf	7.333333333333333	14.65773868560791	-1.0	inf	inf	14.674038887023926
146	2	9	1	7.666666666666667	7.0	15.881214141845703	17.04776382446289	inf	inf	inf	inf	inf	inf	inf	inf	inf	inf
147	2	9	2	7.666666666666667	7.0	15.881214141845703	17.04776382446289	inf	inf	inf	inf	inf	inf	inf	inf	inf	inf
148	2	9	3	7.666666666666667	7.0	15.881214141845703	17.04776382446289	inf	inf	inf	inf	inf	inf	inf	inf	inf	inf
149	2	9	4	7.666666666666667	7.0	15.881214141845703	17.04776382446289	inf	9.0	inf	inf	-1.0	inf	13.31450366973877	inf	inf	-1.0
