	reset_island_iter	improve_iter	island	program_1_hamming_score	program_2_hamming_score	program_1_neural_score	program_2_neural_score	output_program_1_hamming_score	output_program_2_hamming_score	output_program_3_hamming_score	output_program_4_hamming_score	output_program_5_hamming_score	output_program_1_neural_score	output_program_2_neural_score	output_program_3_neural_score	output_program_4_neural_score	output_program_5_neural_score
0	0	0	0	4.75	4.5	2.8562471866607666	2.8617520332336426	inf	inf	4.0	inf	inf	inf	inf	2.5988876819610596	inf	inf
1	0	0	1	4.75	4.5	2.8562471866607666	2.8617520332336426	10.75	5.0	5.25	4.75	inf	79.48126220703125	3.0157761573791504	2.940897226333618	3.6375038623809814	inf
2	0	0	2	4.75	4.5	2.8562471866607666	2.8617520332336426	4.75	5.25	4.5	5.5	-1.0	2.931291103363037	3.702228307723999	2.8617520332336426	3.1918227672576904	-1.0
3	0	0	3	4.75	4.5	2.8562471866607666	2.8617520332336426	inf	4.5	inf	inf	inf	inf	2.8617520332336426	inf	inf	inf
4	0	0	4	4.75	4.5	2.8562471866607666	2.8617520332336426	inf	inf	8.0	inf	-1.0	inf	inf	10.006086349487305	inf	-1.0
5	0	1	0	4.5	4.75	2.8617520332336426	2.8562471866607666	6.5	-1.0	inf	inf	4.5	3.1548032760620117	-1.0	inf	inf	2.8617520332336426
6	0	1	1	4.5	4.75	2.8617520332336426	2.8562471866607666	-1.0	-1.0	-1.0	-1.0	-1.0	-1.0	-1.0	-1.0	-1.0	-1.0
7	0	1	2	4.5	4.75	2.8617520332336426	2.8562471866607666	inf	5.75	inf	5.5	inf	inf	3.4524242877960205	inf	4.069634437561035	inf
8	0	1	3	4.5	4.75	2.8617520332336426	2.8562471866607666	inf	6.25	-1.0	5.5	inf	inf	5.259878635406494	-1.0	5.839524745941162	inf
9	0	1	4	4.5	4.75	2.8617520332336426	2.8562471866607666	inf	inf	-1.0	inf	inf	inf	inf	-1.0	inf	inf
10	0	2	0	4.75	4.5	2.8562471866607666	2.8617520332336426	inf	-1.0	6.5	-1.0	4.5	inf	-1.0	3.0114974975585938	-1.0	3.1855437755584717
11	0	2	1	4.75	4.5	2.8562471866607666	2.8617520332336426	inf	-1.0	inf	inf	inf	inf	-1.0	inf	inf	inf
12	0	2	2	4.75	4.5	2.8562471866607666	2.8617520332336426	inf					inf				
13	0	2	3	4.75	4.5	2.8562471866607666	2.8617520332336426	inf	-1.0	inf	6.0	inf	inf	-1.0	inf	4.298614978790283	inf
14	0	2	4	4.75	4.5	2.8562471866607666	2.8617520332336426	inf	-1.0	inf	-1.0	-1.0	inf	-1.0	inf	-1.0	-1.0
15	0	3	0	4.75	4.5	2.8562471866607666	2.8617520332336426	inf	inf	inf	inf	-1.0	inf	inf	inf	inf	-1.0
16	0	3	1	4.75	4.5	2.8562471866607666	2.8617520332336426	inf	inf	-1.0	inf	inf	inf	inf	-1.0	inf	inf
17	0	3	2	4.75	4.5	2.8562471866607666	2.8617520332336426	inf	inf	inf	inf	inf	inf	inf	inf	inf	inf
18	0	3	3	4.75	4.5	2.8562471866607666	2.8617520332336426	5.0	5.75	inf	inf	inf	4.718812465667725	5.276288986206055	inf	inf	inf
19	0	3	4	4.75	4.5	2.8562471866607666	2.8617520332336426	-1.0	-1.0	-1.0	-1.0	-1.0	-1.0	-1.0	-1.0	-1.0	-1.0
20	0	4	0	4.75	4.5	2.8562471866607666	2.8617520332336426	0.0					0.0				
