	reset_island_iter	improve_iter	island	program_1_hamming_score	program_2_hamming_score	program_1_neural_score	program_2_neural_score	output_program_1_hamming_score	output_program_2_hamming_score	output_program_3_hamming_score	output_program_4_hamming_score	output_program_5_hamming_score	output_program_1_neural_score	output_program_2_neural_score	output_program_3_neural_score	output_program_4_neural_score	output_program_5_neural_score
0	0	0	0	70.33333333333333	21.333333333333332	10.824121475219727	10.802630424499512	11.666666666666666	inf	14.0	19.333333333333332	15.333333333333334	15.83181095123291	inf	13.395723342895508	11.909748077392578	11.034042358398438
1	0	0	1	70.33333333333333	21.333333333333332	10.824121475219727	10.802630424499512	9.666666666666666	14.333333333333334	-1.0	-1.0	9.666666666666666	10.157306671142578	8.745344161987305	-1.0	-1.0	5.615628719329834
2	0	0	2	70.33333333333333	21.333333333333332	10.824121475219727	10.802630424499512	inf	inf	18.0	190.0	inf	inf	inf	11.157575607299805	48.91244888305664	inf
3	0	0	3	70.33333333333333	21.333333333333332	10.824121475219727	10.802630424499512	inf	inf	15.333333333333334	242.0	41.666666666666664	inf	inf	11.034042358398438	13.135294914245605	11.478333473205566
4	0	0	4	70.33333333333333	21.333333333333332	10.824121475219727	10.802630424499512	12.666666666666666	14.333333333333334	-1.0	11.0	-1.0	7.756610870361328	10.866676330566406	-1.0	7.460219383239746	-1.0
5	0	1	0	11.0	12.666666666666666	7.460219383239746	7.756610870361328	22.333333333333332	22.333333333333332	19.0	21.333333333333332	15.333333333333334	14.427335739135742	13.417552947998047	12.143583297729492	13.122115135192871	14.506951332092285
6	0	1	1	11.0	12.666666666666666	7.460219383239746	7.756610870361328	13.666666666666666	14.666666666666666	15.0	14.666666666666666	-1.0	12.898951530456543	14.106389045715332	11.273642539978027	13.64832878112793	-1.0
7	0	1	2	11.0	12.666666666666666	7.460219383239746	7.756610870361328	inf	inf	inf	inf	inf	inf	inf	inf	inf	inf
8	0	1	3	11.0	12.666666666666666	7.460219383239746	7.756610870361328	inf	inf	inf	inf	inf	inf	inf	inf	inf	inf
9	0	1	4	11.0	12.666666666666666	7.460219383239746	7.756610870361328	9.0	inf	19.333333333333332	14.0	inf	9.142533302307129	inf	9.250133514404297	7.788954734802246	inf
10	0	2	0	12.666666666666666	11.0	7.756610870361328	7.460219383239746	-1.0	28.666666666666668	28.666666666666668	28.0	inf	-1.0	15.378705024719238	10.512434005737305	9.233390808105469	inf
11	0	2	1	12.666666666666666	11.0	7.756610870361328	7.460219383239746	inf	inf	11.333333333333334	-1.0	8.0	inf	inf	4.881925106048584	-1.0	7.522215843200684
12	0	2	2	12.666666666666666	11.0	7.756610870361328	7.460219383239746	11.0	11.333333333333334	15.333333333333334	10.0	15.333333333333334	14.192936897277832	13.487811088562012	11.034042358398438	7.657526016235352	5.687288284301758
13	0	2	3	12.666666666666666	11.0	7.756610870361328	7.460219383239746	inf	inf	inf	inf	inf	inf	inf	inf	inf	inf
14	0	2	4	12.666666666666666	11.0	7.756610870361328	7.460219383239746	15.333333333333334	15.333333333333334	15.333333333333334	15.333333333333334	inf	12.374797821044922	12.65823745727539	10.236124038696289	11.613568305969238	inf
15	0	3	0	9.0	15.333333333333334	9.142533302307129	10.236124038696289	29.666666666666668	29.0	22.333333333333332	inf	31.333333333333332	15.080033302307129	18.977853775024414	17.905427932739258	inf	9.20164966583252
16	0	3	1	9.0	15.333333333333334	9.142533302307129	10.236124038696289	8.666666666666666	-1.0	-1.0	-1.0	-1.0	3.7240102291107178	-1.0	-1.0	-1.0	-1.0
17	0	3	2	9.0	15.333333333333334	9.142533302307129	10.236124038696289	-1.0	11.333333333333334	inf	inf	inf	-1.0	10.921564102172852	inf	inf	inf
18	0	3	3	9.0	15.333333333333334	9.142533302307129	10.236124038696289	inf	inf	inf	inf	inf	inf	inf	inf	inf	inf
19	0	3	4	9.0	15.333333333333334	9.142533302307129	10.236124038696289	inf	14.666666666666666	11.0	15.666666666666666	7.666666666666667	inf	13.499415397644043	13.658079147338867	11.300332069396973	19.476682662963867
20	0	4	0	11.0	9.0	7.460219383239746	9.142533302307129	11.0	11.333333333333334	13.0	20.333333333333332	15.333333333333334	12.326884269714355	11.26175308227539	10.96725845336914	17.918087005615234	12.186119079589844
21	0	4	1	11.0	9.0	7.460219383239746	9.142533302307129	-1.0	9.666666666666666	-1.0	-1.0	-1.0	-1.0	5.535612106323242	-1.0	-1.0	-1.0
22	0	4	2	11.0	9.0	7.460219383239746	9.142533302307129	inf	inf	inf	inf	inf	inf	inf	inf	inf	inf
23	0	4	3	11.0	9.0	7.460219383239746	9.142533302307129	inf	inf	inf	inf	13.0	inf	inf	inf	inf	12.3326997756958
24	0	4	4	11.0	9.0	7.460219383239746	9.142533302307129	15.333333333333334	-1.0	-1.0	-1.0	-1.0	12.000263214111328	-1.0	-1.0	-1.0	-1.0
25	0	5	0	14.0	14.333333333333334	7.788954734802246	10.866676330566406	11.666666666666666	15.333333333333334	19.0	-1.0	15.333333333333334	14.582727432250977	14.639860153198242	11.388755798339844	-1.0	11.45440673828125
26	0	5	1	14.0	14.333333333333334	7.788954734802246	10.866676330566406	11.333333333333334	11.333333333333334	-1.0	-1.0	-1.0	12.91865348815918	8.12693977355957	-1.0	-1.0	-1.0
27	0	5	2	14.0	14.333333333333334	7.788954734802246	10.866676330566406	inf	inf	inf	inf	inf	inf	inf	inf	inf	inf
28	0	5	3	14.0	14.333333333333334	7.788954734802246	10.866676330566406	inf	14.666666666666666	inf	12.666666666666666	inf	inf	13.499415397644043	inf	12.755945205688477	inf
29	0	5	4	14.0	14.333333333333334	7.788954734802246	10.866676330566406	25.666666666666668	22.333333333333332	-1.0	25.333333333333332	-1.0	39.25752258300781	55.7760124206543	-1.0	41.32954788208008	-1.0
30	0	6	0	14.0	19.333333333333332	7.788954734802246	9.250133514404297	inf	15.333333333333334	inf	-1.0	-1.0	inf	15.770623207092285	inf	-1.0	-1.0
31	0	6	1	14.0	19.333333333333332	7.788954734802246	9.250133514404297	11.666666666666666	-1.0	-1.0	9.666666666666666	-1.0	10.84626579284668	-1.0	-1.0	3.5134804248809814	-1.0
32	0	6	2	14.0	19.333333333333332	7.788954734802246	9.250133514404297	inf	inf	inf	inf	inf	inf	inf	inf	inf	inf
33	0	6	3	14.0	19.333333333333332	7.788954734802246	9.250133514404297	inf	inf	13.0	-1.0	inf	inf	inf	11.69312858581543	-1.0	inf
34	0	6	4	14.0	19.333333333333332	7.788954734802246	9.250133514404297	12.0	13.333333333333334	-1.0	11.333333333333334	-1.0	7.250531196594238	7.297999858856201	-1.0	7.065037727355957	-1.0
35	0	7	0	12.0	11.333333333333334	7.250531196594238	7.065037727355957	inf	inf	15.333333333333334	inf	inf	inf	inf	11.028077125549316	inf	inf
36	0	7	1	12.0	11.333333333333334	7.250531196594238	7.065037727355957	-1.0	-1.0	16.333333333333332	-1.0	-1.0	-1.0	-1.0	9.498029708862305	-1.0	-1.0
37	0	7	2	12.0	11.333333333333334	7.250531196594238	7.065037727355957	inf	inf	inf	inf	inf	inf	inf	inf	inf	inf
38	0	7	3	12.0	11.333333333333334	7.250531196594238	7.065037727355957	inf	inf	inf	inf	inf	inf	inf	inf	inf	inf
39	0	7	4	12.0	11.333333333333334	7.250531196594238	7.065037727355957	15.333333333333334	15.333333333333334	15.333333333333334	inf	9.333333333333334	10.300185203552246	10.299674034118652	15.042281150817871	inf	17.113676071166992
40	0	8	0	12.666666666666666	12.0	7.756610870361328	7.250531196594238	-1.0	inf	inf	inf	14.333333333333334	-1.0	inf	inf	inf	11.092241287231445
41	0	8	1	12.666666666666666	12.0	7.756610870361328	7.250531196594238	15.333333333333334	-1.0	-1.0	-1.0	inf	11.034042358398438	-1.0	-1.0	-1.0	inf
42	0	8	2	12.666666666666666	12.0	7.756610870361328	7.250531196594238	inf	inf	inf	inf	inf	inf	inf	inf	inf	inf
43	0	8	3	12.666666666666666	12.0	7.756610870361328	7.250531196594238	inf	inf	inf	inf	inf	inf	inf	inf	inf	inf
44	0	8	4	12.666666666666666	12.0	7.756610870361328	7.250531196594238	15.333333333333334	inf	inf	-1.0	8.666666666666666	11.034042358398438	inf	inf	-1.0	7.945828437805176
45	0	9	0	11.333333333333334	12.0	7.065037727355957	7.250531196594238	inf	inf	inf	inf	inf	inf	inf	inf	inf	inf
46	0	9	1	11.333333333333334	12.0	7.065037727355957	7.250531196594238	14.666666666666666	29.0	21.0	-1.0	-1.0	8.865738868713379	34.080108642578125	10.47535228729248	-1.0	-1.0
47	0	9	2	11.333333333333334	12.0	7.065037727355957	7.250531196594238	inf	inf	inf	inf	inf	inf	inf	inf	inf	inf
48	0	9	3	11.333333333333334	12.0	7.065037727355957	7.250531196594238	inf	inf	inf	inf	inf	inf	inf	inf	inf	inf
49	0	9	4	11.333333333333334	12.0	7.065037727355957	7.250531196594238	inf	14.0	-1.0	-1.0	-1.0	inf	11.803844451904297	-1.0	-1.0	-1.0
50	1	0	0	11.0	13.333333333333334	7.460219383239746	7.297999858856201	15.0	14.0	13.0	-1.0	14.666666666666666	10.778013229370117	11.359124183654785	11.69312858581543	-1.0	11.641568183898926
51	1	0	1	11.0	13.333333333333334	7.460219383239746	7.297999858856201	9.666666666666666	11.0	11.666666666666666	inf	8.666666666666666	5.145847797393799	5.050168514251709	15.528037071228027	inf	3.7240102291107178
52	1	0	2	11.0	13.333333333333334	7.460219383239746	7.297999858856201	-1.0	-1.0	15.666666666666666	15.333333333333334	-1.0	-1.0	-1.0	8.515471458435059	11.034042358398438	-1.0
53	1	0	3	11.0	13.333333333333334	7.460219383239746	7.297999858856201	-1.0	12.666666666666666	14.666666666666666	12.0	12.666666666666666	-1.0	7.756610870361328	10.505203247070312	8.046578407287598	7.879805088043213
54	1	0	4	11.0	13.333333333333334	7.460219383239746	7.297999858856201	15.333333333333334	inf	15.333333333333334	-1.0	12.0	12.000263214111328	inf	9.880766868591309	-1.0	11.542281150817871
55	1	1	0	13.333333333333334	11.0	7.297999858856201	7.460219383239746	-1.0	-1.0	inf	13.333333333333334	-1.0	-1.0	-1.0	inf	11.766108512878418	-1.0
56	1	1	1	13.333333333333334	11.0	7.297999858856201	7.460219383239746	9.666666666666666	23.666666666666668	-1.0	-1.0	-1.0	5.615628719329834	14.877960205078125	-1.0	-1.0	-1.0
57	1	1	2	13.333333333333334	11.0	7.297999858856201	7.460219383239746	-1.0	9.666666666666666	-1.0	-1.0	13.0	-1.0	5.535612106323242	-1.0	-1.0	10.96725845336914
58	1	1	3	13.333333333333334	11.0	7.297999858856201	7.460219383239746	15.333333333333334	15.333333333333334	-1.0	15.333333333333334	13.333333333333334	9.809076309204102	10.453737258911133	-1.0	9.976847648620605	11.45792293548584
59	1	1	4	13.333333333333334	11.0	7.297999858856201	7.460219383239746	-1.0	15.0	-1.0	-1.0	-1.0	-1.0	12.186867713928223	-1.0	-1.0	-1.0
60	1	2	0	13.333333333333334	11.0	7.297999858856201	7.460219383239746	15.333333333333334	-1.0	inf	-1.0	15.333333333333334	11.034042358398438	-1.0	inf	-1.0	8.930830001831055
61	1	2	1	13.333333333333334	11.0	7.297999858856201	7.460219383239746	-1.0	15.666666666666666	-1.0	-1.0	-1.0	-1.0	8.515471458435059	-1.0	-1.0	-1.0
62	1	2	2	13.333333333333334	11.0	7.297999858856201	7.460219383239746	-1.0	13.333333333333334	9.333333333333334	9.666666666666666	17.333333333333332	-1.0	10.313977241516113	7.24036169052124	5.554311275482178	12.899543762207031
63	1	2	3	13.333333333333334	11.0	7.297999858856201	7.460219383239746	14.666666666666666	-1.0	10.666666666666666	-1.0	-1.0	11.277005195617676	-1.0	8.165952682495117	-1.0	-1.0
64	1	2	4	13.333333333333334	11.0	7.297999858856201	7.460219383239746	15.333333333333334	15.333333333333334	15.0	-1.0	40.333333333333336	9.94457721710205	9.976847648620605	11.022311210632324	-1.0	14.3841552734375
65	1	3	0	13.333333333333334	15.333333333333334	7.297999858856201	9.94457721710205	-1.0	inf	-1.0	inf	inf	-1.0	inf	-1.0	inf	inf
66	1	3	1	13.333333333333334	15.333333333333334	7.297999858856201	9.94457721710205	-1.0	inf	inf	inf	-1.0	-1.0	inf	inf	inf	-1.0
67	1	3	2	13.333333333333334	15.333333333333334	7.297999858856201	9.94457721710205	14.666666666666666	10.0	-1.0	9.0	inf	13.778995513916016	17.72871208190918	-1.0	18.675384521484375	inf
68	1	3	3	13.333333333333334	15.333333333333334	7.297999858856201	9.94457721710205	15.333333333333334	15.333333333333334	-1.0	27.0	-1.0	10.299674034118652	12.000263214111328	-1.0	25.540651321411133	-1.0
69	1	3	4	13.333333333333334	15.333333333333334	7.297999858856201	9.94457721710205	14.0	15.333333333333334	12.666666666666666	12.666666666666666	14.0	10.379103660583496	10.590898513793945	10.22057056427002	11.452641487121582	9.812341690063477
70	1	4	0	12.666666666666666	13.333333333333334	10.22057056427002	7.297999858856201	inf	inf	inf	inf	inf	inf	inf	inf	inf	inf
71	1	4	1	12.666666666666666	13.333333333333334	10.22057056427002	7.297999858856201	15.333333333333334	inf	14.666666666666666	inf	-1.0	11.034042358398438	inf	11.230318069458008	inf	-1.0
72	1	4	2	12.666666666666666	13.333333333333334	10.22057056427002	7.297999858856201	13.333333333333334	13.333333333333334	12.666666666666666	-1.0	-1.0	12.783889770507812	12.599898338317871	7.550136089324951	-1.0	-1.0
73	1	4	3	12.666666666666666	13.333333333333334	10.22057056427002	7.297999858856201	15.333333333333334	inf	15.333333333333334	14.666666666666666	15.333333333333334	10.222514152526855	inf	11.034042358398438	11.235320091247559	11.050604820251465
74	1	4	4	12.666666666666666	13.333333333333334	10.22057056427002	7.297999858856201	15.333333333333334	15.333333333333334	-1.0	-1.0	-1.0	11.767057418823242	10.620360374450684	-1.0	-1.0	-1.0
75	1	5	0	15.333333333333334	11.0	9.976847648620605	7.460219383239746	inf	inf	15.333333333333334	inf	inf	inf	inf	11.05850887298584	inf	inf
76	1	5	1	15.333333333333334	11.0	9.976847648620605	7.460219383239746	inf	inf	inf	inf	16.333333333333332	inf	inf	inf	inf	9.498029708862305
77	1	5	2	15.333333333333334	11.0	9.976847648620605	7.460219383239746	6.0	14.333333333333334	6.666666666666667	15.0	15.333333333333334	2.3020036220550537	12.193902015686035	2.4291322231292725	11.924065589904785	12.186119079589844
78	1	5	3	15.333333333333334	11.0	9.976847648620605	7.460219383239746	14.0	inf	14.0	15.333333333333334	15.333333333333334	9.182332038879395	inf	9.812341690063477	10.495126724243164	10.224918365478516
79	1	5	4	15.333333333333334	11.0	9.976847648620605	7.460219383239746	-1.0	13.333333333333334	15.333333333333334	15.333333333333334	13.666666666666666	-1.0	8.146080017089844	10.837530136108398	10.867456436157227	10.834482192993164
80	1	6	0	14.0	13.333333333333334	10.379103660583496	7.297999858856201	inf	inf	inf	inf	inf	inf	inf	inf	inf	inf
81	1	6	1	14.0	13.333333333333334	10.379103660583496	7.297999858856201	inf	inf	inf	inf	inf	inf	inf	inf	inf	inf
82	1	6	2	14.0	13.333333333333334	10.379103660583496	7.297999858856201	-1.0	-1.0	5.333333333333333	inf	-1.0	-1.0	-1.0	2.2237703800201416	inf	-1.0
83	1	6	3	14.0	13.333333333333334	10.379103660583496	7.297999858856201	-1.0	-1.0	15.333333333333334	-1.0	-1.0	-1.0	-1.0	9.648818016052246	-1.0	-1.0
84	1	6	4	14.0	13.333333333333334	10.379103660583496	7.297999858856201	15.333333333333334	-1.0	11.0	9.666666666666666	-1.0	9.539344787597656	-1.0	13.174897193908691	11.488737106323242	-1.0
85	1	7	0	11.0	12.0	7.460219383239746	11.542281150817871	inf	inf	inf	inf	inf	inf	inf	inf	inf	inf
86	1	7	1	11.0	12.0	7.460219383239746	11.542281150817871	-1.0	inf	inf	inf	inf	-1.0	inf	inf	inf	inf
87	1	7	2	11.0	12.0	7.460219383239746	11.542281150817871	7.333333333333333	7.333333333333333	-1.0	15.333333333333334	inf	2.3051059246063232	3.121729850769043	-1.0	12.091474533081055	inf
88	1	7	3	11.0	12.0	7.460219383239746	11.542281150817871	15.333333333333334	15.333333333333334	14.666666666666666	14.666666666666666	14.666666666666666	10.782612800598145	9.539344787597656	9.80785083770752	11.004799842834473	10.140893936157227
89	1	7	4	11.0	12.0	7.460219383239746	11.542281150817871	11.0	15.0	14.666666666666666	14.0	inf	15.063302993774414	11.366921424865723	12.169049263000488	10.148085594177246	inf
90	1	8	0	15.333333333333334	11.0	9.539344787597656	7.460219383239746	15.333333333333334	inf	-1.0	-1.0	inf	10.314571380615234	inf	-1.0	-1.0	inf
91	1	8	1	15.333333333333334	11.0	9.539344787597656	7.460219383239746	inf	inf	inf	inf	inf	inf	inf	inf	inf	inf
92	1	8	2	15.333333333333334	11.0	9.539344787597656	7.460219383239746	inf	inf	inf	inf	inf	inf	inf	inf	inf	inf
93	1	8	3	15.333333333333334	11.0	9.539344787597656	7.460219383239746	12.666666666666666	-1.0	-1.0	-1.0	15.0	9.130178451538086	-1.0	-1.0	-1.0	10.50221061706543
94	1	8	4	15.333333333333334	11.0	9.539344787597656	7.460219383239746	15.333333333333334	14.0	-1.0	-1.0	14.333333333333334	11.46422004699707	10.718992233276367	-1.0	-1.0	10.24152946472168
95	1	9	0	14.0	13.333333333333334	10.718992233276367	8.146080017089844	inf	inf	15.333333333333334	13.666666666666666	inf	inf	inf	12.186119079589844	11.324105262756348	inf
96	1	9	1	14.0	13.333333333333334	10.718992233276367	8.146080017089844	11.333333333333334	-1.0	-1.0	-1.0	12.0	7.065037727355957	-1.0	-1.0	-1.0	7.361532211303711
97	1	9	2	14.0	13.333333333333334	10.718992233276367	8.146080017089844	inf	inf	inf	inf	-1.0	inf	inf	inf	inf	-1.0
98	1	9	3	14.0	13.333333333333334	10.718992233276367	8.146080017089844	-1.0	-1.0	15.333333333333334	15.333333333333334	15.333333333333334	-1.0	-1.0	9.94457721710205	11.119266510009766	10.522350311279297
99	1	9	4	14.0	13.333333333333334	10.718992233276367	8.146080017089844	15.333333333333334	12.0	15.333333333333334	15.333333333333334	-1.0	9.853959083557129	11.71624755859375	10.55821704864502	9.912036895751953	-1.0
100	2	0	0	10.0	9.666666666666666	3.608903169631958	3.6340928077697754	-1.0	8.666666666666666	12.0	9.0	8.0	-1.0	3.731762170791626	10.377284049987793	2.991664171218872	3.6892282962799072
101	2	0	1	10.0	9.666666666666666	3.608903169631958	3.6340928077697754	13.333333333333334	14.333333333333334	-1.0	-1.0	17.666666666666668	7.743866443634033	8.558270454406738	-1.0	-1.0	9.110281944274902
102	2	0	2	10.0	9.666666666666666	3.608903169631958	3.6340928077697754	13.0	13.0	15.0	inf	13.333333333333334	6.6750898361206055	6.236369609832764	9.509429931640625	inf	7.290510654449463
103	2	0	3	10.0	9.666666666666666	3.608903169631958	3.6340928077697754	9.666666666666666	11.0	inf	-1.0	-1.0	4.224237442016602	4.896029949188232	inf	-1.0	-1.0
104	2	0	4	10.0	9.666666666666666	3.608903169631958	3.6340928077697754	13.0	9.333333333333334	-1.0	12.0	-1.0	6.187257766723633	9.402018547058105	-1.0	7.137153625488281	-1.0
105	2	1	0	9.666666666666666	10.0	3.6340928077697754	3.608903169631958	-1.0	-1.0	-1.0	13.0	-1.0	-1.0	-1.0	-1.0	13.32945442199707	-1.0
106	2	1	1	9.666666666666666	10.0	3.6340928077697754	3.608903169631958	12.666666666666666	13.333333333333334	12.0	12.333333333333334	-1.0	7.785674571990967	5.153690338134766	6.786877155303955	6.420485973358154	-1.0
107	2	1	2	9.666666666666666	10.0	3.6340928077697754	3.608903169631958	inf	12.333333333333334	inf	12.333333333333334	-1.0	inf	6.798360824584961	inf	6.496487617492676	-1.0
108	2	1	3	9.666666666666666	10.0	3.6340928077697754	3.608903169631958	inf	inf	inf	inf	inf	inf	inf	inf	inf	inf
109	2	1	4	9.666666666666666	10.0	3.6340928077697754	3.608903169631958	12.333333333333334	9.333333333333334	-1.0	12.333333333333334	inf	6.235559940338135	9.209029197692871	-1.0	6.496487617492676	inf
110	2	2	0	10.0	9.666666666666666	3.608903169631958	3.6340928077697754	13.333333333333334	13.333333333333334	11.0	-1.0	12.0	13.34328842163086	10.68077278137207	9.750863075256348	-1.0	12.242911338806152
111	2	2	1	10.0	9.666666666666666	3.608903169631958	3.6340928077697754	13.333333333333334	-1.0	-1.0	-1.0	-1.0	5.537930965423584	-1.0	-1.0	-1.0	-1.0
112	2	2	2	10.0	9.666666666666666	3.608903169631958	3.6340928077697754	inf	10.0	inf	-1.0	inf	inf	4.036413192749023	inf	-1.0	inf
113	2	2	3	10.0	9.666666666666666	3.608903169631958	3.6340928077697754	inf	9.333333333333334	12.0	10.333333333333334	inf	inf	3.201220989227295	7.4027605056762695	4.066749095916748	inf
114	2	2	4	10.0	9.666666666666666	3.608903169631958	3.6340928077697754	-1.0	12.666666666666666	inf	11.666666666666666	inf	-1.0	7.435024738311768	inf	6.603055953979492	inf
115	2	3	0	9.666666666666666	13.0	3.6340928077697754	6.187257766723633	-1.0	-1.0	inf	inf	13.333333333333334	-1.0	-1.0	inf	inf	12.126422882080078
116	2	3	1	9.666666666666666	13.0	3.6340928077697754	6.187257766723633	13.0	12.666666666666666	13.333333333333334	10.0	12.0	8.981666564941406	4.863059997558594	5.433197975158691	3.1428463459014893	3.874242067337036
117	2	3	2	9.666666666666666	13.0	3.6340928077697754	6.187257766723633	-1.0	inf	-1.0	inf	12.666666666666666	-1.0	inf	-1.0	inf	6.9035964012146
118	2	3	3	9.666666666666666	13.0	3.6340928077697754	6.187257766723633	-1.0	-1.0	inf	-1.0	-1.0	-1.0	-1.0	inf	-1.0	-1.0
119	2	3	4	9.666666666666666	13.0	3.6340928077697754	6.187257766723633	13.0	-1.0	11.666666666666666	13.0	-1.0	6.636092662811279	-1.0	6.318023204803467	6.728198051452637	-1.0
120	2	4	0	9.666666666666666	11.666666666666666	3.6340928077697754	6.603055953979492	-1.0	17.0	12.0	inf	inf	-1.0	17.483386993408203	12.479460716247559	inf	inf
121	2	4	1	9.666666666666666	11.666666666666666	3.6340928077697754	6.603055953979492	13.333333333333334	12.666666666666666	inf	-1.0	13.333333333333334	4.632861614227295	5.55906867980957	inf	-1.0	7.226255416870117
122	2	4	2	9.666666666666666	11.666666666666666	3.6340928077697754	6.603055953979492	inf	inf	inf	inf	inf	inf	inf	inf	inf	inf
123	2	4	3	9.666666666666666	11.666666666666666	3.6340928077697754	6.603055953979492	inf	inf	inf	23.333333333333332	22.333333333333332	inf	inf	inf	36.603878021240234	29.10948944091797
124	2	4	4	9.666666666666666	11.666666666666666	3.6340928077697754	6.603055953979492	13.333333333333334	12.333333333333334	12.333333333333334	13.333333333333334	14.0	9.24538516998291	8.065733909606934	7.269109725952148	7.9166178703308105	11.232095718383789
125	2	5	0	10.0	9.666666666666666	3.608903169631958	3.6340928077697754	inf	inf	inf	17.333333333333332	14.333333333333334	inf	inf	inf	16.895580291748047	11.470366477966309
126	2	5	1	10.0	9.666666666666666	3.608903169631958	3.6340928077697754	13.333333333333334	13.333333333333334	13.333333333333334	-1.0	13.333333333333334	6.481812000274658	6.249267578125	6.303366661071777	-1.0	8.33598804473877
127	2	5	2	10.0	9.666666666666666	3.608903169631958	3.6340928077697754	inf	13.0	14.333333333333334	13.333333333333334	inf	inf	6.654697895050049	9.582795143127441	8.713983535766602	inf
128	2	5	3	10.0	9.666666666666666	3.608903169631958	3.6340928077697754	inf	inf	inf	inf	inf	inf	inf	inf	inf	inf
129	2	5	4	10.0	9.666666666666666	3.608903169631958	3.6340928077697754	-1.0	-1.0	13.0	11.666666666666666	13.0	-1.0	-1.0	6.728201389312744	6.4772515296936035	6.236369609832764
130	2	6	0	11.666666666666666	9.666666666666666	6.4772515296936035	3.6340928077697754	17.333333333333332	-1.0	13.333333333333334	-1.0	-1.0	16.716602325439453	-1.0	7.298000335693359	-1.0	-1.0
131	2	6	1	11.666666666666666	9.666666666666666	6.4772515296936035	3.6340928077697754	10.0	13.333333333333334	-1.0	-1.0	-1.0	3.4081082344055176	4.202579021453857	-1.0	-1.0	-1.0
132	2	6	2	11.666666666666666	9.666666666666666	6.4772515296936035	3.6340928077697754	inf	-1.0	11.666666666666666	inf	-1.0	inf	-1.0	6.603055953979492	inf	-1.0
133	2	6	3	11.666666666666666	9.666666666666666	6.4772515296936035	3.6340928077697754	inf	inf	8.666666666666666	inf	inf	inf	inf	3.724010467529297	inf	inf
134	2	6	4	11.666666666666666	9.666666666666666	6.4772515296936035	3.6340928077697754	8.0	-1.0	9.666666666666666	-1.0	-1.0	4.322569370269775	-1.0	4.700307369232178	-1.0	-1.0
135	2	7	0	13.0	10.0	6.636092662811279	3.608903169631958	inf	-1.0	-1.0	inf	-1.0	inf	-1.0	-1.0	inf	-1.0
136	2	7	1	13.0	10.0	6.636092662811279	3.608903169631958	12.666666666666666	13.333333333333334	-1.0	8.333333333333334	12.0	6.787954807281494	4.217377185821533	-1.0	19.124662399291992	8.95287036895752
137	2	7	2	13.0	10.0	6.636092662811279	3.608903169631958	inf	inf	inf	11.666666666666666	-1.0	inf	inf	inf	6.26145601272583	-1.0
138	2	7	3	13.0	10.0	6.636092662811279	3.608903169631958	19.0	-1.0	-1.0	13.666666666666666	-1.0	5.6047682762146	-1.0	-1.0	8.864398002624512	-1.0
139	2	7	4	13.0	10.0	6.636092662811279	3.608903169631958	10.0	10.0	12.333333333333334	9.0	-1.0	4.0427985191345215	4.286380767822266	6.648143291473389	4.832083702087402	-1.0
140	2	8	0	10.0	11.666666666666666	4.0427985191345215	6.603055953979492	inf	9.0	12.666666666666666	inf	19.333333333333332	inf	3.398941993713379	12.479419708251953	inf	9.155649185180664
141	2	8	1	10.0	11.666666666666666	4.0427985191345215	6.603055953979492	9.333333333333334	-1.0	10.0	-1.0	10.0	2.8208279609680176	-1.0	4.358149528503418	-1.0	3.6445019245147705
142	2	8	2	10.0	11.666666666666666	4.0427985191345215	6.603055953979492	inf	inf	inf	-1.0	inf	inf	inf	inf	-1.0	inf
143	2	8	3	10.0	11.666666666666666	4.0427985191345215	6.603055953979492	12.0	inf	13.0	11.666666666666666	-1.0	7.983959197998047	inf	6.728201389312744	6.603055953979492	-1.0
144	2	8	4	10.0	11.666666666666666	4.0427985191345215	6.603055953979492	10.0	10.0	12.666666666666666	12.0	10.0	3.82957124710083	3.749990463256836	6.269611358642578	10.585548400878906	4.15701150894165
145	2	9	0	10.0	9.666666666666666	4.286380767822266	3.6340928077697754	inf	-1.0	-1.0	inf	inf	inf	-1.0	-1.0	inf	inf
146	2	9	1	10.0	9.666666666666666	4.286380767822266	3.6340928077697754	13.333333333333334	14.0	inf	12.0	-1.0	5.279074192047119	6.8109259605407715	inf	3.2223451137542725	-1.0
147	2	9	2	10.0	9.666666666666666	4.286380767822266	3.6340928077697754	inf	inf	inf	inf	inf	inf	inf	inf	inf	inf
148	2	9	3	10.0	9.666666666666666	4.286380767822266	3.6340928077697754	inf	13.333333333333334	13.333333333333334	-1.0	-1.0	inf	7.059607982635498	6.789945125579834	-1.0	-1.0
149	2	9	4	10.0	9.666666666666666	4.286380767822266	3.6340928077697754	9.333333333333334	12.333333333333334	13.333333333333334	10.0	15.0	5.435854911804199	6.358841896057129	9.292891502380371	4.658039093017578	11.36355209350586
