	reset_island_iter	improve_iter	island	program_1_hamming_score	program_2_hamming_score	program_1_neural_score	program_2_neural_score	output_program_1_hamming_score	output_program_2_hamming_score	output_program_3_hamming_score	output_program_4_hamming_score	output_program_5_hamming_score	output_program_1_neural_score	output_program_2_neural_score	output_program_3_neural_score	output_program_4_neural_score	output_program_5_neural_score
0	0	0	0	0.1050175757040321	0.1050175757040321	3.5893714427948	3.5893714427948	-1.0	-1.0	-1.0	0.1050175757040321	-1.0	-1.0	-1.0	-1.0	3.5893714427948	-1.0
1	0	0	1	0.1050175757040321	0.1050175757040321	3.5893714427948	3.5893714427948	0.15752636355604815	-1.0	-1.0	-1.0	-1.0	3.512228012084961	-1.0	-1.0	-1.0	-1.0
2	0	0	2	0.1050175757040321	0.1050175757040321	3.5893714427948	3.5893714427948	inf	0.1069918640419568	-1.0	-1.0	0.1824695938981653	inf	7.897101402282715	-1.0	-1.0	16.704633712768555
3	0	0	3	0.1050175757040321	0.1050175757040321	3.5893714427948	3.5893714427948	-1.0	0.15752636355604815	inf	-1.0	-1.0	-1.0	3.512228012084961	inf	-1.0	-1.0
4	0	0	4	0.1050175757040321	0.1050175757040321	3.5893714427948	3.5893714427948	0.1200660460957307	0.13828911966203244	0.11435176038144498	0.173844675217588	-1.0	6.891754627227783	4.90835428237915	6.876516342163086	3.5413818359375	-1.0
5	0	1	0	0.173844675217588	0.1050175757040321	3.5413818359375	3.5893714427948	0.17813038950330226	0.17813038950330226				3.3804731369018555	3.3617212772369385			
6	0	1	1	0.173844675217588	0.1050175757040321	3.5413818359375	3.5893714427948	0.03009694078339718	0.03009694078339718	-1.0	-1.0	-1.0	2.3039252758026123	2.212538480758667	-1.0	-1.0	-1.0
7	0	1	2	0.173844675217588	0.1050175757040321	3.5413818359375	3.5893714427948	inf	inf	inf	inf	inf	inf	inf	inf	inf	inf
8	0	1	3	0.173844675217588	0.1050175757040321	3.5413818359375	3.5893714427948	-1.0	-1.0	-1.0	-1.0	-1.0	-1.0	-1.0	-1.0	-1.0	-1.0
9	0	1	4	0.173844675217588	0.1050175757040321	3.5413818359375	3.5893714427948	0.19599737100664744	0.19599737100664744	inf	0.19599737100664744	-1.0	2.683913469314575	2.680382013320923	inf	2.697537660598755	-1.0
10	0	2	0	0.13828911966203244	0.19599737100664744	4.90835428237915	2.697537660598755	0.14781292918584196	0.12324064927033386	0.14781292918584196	0.16686054823346103	-1.0	4.144500732421875	3.9075310230255127	3.424482583999634	3.7611873149871826	-1.0
11	0	2	1	0.13828911966203244	0.19599737100664744	4.90835428237915	2.697537660598755	0.1050175757040321	-1.0	-1.0	0.1050175757040321	-1.0	3.100484848022461	-1.0	-1.0	3.8100321292877197	-1.0
12	0	2	2	0.13828911966203244	0.19599737100664744	4.90835428237915	2.697537660598755	inf	inf	-1.0	inf	inf	inf	inf	-1.0	inf	inf
13	0	2	3	0.13828911966203244	0.19599737100664744	4.90835428237915	2.697537660598755	0.14781292918584196	0.11435176038144498	-1.0	-1.0	0.1535272149001277	4.35048770904541	6.89227294921875	-1.0	-1.0	4.346494674682617
14	0	2	4	0.13828911966203244	0.19599737100664744	4.90835428237915	2.697537660598755	0.17955896093187373	inf	inf	0.13257483394774675	0.12876531013822293	3.7133727073669434	inf	inf	4.827298641204834	3.44574236869812
15	0	3	0	0.19599737100664744	0.12876531013822293	2.680382013320923	3.44574236869812	0.14781292918584196	0.13511451648742928	0.1069918640419568	0.13940023077314356	0.1069918640419568	3.65628719329834	4.0443572998046875	8.009166717529297	4.466599941253662	7.897101402282715
16	0	3	1	0.19599737100664744	0.12876531013822293	2.680382013320923	3.44574236869812	0.1050175757040321	0.15752636355604815	0.1587266783927266	-1.0	inf	3.201418399810791	5.448191165924072	3.455685615539551	-1.0	inf
17	0	3	2	0.19599737100664744	0.12876531013822293	2.680382013320923	3.44574236869812	inf	inf	inf	-1.0	-1.0	inf	inf	inf	-1.0	-1.0
18	0	3	3	0.19599737100664744	0.12876531013822293	2.680382013320923	3.44574236869812	0.03009694078339718	inf	0.0716224529953658	0.05085969688938149	-1.0	2.3039252758026123	inf	2.906680107116699	4.380703449249268	-1.0
19	0	3	4	0.19599737100664744	0.12876531013822293	2.680382013320923	3.44574236869812	-1.0	-1.0	-1.0	-1.0	-1.0	-1.0	-1.0	-1.0	-1.0	-1.0
20	0	4	0	0.19599737100664744	0.173844675217588	2.697537660598755	3.5413818359375	-1.0	-1.0	-1.0	-1.0	-1.0	-1.0	-1.0	-1.0	-1.0	-1.0
21	0	4	1	0.19599737100664744	0.173844675217588	2.697537660598755	3.5413818359375	-1.0	-1.0	0.10762678467687745	0.17955896093187373	-1.0	-1.0	-1.0	2.6173102855682373	3.1649160385131836	-1.0
22	0	4	2	0.19599737100664744	0.173844675217588	2.697537660598755	3.5413818359375	-1.0	-1.0	inf	-1.0	inf	-1.0	-1.0	inf	-1.0	inf
23	0	4	3	0.19599737100664744	0.173844675217588	2.697537660598755	3.5413818359375	inf	-1.0	inf	inf	inf	inf	-1.0	inf	inf	inf
24	0	4	4	0.19599737100664744	0.173844675217588	2.697537660598755	3.5413818359375	-1.0	-1.0	0.17133588736557195	-1.0	inf	-1.0	-1.0	5.0469465255737305	-1.0	inf
25	0	5	0	0.19599737100664744	0.1050175757040321	2.697537660598755	3.5893714427948	0.17828911966203245	-1.0	-1.0	-1.0	-1.0	3.966012716293335	-1.0	-1.0	-1.0	-1.0
26	0	5	1	0.19599737100664744	0.1050175757040321	2.697537660598755	3.5893714427948	0.12705017307985766	inf	0.17955896093187373	0.13257483394774675	0.19098753236044516	5.69960880279541	inf	2.9268577098846436	4.8122944831848145	3.609259843826294
27	0	5	2	0.19599737100664744	0.1050175757040321	2.697537660598755	3.5893714427948	inf	0.10787471856117495	inf	inf	0.15371683974652434	inf	3.481433629989624	inf	inf	7.7146172523498535
28	0	5	3	0.19599737100664744	0.1050175757040321	2.697537660598755	3.5893714427948	inf	inf	inf	0.15953411667697384	0.17955896093187373	inf	inf	inf	6.472649097442627	3.0450706481933594
29	0	5	4	0.19599737100664744	0.1050175757040321	2.697537660598755	3.5893714427948	inf	inf	-1.0	inf	-1.0	inf	inf	-1.0	inf	-1.0
30	0	6	0	0.13257483394774675	0.12876531013822293	4.827298641204834	3.44574236869812	0.1769497519590284	0.15372805714178628	-1.0	inf	0.15018614450896453	3.8073577880859375	2.981191396713257	-1.0	inf	4.124968528747559
31	0	6	1	0.13257483394774675	0.12876531013822293	4.827298641204834	3.44574236869812	-1.0	0.06774688309011129	0.1939208410636982	inf	inf	-1.0	5.771773815155029	17.555864334106445	inf	inf
32	0	6	2	0.13257483394774675	0.12876531013822293	4.827298641204834	3.44574236869812	0.11172287411619508	0.11172287411619508	inf	inf	0.17955896093187373	9.082548141479492	11.343648910522461	inf	inf	3.7133727073669434
33	0	6	3	0.13257483394774675	0.12876531013822293	4.827298641204834	3.44574236869812	-1.0	-1.0	-1.0	-1.0	0.13511451648742928	-1.0	-1.0	-1.0	-1.0	3.5070953369140625
34	0	6	4	0.13257483394774675	0.12876531013822293	4.827298641204834	3.44574236869812	inf	inf	-1.0	0.11733673870965149	-1.0	inf	inf	-1.0	2.725175142288208	-1.0
35	0	7	0	0.12876531013822293	0.19599737100664744	3.44574236869812	2.683913469314575	0.18346890586222683	inf	-1.0	0.1502359936497228	inf	4.242807865142822	inf	-1.0	3.7204184532165527	inf
36	0	7	1	0.12876531013822293	0.19599737100664744	3.44574236869812	2.683913469314575	-1.0	0.07454138522784162	-1.0	-1.0	0.17955896093187373	-1.0	2.310605049133301	-1.0	-1.0	3.076007604598999
37	0	7	2	0.12876531013822293	0.19599737100664744	3.44574236869812	2.683913469314575	inf	inf	-1.0	inf	-1.0	inf	inf	-1.0	inf	-1.0
38	0	7	3	0.12876531013822293	0.19599737100664744	3.44574236869812	2.683913469314575	0.12749546886838167	-1.0	-1.0	-1.0	-1.0	2.982285737991333	-1.0	-1.0	-1.0	-1.0
39	0	7	4	0.12876531013822293	0.19599737100664744	3.44574236869812	2.683913469314575	inf	-1.0	-1.0	-1.0	inf	inf	-1.0	-1.0	-1.0	inf
40	0	8	0	0.19599737100664744	0.19599737100664744	2.683913469314575	2.697537660598755	0.15807208046540142	inf	-1.0	-1.0	-1.0	3.223769426345825	inf	-1.0	-1.0	-1.0
41	0	8	1	0.19599737100664744	0.19599737100664744	2.683913469314575	2.697537660598755	0.13928361269734182	0.1366744037244965	-1.0	-1.0	inf	3.318598508834839	2.825242042541504	-1.0	-1.0	inf
42	0	8	2	0.19599737100664744	0.19599737100664744	2.683913469314575	2.697537660598755	inf	inf	0.10787471856117495	inf	inf	inf	inf	3.4904541969299316	inf	inf
43	0	8	3	0.19599737100664744	0.19599737100664744	2.683913469314575	2.697537660598755	0.17955896093187373	0.1050175757040321	-1.0	0.1630510244239372	0.1605113418842547	3.7133727073669434	13.787177085876465	-1.0	3.729626417160034	2.763214588165283
44	0	8	4	0.19599737100664744	0.19599737100664744	2.683913469314575	2.697537660598755	inf	inf	inf	0.173844675217588	-1.0	inf	inf	inf	3.48862361907959	-1.0
45	0	9	0	0.11733673870965149	0.19599737100664744	2.725175142288208	2.697537660598755	inf	inf	-1.0	inf	-1.0	inf	inf	-1.0	inf	-1.0
46	0	9	1	0.11733673870965149	0.19599737100664744	2.725175142288208	2.697537660598755	inf	inf	inf	0.20260977118119974	-1.0	inf	inf	inf	8.532999038696289	-1.0
47	0	9	2	0.11733673870965149	0.19599737100664744	2.725175142288208	2.697537660598755	inf	0.1050175757040321	-1.0	-1.0	-1.0	inf	13.787177085876465	-1.0	-1.0	-1.0
48	0	9	3	0.11733673870965149	0.19599737100664744	2.725175142288208	2.697537660598755	0.08260572863541325	-1.0	-1.0	-1.0	-1.0	4.839546203613281	-1.0	-1.0	-1.0	-1.0
49	0	9	4	0.11733673870965149	0.19599737100664744	2.725175142288208	2.697537660598755	inf	0.19599737100664744	-1.0	inf	-1.0	inf	2.7058186531066895	-1.0	inf	-1.0
50	1	0	0	0.19599737100664744	0.11733673870965149	2.7058186531066895	2.725175142288208	0.12070096673065134	0.14781292918584196	0.05149461752430212	0.1050175757040321	-1.0	4.06520938873291	3.268406867980957	3.751155138015747	13.787177085876465	-1.0
51	1	0	1	0.19599737100664744	0.11733673870965149	2.7058186531066895	2.725175142288208	-1.0	inf	inf	-1.0	inf	-1.0	inf	inf	-1.0	inf
52	1	0	2	0.19599737100664744	0.11733673870965149	2.7058186531066895	2.725175142288208	0.07454138522784162	-1.0	-1.0	0.1050175757040321	0.05511799682486139	2.310605049133301	-1.0	-1.0	3.5893714427948	7.776547431945801
53	1	0	3	0.19599737100664744	0.11733673870965149	2.7058186531066895	2.725175142288208	0.173844675217588	-1.0	0.17955896093187373	-1.0	-1.0	3.5413818359375	-1.0	3.7133727073669434	-1.0	-1.0
54	1	0	4	0.19599737100664744	0.11733673870965149	2.7058186531066895	2.725175142288208	0.19599737100664744	0.19599737100664744	-1.0	0.1427532413988815	-1.0	2.697537660598755	2.704552173614502	-1.0	3.565290927886963	-1.0
55	1	1	0	0.11733673870965149	0.19599737100664744	2.725175142288208	2.704552173614502	0.07454138522784162	-1.0	-1.0	-1.0	-1.0	2.310605049133301	-1.0	-1.0	-1.0	-1.0
56	1	1	1	0.11733673870965149	0.19599737100664744	2.725175142288208	2.704552173614502	0.12705017307985766	0.14781292918584196	0.19098753236044516	-1.0	-1.0	5.69960880279541	3.6126251220703125	3.609259843826294	-1.0	-1.0
57	1	1	2	0.11733673870965149	0.19599737100664744	2.725175142288208	2.704552173614502	0.1050175757040321	0.06774688309011129	inf	-1.0	-1.0	3.100484848022461	5.771773815155029	inf	-1.0	-1.0
58	1	1	3	0.11733673870965149	0.19599737100664744	2.725175142288208	2.704552173614502	-1.0	-1.0	0.15752636355604815	-1.0	inf	-1.0	-1.0	7.752363681793213	-1.0	inf
59	1	1	4	0.11733673870965149	0.19599737100664744	2.725175142288208	2.704552173614502	-1.0	-1.0	0.173844675217588	-1.0	-1.0	-1.0	-1.0	3.48862361907959	-1.0	-1.0
60	1	2	0	0.1427532413988815	0.11733673870965149	3.565290927886963	2.725175142288208	-1.0	-1.0	-1.0	-1.0	-1.0	-1.0	-1.0	-1.0	-1.0	-1.0
61	1	2	1	0.1427532413988815	0.11733673870965149	3.565290927886963	2.725175142288208	0.1050175757040321	0.1050175757040321	0.15181207784176243	0.2040383426097712	0.1050175757040321	2.925572395324707	3.0935680866241455	5.784354209899902	8.550310134887695	3.201418399810791
62	1	2	2	0.1427532413988815	0.11733673870965149	3.565290927886963	2.725175142288208	-1.0	0.15181207784176243	inf	-1.0	0.05822307356630176	-1.0	5.784354209899902	inf	-1.0	4.7551727294921875
63	1	2	3	0.1427532413988815	0.11733673870965149	3.565290927886963	2.725175142288208	-1.0	-1.0	-1.0	-1.0	inf	-1.0	-1.0	-1.0	-1.0	inf
64	1	2	4	0.1427532413988815	0.11733673870965149	3.565290927886963	2.725175142288208	-1.0	0.173844675217588	-1.0	inf	0.17955896093187373	-1.0	3.5413818359375	-1.0	inf	3.7133727073669434
65	1	3	0	0.19599737100664744	0.19599737100664744	2.7058186531066895	2.697537660598755	0.10673271276239736	0.12749546886838167	-1.0	-1.0	-1.0	4.7400360107421875	2.982285737991333	-1.0	-1.0	-1.0
66	1	3	1	0.19599737100664744	0.19599737100664744	2.7058186531066895	2.697537660598755	0.1050175757040321	-1.0	-1.0	-1.0	-1.0	3.100484848022461	-1.0	-1.0	-1.0	-1.0
67	1	3	2	0.19599737100664744	0.19599737100664744	2.7058186531066895	2.697537660598755	-1.0	0.08977948046593687	0.5144094001236857	0.12705017307985766	0.230158783702383	-1.0	2.5745253562927246	69.8647232055664	6.265324115753174	21.197612762451172
68	1	3	3	0.19599737100664744	0.19599737100664744	2.7058186531066895	2.697537660598755	-1.0	0.12166456507829422	0.19717800855092132	-1.0	inf	-1.0	3.4155921936035156	3.5462515354156494	-1.0	inf
69	1	3	4	0.19599737100664744	0.19599737100664744	2.7058186531066895	2.697537660598755	-1.0	0.17955896093187373	inf	-1.0	-1.0	-1.0	3.6654417514801025	inf	-1.0	-1.0
70	1	4	0	0.19599737100664744	0.173844675217588	2.704552173614502	3.48862361907959	0.09530414133382593	-1.0	0.11606689743981025	-1.0	0.08914455983101623	4.44097900390625	-1.0	2.818674325942993	-1.0	10.661972045898438
71	1	4	1	0.19599737100664744	0.173844675217588	2.704552173614502	3.48862361907959	-1.0	-1.0	0.12641525244493707	0.1050175757040321	-1.0	-1.0	-1.0	3.288653612136841	3.5893714427948	-1.0
72	1	4	2	0.19599737100664744	0.173844675217588	2.704552173614502	3.48862361907959	-1.0	-1.0	inf	inf	-1.0	-1.0	-1.0	inf	inf	-1.0
73	1	4	3	0.19599737100664744	0.173844675217588	2.704552173614502	3.48862361907959	-1.0	inf	0.12025567094212733	0.10952380952380951	-1.0	-1.0	inf	10.612431526184082	35.672874450683594	-1.0
74	1	4	4	0.19599737100664744	0.173844675217588	2.704552173614502	3.48862361907959	-1.0	-1.0	-1.0	-1.0	-1.0	-1.0	-1.0	-1.0	-1.0	-1.0
75	1	5	0	0.19599737100664744	0.17955896093187373	2.7058186531066895	3.6654417514801025	0.1050175757040321	-1.0	-1.0	-1.0	-1.0	3.100484848022461	-1.0	-1.0	-1.0	-1.0
76	1	5	1	0.19599737100664744	0.17955896093187373	2.7058186531066895	3.6654417514801025	-1.0	-1.0	inf	-1.0	-1.0	-1.0	-1.0	inf	-1.0	-1.0
77	1	5	2	0.19599737100664744	0.17955896093187373	2.7058186531066895	3.6654417514801025	-1.0	inf	inf	0.19098753236044516	inf	-1.0	inf	inf	3.609259843826294	inf
78	1	5	3	0.19599737100664744	0.17955896093187373	2.7058186531066895	3.6654417514801025	-1.0	-1.0	0.1050175757040321	0.1050175757040321	inf	-1.0	-1.0	3.5893714427948	13.787177085876465	inf
79	1	5	4	0.19599737100664744	0.17955896093187373	2.7058186531066895	3.6654417514801025	-1.0	-1.0	-1.0	-1.0	inf	-1.0	-1.0	-1.0	-1.0	inf
80	1	6	0	0.17955896093187373	0.19599737100664744	3.6654417514801025	2.697537660598755	-1.0	-1.0	-1.0	inf	inf	-1.0	-1.0	-1.0	inf	inf
81	1	6	1	0.17955896093187373	0.19599737100664744	3.6654417514801025	2.697537660598755	-1.0	-1.0	-1.0	-1.0	0.06866836935482576	-1.0	-1.0	-1.0	-1.0	2.8117215633392334
82	1	6	2	0.17955896093187373	0.19599737100664744	3.6654417514801025	2.697537660598755	-1.0	inf	inf	inf	inf	-1.0	inf	inf	inf	inf
83	1	6	3	0.17955896093187373	0.19599737100664744	3.6654417514801025	2.697537660598755	-1.0	-1.0	-1.0	-1.0	-1.0	-1.0	-1.0	-1.0	-1.0	-1.0
84	1	6	4	0.17955896093187373	0.19599737100664744	3.6654417514801025	2.697537660598755	-1.0	inf	inf	inf	-1.0	-1.0	inf	inf	inf	-1.0
85	1	7	0	0.19599737100664744	0.11733673870965149	2.697537660598755	2.725175142288208	-1.0	inf	inf	inf	inf	-1.0	inf	inf	inf	inf
86	1	7	1	0.19599737100664744	0.11733673870965149	2.697537660598755	2.725175142288208	-1.0	-1.0	0.20260977118119974	-1.0	0.09113852546134549	-1.0	-1.0	8.532999038696289	-1.0	3.752288579940796
87	1	7	2	0.19599737100664744	0.11733673870965149	2.697537660598755	2.725175142288208	inf	0.0862291079359725	inf	inf	inf	inf	4.687768936157227	inf	inf	inf
88	1	7	3	0.19599737100664744	0.11733673870965149	2.697537660598755	2.725175142288208	-1.0	0.1249866810163656	-1.0	0.2684394434672728	-1.0	-1.0	9.902514457702637	-1.0	24.27532386779785	-1.0
89	1	7	4	0.19599737100664744	0.11733673870965149	2.697537660598755	2.725175142288208	-1.0	-1.0	inf	-1.0	inf	-1.0	-1.0	inf	-1.0	inf
90	1	8	0	0.17955896093187373	0.11733673870965149	3.6654417514801025	2.725175142288208	-1.0	inf	inf	-1.0	inf	-1.0	inf	inf	-1.0	inf
91	1	8	1	0.17955896093187373	0.11733673870965149	3.6654417514801025	2.725175142288208	-1.0	0.08977948046593687	-1.0	inf	inf	-1.0	2.5745253562927246	-1.0	inf	inf
92	1	8	2	0.17955896093187373	0.11733673870965149	3.6654417514801025	2.725175142288208	inf	inf	inf	0.14781292918584196	0.18489747729079825	inf	inf	inf	3.6126251220703125	4.041980743408203
93	1	8	3	0.17955896093187373	0.11733673870965149	3.6654417514801025	2.725175142288208	-1.0	0.15752636355604815	-1.0	-1.0	-1.0	-1.0	3.512228012084961	-1.0	-1.0	-1.0
94	1	8	4	0.17955896093187373	0.11733673870965149	3.6654417514801025	2.725175142288208	-1.0	inf	-1.0	inf	inf	-1.0	inf	-1.0	inf	inf
95	1	9	0	0.19599737100664744	0.11733673870965149	2.704552173614502	2.725175142288208	-1.0	-1.0	inf	0.14781292918584196	-1.0	-1.0	-1.0	inf	8.641878128051758	-1.0
96	1	9	1	0.19599737100664744	0.11733673870965149	2.704552173614502	2.725175142288208	-1.0	inf	0.12749546886838167	0.15752636355604815	0.11606689743981025	-1.0	inf	3.760413885116577	5.448191165924072	3.8047032356262207
97	1	9	2	0.19599737100664744	0.11733673870965149	2.704552173614502	2.725175142288208	inf	-1.0	inf	inf	inf	inf	-1.0	inf	inf	inf
98	1	9	3	0.19599737100664744	0.11733673870965149	2.704552173614502	2.725175142288208	-1.0	-1.0	-1.0	-1.0	inf	-1.0	-1.0	-1.0	-1.0	inf
99	1	9	4	0.19599737100664744	0.11733673870965149	2.704552173614502	2.725175142288208	inf	-1.0	inf	-1.0	-1.0	inf	-1.0	inf	-1.0	-1.0
100	2	0	0	0.19599737100664744	0.19599737100664744	2.683913469314575	2.683913469314575	0.19314022814950457	inf	inf	0.19599737100664744	-1.0	2.7179224491119385	inf	inf	2.704552173614502	-1.0
101	2	0	1	0.19599737100664744	0.19599737100664744	2.683913469314575	2.683913469314575	inf	inf	inf	inf	inf	inf	inf	inf	inf	inf
102	2	0	2	0.19599737100664744	0.19599737100664744	2.683913469314575	2.683913469314575	inf	inf	0.14393387894315537	inf	0.14393387894315537	inf	inf	5.242566108703613	inf	5.712947845458984
103	2	0	3	0.19599737100664744	0.19599737100664744	2.683913469314575	2.683913469314575	0.06901324402252047	inf	inf	-1.0	-1.0	3.3127996921539307	inf	inf	-1.0	-1.0
104	2	0	4	0.19599737100664744	0.19599737100664744	2.683913469314575	2.683913469314575	inf	inf	0.14393387894315537	inf	inf	inf	inf	3.450831651687622	inf	inf
105	2	1	0	0.19599737100664744	0.14393387894315537	2.683913469314575	3.450831651687622	inf	0.19599737100664744	-1.0	inf	inf	inf	2.683913469314575	-1.0	inf	inf
106	2	1	1	0.19599737100664744	0.14393387894315537	2.683913469314575	3.450831651687622	inf	inf	inf	inf	inf	inf	inf	inf	inf	inf
107	2	1	2	0.19599737100664744	0.14393387894315537	2.683913469314575	3.450831651687622	inf	inf	inf	inf	0.09285366251971075	inf	inf	inf	inf	8.771567344665527
108	2	1	3	0.19599737100664744	0.14393387894315537	2.683913469314575	3.450831651687622	inf	inf	inf	inf	inf	inf	inf	inf	inf	inf
109	2	1	4	0.19599737100664744	0.14393387894315537	2.683913469314575	3.450831651687622	inf	inf	inf	inf	inf	inf	inf	inf	inf	inf
110	2	2	0	0.14393387894315537	0.19599737100664744	3.450831651687622	2.683913469314575	inf	inf	inf	inf	inf	inf	inf	inf	inf	inf
111	2	2	1	0.14393387894315537	0.19599737100664744	3.450831651687622	2.683913469314575	inf	inf	inf	inf	inf	inf	inf	inf	inf	inf
112	2	2	2	0.14393387894315537	0.19599737100664744	3.450831651687622	2.683913469314575	inf	0.13492837197846477	-1.0	inf	0.1393728164229092	inf	3.462644338607788	-1.0	inf	3.296099901199341
113	2	2	3	0.14393387894315537	0.19599737100664744	3.450831651687622	2.683913469314575	inf	0.10075927576855222	-1.0	inf	inf	inf	3.624788999557495	-1.0	inf	inf
114	2	2	4	0.14393387894315537	0.19599737100664744	3.450831651687622	2.683913469314575	inf	inf	inf	inf	inf	inf	inf	inf	inf	inf
115	2	3	0	0.19599737100664744	0.19599737100664744	2.683913469314575	2.683913469314575	inf	inf	inf	inf	inf	inf	inf	inf	inf	inf
116	2	3	1	0.19599737100664744	0.19599737100664744	2.683913469314575	2.683913469314575	inf	inf	inf	inf	inf	inf	inf	inf	inf	inf
117	2	3	2	0.19599737100664744	0.19599737100664744	2.683913469314575	2.683913469314575	inf	0.17567991068918712	inf	inf	inf	inf	3.668388843536377	inf	inf	inf
118	2	3	3	0.19599737100664744	0.19599737100664744	2.683913469314575	2.683913469314575	inf	inf	0.1384787445084291	inf	-1.0	inf	inf	6.348559856414795	inf	-1.0
119	2	3	4	0.19599737100664744	0.19599737100664744	2.683913469314575	2.683913469314575	inf	inf	inf	inf	inf	inf	inf	inf	inf	inf
120	2	4	0	0.14393387894315537	0.19599737100664744	3.450831651687622	2.683913469314575	inf	inf	inf	inf	inf	inf	inf	inf	inf	inf
121	2	4	1	0.14393387894315537	0.19599737100664744	3.450831651687622	2.683913469314575	inf	inf	inf	inf	0.1257803318100164	inf	inf	inf	inf	6.266997814178467
122	2	4	2	0.14393387894315537	0.19599737100664744	3.450831651687622	2.683913469314575	inf	inf	inf	inf	inf	inf	inf	inf	inf	inf
123	2	4	3	0.14393387894315537	0.19599737100664744	3.450831651687622	2.683913469314575	inf	inf	0.08260572863541325	-1.0	-1.0	inf	inf	6.510852813720703	-1.0	-1.0
124	2	4	4	0.14393387894315537	0.19599737100664744	3.450831651687622	2.683913469314575	inf	inf	0.1384787445084291	0.18837832338759983	inf	inf	inf	5.975507736206055	3.3470711708068848	inf
125	2	5	0	0.19599737100664744	0.18837832338759983	2.683913469314575	3.3470711708068848	inf	inf	inf	inf	inf	inf	inf	inf	inf	inf
126	2	5	1	0.19599737100664744	0.18837832338759983	2.683913469314575	3.3470711708068848	inf	inf	inf	inf	inf	inf	inf	inf	inf	inf
127	2	5	2	0.19599737100664744	0.18837832338759983	2.683913469314575	3.3470711708068848	inf	inf	inf	-1.0	0.19599737100664744	inf	inf	inf	-1.0	2.5779571533203125
128	2	5	3	0.19599737100664744	0.18837832338759983	2.683913469314575	3.3470711708068848	inf	inf	-1.0	-1.0	inf	inf	inf	-1.0	-1.0	inf
129	2	5	4	0.19599737100664744	0.18837832338759983	2.683913469314575	3.3470711708068848	inf	inf	inf	0.1050175757040321	0.15980689481617125	inf	inf	inf	13.787177085876465	3.7299532890319824
130	2	6	0	0.15980689481617125	0.14393387894315537	3.7299532890319824	3.450831651687622	inf	inf	inf	inf	inf	inf	inf	inf	inf	inf
131	2	6	1	0.15980689481617125	0.14393387894315537	3.7299532890319824	3.450831651687622	inf	inf	0.15091800592728236	0.11715059420068698	inf	inf	inf	7.699833393096924	11.465840339660645	inf
132	2	6	2	0.15980689481617125	0.14393387894315537	3.7299532890319824	3.450831651687622	inf	inf	inf	inf	inf	inf	inf	inf	inf	inf
133	2	6	3	0.15980689481617125	0.14393387894315537	3.7299532890319824	3.450831651687622	inf	inf	-1.0	-1.0	inf	inf	inf	-1.0	-1.0	inf
134	2	6	4	0.15980689481617125	0.14393387894315537	3.7299532890319824	3.450831651687622	inf	inf	inf	inf	inf	inf	inf	inf	inf	inf
135	2	7	0	0.18837832338759983	0.19599737100664744	3.3470711708068848	2.683913469314575	inf	inf	inf	inf	inf	inf	inf	inf	inf	inf
136	2	7	1	0.18837832338759983	0.19599737100664744	3.3470711708068848	2.683913469314575	inf	inf	inf	inf	inf	inf	inf	inf	inf	inf
137	2	7	2	0.18837832338759983	0.19599737100664744	3.3470711708068848	2.683913469314575	inf	0.14393387894315537	inf	inf	inf	inf	3.871473550796509	inf	inf	inf
138	2	7	3	0.18837832338759983	0.19599737100664744	3.3470711708068848	2.683913469314575	0.14393387894315537	inf	inf	-1.0	inf	3.450831651687622	inf	inf	-1.0	inf
139	2	7	4	0.18837832338759983	0.19599737100664744	3.3470711708068848	2.683913469314575	0.18837832338759983	-1.0	0.1257803318100164	-1.0	-1.0	3.3333728313446045	-1.0	5.941211700439453	-1.0	-1.0
140	2	8	0	0.19599737100664744	0.1384787445084291	2.683913469314575	5.975507736206055	inf	inf	inf	inf	inf	inf	inf	inf	inf	inf
141	2	8	1	0.19599737100664744	0.1384787445084291	2.683913469314575	5.975507736206055	inf	inf	0.15091800592728236	-1.0	0.18837832338759983	inf	inf	7.853907108306885	-1.0	3.1482269763946533
142	2	8	2	0.19599737100664744	0.1384787445084291	2.683913469314575	5.975507736206055	inf	0.14456879957807603	0.15752636355604815	inf	inf	inf	4.595053672790527	5.448191165924072	inf	inf
143	2	8	3	0.19599737100664744	0.1384787445084291	2.683913469314575	5.975507736206055	-1.0	inf	inf	inf	inf	-1.0	inf	inf	inf	inf
144	2	8	4	0.19599737100664744	0.1384787445084291	2.683913469314575	5.975507736206055	inf	0.13511451648742928	inf	inf	0.13250530751458395	inf	4.044357776641846	inf	inf	3.829489231109619
145	2	9	0	0.19599737100664744	0.13250530751458395	2.683913469314575	3.829489231109619	inf	inf	inf	inf	inf	inf	inf	inf	inf	inf
146	2	9	1	0.19599737100664744	0.13250530751458395	2.683913469314575	3.829489231109619	inf	-1.0	inf	inf	-1.0	inf	-1.0	inf	inf	-1.0
147	2	9	2	0.19599737100664744	0.13250530751458395	2.683913469314575	3.829489231109619	inf	inf	0.14165334768303228	inf	inf	inf	inf	4.8675007820129395	inf	inf
148	2	9	3	0.19599737100664744	0.13250530751458395	2.683913469314575	3.829489231109619	inf	inf	-1.0	inf	inf	inf	inf	-1.0	inf	inf
149	2	9	4	0.19599737100664744	0.13250530751458395	2.683913469314575	3.829489231109619	inf	inf	inf	inf	0.13810297515306794	inf	inf	inf	inf	2.918545961380005
