	reset_island_iter	improve_iter	island	program_1_hamming_score	program_2_hamming_score	program_1_neural_score	program_2_neural_score	output_program_1_hamming_score	output_program_2_hamming_score	output_program_3_hamming_score	output_program_4_hamming_score	output_program_5_hamming_score	output_program_1_neural_score	output_program_2_neural_score	output_program_3_neural_score	output_program_4_neural_score	output_program_5_neural_score
0	0	0	0	35.0	31.5	14.607640266418457	14.575712203979492	4.0	14.0	11.5	13.0	10.0	9.714299201965332	8.840161323547363	18.67363929748535	26.63454818725586	10.884430885314941
1	0	0	1	35.0	31.5	14.607640266418457	14.575712203979492	13.0	15.0	9.5	15.5	inf	26.63454818725586	13.236957550048828	15.409897804260254	18.396625518798828	inf
2	0	0	2	35.0	31.5	14.607640266418457	14.575712203979492	inf	28.0	-1.0	13.0	54.0	inf	14.45954418182373	-1.0	26.63454818725586	41.66518020629883
3	0	0	3	35.0	31.5	14.607640266418457	14.575712203979492	11.0	12.0	-1.0	10.0	8.0	14.887344360351562	14.065225601196289	-1.0	6.879525661468506	8.079821586608887
4	0	0	4	35.0	31.5	14.607640266418457	14.575712203979492	11.0	inf	15.0	7.0	12.0	13.474380493164062	inf	12.663304328918457	14.452582359313965	17.673768997192383
5	0	1	0	11.0	35.0	13.474380493164062	14.607640266418457	30.5	-1.0	24.0	2.5	61.0	15.50373649597168	-1.0	41.457542419433594	3.8743059635162354	20.59865379333496
6	0	1	1	11.0	35.0	13.474380493164062	14.607640266418457	15.0	inf	inf	11.0	inf	12.074714660644531	inf	inf	16.566965103149414	inf
7	0	1	2	11.0	35.0	13.474380493164062	14.607640266418457	-1.0	16.5	inf	-1.0	11.0	-1.0	14.960122108459473	inf	-1.0	13.51163387298584
8	0	1	3	11.0	35.0	13.474380493164062	14.607640266418457	5.5	21.0	0.0	7.5	15.5	14.40673542022705	16.94952964782715	0.0	13.46328353881836	23.174739837646484
9	0	1	4	11.0	35.0	13.474380493164062	14.607640266418457	13.0	12.0	inf	12.0	inf	18.340394973754883	6.42884635925293	inf	10.05090618133545	inf
10	0	2	0	12.0	15.0	6.42884635925293	12.663304328918457	-1.0	-1.0	-1.0	28.0	-1.0	-1.0	-1.0	-1.0	26.786596298217773	-1.0
11	0	2	1	12.0	15.0	6.42884635925293	12.663304328918457	inf	inf	16.5	inf	11.5	inf	inf	7.77181339263916	inf	6.664869785308838
12	0	2	2	12.0	15.0	6.42884635925293	12.663304328918457	10.0	4.0	-1.0	inf	24.0	12.811084747314453	4.8086090087890625	-1.0	inf	11.088587760925293
13	0	2	3	12.0	15.0	6.42884635925293	12.663304328918457	-1.0	-1.0	28.0	53.0	-1.0	-1.0	-1.0	26.786596298217773	13.7056303024292	-1.0
14	0	2	4	12.0	15.0	6.42884635925293	12.663304328918457	-1.0	15.5	-1.0	inf	-1.0	-1.0	6.349294185638428	-1.0	inf	-1.0
15	0	3	0	15.5	12.0	6.349294185638428	6.42884635925293	1.5	21.0	30.0	-1.0	42.0	8.281622886657715	21.644081115722656	19.979848861694336	-1.0	57.596221923828125
16	0	3	1	15.5	12.0	6.349294185638428	6.42884635925293	10.0	inf	-1.0	inf	-1.0	7.154539108276367	inf	-1.0	inf	-1.0
17	0	3	2	15.5	12.0	6.349294185638428	6.42884635925293	inf	41.0	6.0	51.0	inf	inf	13.031208038330078	11.381434440612793	49.550453186035156	inf
18	0	3	3	15.5	12.0	6.349294185638428	6.42884635925293	16.0	-1.0	13.0	-1.0	12.0	7.227128505706787	-1.0	26.63454818725586	-1.0	8.972702980041504
19	0	3	4	15.5	12.0	6.349294185638428	6.42884635925293	13.5	inf	28.0	12.0	inf	5.484782695770264	inf	26.786596298217773	5.879319190979004	inf
20	0	4	0	12.0	13.5	5.879319190979004	5.484782695770264	-1.0	-1.0	-1.0	-1.0	inf	-1.0	-1.0	-1.0	-1.0	inf
21	0	4	1	12.0	13.5	5.879319190979004	5.484782695770264	-1.0	19.5	-1.0	inf	-1.0	-1.0	21.772924423217773	-1.0	inf	-1.0
22	0	4	2	12.0	13.5	5.879319190979004	5.484782695770264	inf	26.5	inf	-1.0	inf	inf	13.187026023864746	inf	-1.0	inf
23	0	4	3	12.0	13.5	5.879319190979004	5.484782695770264	1.5	-1.0	-1.0	-1.0	-1.0	8.281622886657715	-1.0	-1.0	-1.0	-1.0
24	0	4	4	12.0	13.5	5.879319190979004	5.484782695770264	inf	inf	inf	-1.0	11.0	inf	inf	inf	-1.0	5.435332298278809
25	0	5	0	12.0	15.5	6.42884635925293	6.349294185638428	-1.0	-1.0	3.5	-1.0	-1.0	-1.0	-1.0	4.628159046173096	-1.0	-1.0
26	0	5	1	12.0	15.5	6.42884635925293	6.349294185638428	-1.0	inf	inf	13.0	16.0	-1.0	inf	inf	20.349321365356445	17.67519760131836
27	0	5	2	12.0	15.5	6.42884635925293	6.349294185638428	inf	inf	inf	inf	-1.0	inf	inf	inf	inf	-1.0
28	0	5	3	12.0	15.5	6.42884635925293	6.349294185638428	-1.0	-1.0	-1.0	-1.0	29.5	-1.0	-1.0	-1.0	-1.0	49.180171966552734
29	0	5	4	12.0	15.5	6.42884635925293	6.349294185638428	-1.0	-1.0	inf	24.0	31.0	-1.0	-1.0	inf	16.436233520507812	20.25238800048828
30	0	6	0	13.5	12.0	5.484782695770264	6.42884635925293	-1.0	-1.0	inf	14.0	-1.0	-1.0	-1.0	inf	25.841196060180664	-1.0
31	0	6	1	13.5	12.0	5.484782695770264	6.42884635925293	inf	inf	12.0	10.0	-1.0	inf	inf	14.672483444213867	5.421263694763184	-1.0
32	0	6	2	13.5	12.0	5.484782695770264	6.42884635925293	inf	inf	inf	inf	inf	inf	inf	inf	inf	inf
33	0	6	3	13.5	12.0	5.484782695770264	6.42884635925293	-1.0	-1.0	inf	-1.0	-1.0	-1.0	-1.0	inf	-1.0	-1.0
34	0	6	4	13.5	12.0	5.484782695770264	6.42884635925293	-1.0	inf	inf	-1.0	-1.0	-1.0	inf	inf	-1.0	-1.0
35	0	7	0	12.0	11.0	6.42884635925293	5.435332298278809	-1.0	inf	inf	inf	-1.0	-1.0	inf	inf	inf	-1.0
36	0	7	1	12.0	11.0	6.42884635925293	5.435332298278809	inf	inf	inf	14.0	inf	inf	inf	inf	15.925077438354492	inf
37	0	7	2	12.0	11.0	6.42884635925293	5.435332298278809	76.5	-1.0	inf	-1.0	inf	51.41128921508789	-1.0	inf	-1.0	inf
38	0	7	3	12.0	11.0	6.42884635925293	5.435332298278809	inf	inf	inf	inf	inf	inf	inf	inf	inf	inf
39	0	7	4	12.0	11.0	6.42884635925293	5.435332298278809	inf	7.0	inf	inf	-1.0	inf	10.33128547668457	inf	inf	-1.0
40	0	8	0	11.0	12.0	5.435332298278809	5.879319190979004	-1.0	inf	inf	-1.0	-1.0	-1.0	inf	inf	-1.0	-1.0
41	0	8	1	11.0	12.0	5.435332298278809	5.879319190979004	inf	inf	inf	inf	inf	inf	inf	inf	inf	inf
42	0	8	2	11.0	12.0	5.435332298278809	5.879319190979004	inf	inf	-1.0	inf	-1.0	inf	inf	-1.0	inf	-1.0
43	0	8	3	11.0	12.0	5.435332298278809	5.879319190979004	inf	-1.0	-1.0	inf	inf	inf	-1.0	-1.0	inf	inf
44	0	8	4	11.0	12.0	5.435332298278809	5.879319190979004	inf	inf	inf	inf	8.5	inf	inf	inf	inf	5.760680675506592
45	0	9	0	12.0	11.0	6.42884635925293	5.435332298278809	-1.0	inf	inf	inf	20.5	-1.0	inf	inf	inf	26.571735382080078
46	0	9	1	12.0	11.0	6.42884635925293	5.435332298278809	inf	-1.0	17.5	inf	-1.0	inf	-1.0	7.755365371704102	inf	-1.0
47	0	9	2	12.0	11.0	6.42884635925293	5.435332298278809	inf	inf	inf	-1.0	inf	inf	inf	inf	-1.0	inf
48	0	9	3	12.0	11.0	6.42884635925293	5.435332298278809	inf	inf	inf	inf	inf	inf	inf	inf	inf	inf
49	0	9	4	12.0	11.0	6.42884635925293	5.435332298278809	inf	inf	inf	inf	inf	inf	inf	inf	inf	inf
50	1	0	0	8.5	12.0	5.760680675506592	5.879319190979004	-1.0	13.0	-1.0	inf	inf	-1.0	26.63454818725586	-1.0	inf	inf
51	1	0	1	8.5	12.0	5.760680675506592	5.879319190979004	5.0	-1.0	4.0	80.5	83.0	5.133497714996338	-1.0	4.677223205566406	40.50819778442383	40.40886688232422
52	1	0	2	8.5	12.0	5.760680675506592	5.879319190979004	11.5	19.0	10.0	10.0	9.5	21.67641258239746	9.665902137756348	16.024518966674805	16.233261108398438	15.409897804260254
53	1	0	3	8.5	12.0	5.760680675506592	5.879319190979004	12.0	13.0	12.0	-1.0	12.0	13.387656211853027	26.63454818725586	5.879319190979004	-1.0	6.42884635925293
54	1	0	4	8.5	12.0	5.760680675506592	5.879319190979004	9.0	-1.0	-1.0	36.0	7.0	8.03454875946045	-1.0	-1.0	61.29449462890625	8.544548034667969
55	1	1	0	8.5	12.0	5.760680675506592	5.879319190979004	inf	inf	inf	inf	11.0	inf	inf	inf	inf	13.51163387298584
56	1	1	1	8.5	12.0	5.760680675506592	5.879319190979004	-1.0	13.0	-1.0	inf	-1.0	-1.0	26.63454818725586	-1.0	inf	-1.0
57	1	1	2	8.5	12.0	5.760680675506592	5.879319190979004	-1.0	inf	inf	-1.0	-1.0	-1.0	inf	inf	-1.0	-1.0
58	1	1	3	8.5	12.0	5.760680675506592	5.879319190979004	10.0	13.5	-1.0	-1.0	13.5	7.721701145172119	5.996278762817383	-1.0	-1.0	5.762033939361572
59	1	1	4	8.5	12.0	5.760680675506592	5.879319190979004	-1.0	-1.0	9.5	-1.0	-1.0	-1.0	-1.0	7.497014999389648	-1.0	-1.0
60	1	2	0	7.0	12.0	8.544548034667969	5.879319190979004	inf	inf	inf	inf	inf	inf	inf	inf	inf	inf
61	1	2	1	7.0	12.0	8.544548034667969	5.879319190979004	-1.0	4.5	15.0	inf	3.5	-1.0	4.647010803222656	21.6275691986084	inf	4.662810802459717
62	1	2	2	7.0	12.0	8.544548034667969	5.879319190979004	inf	-1.0	inf	inf	11.5	inf	-1.0	inf	inf	6.031137466430664
63	1	2	3	7.0	12.0	8.544548034667969	5.879319190979004	9.0	10.0	-1.0	-1.0	-1.0	12.758293151855469	8.094038963317871	-1.0	-1.0	-1.0
64	1	2	4	7.0	12.0	8.544548034667969	5.879319190979004	10.5	inf	9.5	inf	8.5	20.255477905273438	inf	17.56021499633789	inf	14.23554801940918
65	1	3	0	12.0	9.5	5.879319190979004	7.497014999389648	inf	inf	inf	inf	inf	inf	inf	inf	inf	inf
66	1	3	1	12.0	9.5	5.879319190979004	7.497014999389648	inf	-1.0	-1.0	inf	-1.0	inf	-1.0	-1.0	inf	-1.0
67	1	3	2	12.0	9.5	5.879319190979004	7.497014999389648	inf	inf	19.0	-1.0	21.0	inf	inf	8.319269180297852	-1.0	9.0230073928833
68	1	3	3	12.0	9.5	5.879319190979004	7.497014999389648	12.5	13.0	-1.0	inf	-1.0	5.981756687164307	5.502318859100342	-1.0	inf	-1.0
69	1	3	4	12.0	9.5	5.879319190979004	7.497014999389648	inf	-1.0	-1.0	inf	inf	inf	-1.0	-1.0	inf	inf
70	1	4	0	8.5	12.0	5.760680675506592	5.879319190979004	inf	16.0	39.0	inf	inf	inf	14.290095329284668	24.108673095703125	inf	inf
71	1	4	1	8.5	12.0	5.760680675506592	5.879319190979004	inf	5.5	-1.0	-1.0	inf	inf	5.4995832443237305	-1.0	-1.0	inf
72	1	4	2	8.5	12.0	5.760680675506592	5.879319190979004	inf	inf	13.0	inf	11.5	inf	inf	23.655363082885742	inf	8.12861156463623
73	1	4	3	8.5	12.0	5.760680675506592	5.879319190979004	inf	-1.0	inf	-1.0	-1.0	inf	-1.0	inf	-1.0	-1.0
74	1	4	4	8.5	12.0	5.760680675506592	5.879319190979004	inf	inf	inf	10.5	inf	inf	inf	inf	21.12806510925293	inf
75	1	5	0	8.5	12.0	5.760680675506592	5.879319190979004	inf	inf	-1.0	-1.0	-1.0	inf	inf	-1.0	-1.0	-1.0
76	1	5	1	8.5	12.0	5.760680675506592	5.879319190979004	inf	-1.0	-1.0	-1.0	-1.0	inf	-1.0	-1.0	-1.0	-1.0
77	1	5	2	8.5	12.0	5.760680675506592	5.879319190979004	inf	2.5	22.5	-1.0	19.5	inf	3.8743059635162354	12.89491081237793	-1.0	21.772924423217773
78	1	5	3	8.5	12.0	5.760680675506592	5.879319190979004	12.5	inf	12.5	-1.0	-1.0	8.665972709655762	inf	5.219939231872559	-1.0	-1.0
79	1	5	4	8.5	12.0	5.760680675506592	5.879319190979004	inf	inf	5.0	inf	-1.0	inf	inf	7.021563529968262	inf	-1.0
80	1	6	0	12.0	8.5	5.879319190979004	5.760680675506592	-1.0	inf	28.0	inf	inf	-1.0	inf	26.786596298217773	inf	inf
81	1	6	1	12.0	8.5	5.879319190979004	5.760680675506592	inf	-1.0	-1.0	-1.0	-1.0	inf	-1.0	-1.0	-1.0	-1.0
82	1	6	2	12.0	8.5	5.879319190979004	5.760680675506592	inf	-1.0	13.0	-1.0	11.5	inf	-1.0	10.19167709350586	-1.0	18.67363929748535
83	1	6	3	12.0	8.5	5.879319190979004	5.760680675506592	inf	9.5	-1.0	12.5	-1.0	inf	5.413769721984863	-1.0	7.216126918792725	-1.0
84	1	6	4	12.0	8.5	5.879319190979004	5.760680675506592	13.0	-1.0	-1.0	-1.0	-1.0	26.63454818725586	-1.0	-1.0	-1.0	-1.0
85	1	7	0	12.0	9.5	5.879319190979004	7.497014999389648	inf	-1.0	-1.0	-1.0	84.5	inf	-1.0	-1.0	-1.0	79.81291961669922
86	1	7	1	12.0	9.5	5.879319190979004	7.497014999389648	inf	-1.0	-1.0	19.5	-1.0	inf	-1.0	-1.0	21.772924423217773	-1.0
87	1	7	2	12.0	9.5	5.879319190979004	7.497014999389648	10.0	22.0	30.0	inf	-1.0	5.476223468780518	16.96717643737793	51.1219596862793	inf	-1.0
88	1	7	3	12.0	9.5	5.879319190979004	7.497014999389648	inf	-1.0	-1.0	9.5	8.0	inf	-1.0	-1.0	7.266590118408203	5.966588020324707
89	1	7	4	12.0	9.5	5.879319190979004	7.497014999389648	-1.0	inf	-1.0	-1.0	inf	-1.0	inf	-1.0	-1.0	inf
90	1	8	0	8.5	5.0	5.760680675506592	7.021563529968262	10.0	inf	-1.0	inf	59.0	12.811084747314453	inf	-1.0	inf	21.49456787109375
91	1	8	1	8.5	5.0	5.760680675506592	7.021563529968262	inf	4.5	-1.0	-1.0	inf	inf	5.29160737991333	-1.0	-1.0	inf
92	1	8	2	8.5	5.0	5.760680675506592	7.021563529968262	inf	17.0	inf	inf	14.0	inf	9.545364379882812	inf	inf	24.734495162963867
93	1	8	3	8.5	5.0	5.760680675506592	7.021563529968262	13.0	-1.0	inf	inf	inf	6.554281234741211	-1.0	inf	inf	inf
94	1	8	4	8.5	5.0	5.760680675506592	7.021563529968262	inf	inf	inf	inf	inf	inf	inf	inf	inf	inf
95	1	9	0	12.0	8.5	5.879319190979004	5.760680675506592	1.5	24.0	51.0	-1.0	-1.0	8.281622886657715	16.026803970336914	49.550453186035156	-1.0	-1.0
96	1	9	1	12.0	8.5	5.879319190979004	5.760680675506592	inf	inf	-1.0	-1.0	-1.0	inf	inf	-1.0	-1.0	-1.0
97	1	9	2	12.0	8.5	5.879319190979004	5.760680675506592	17.0	14.0	-1.0	15.0	inf	13.653388977050781	25.710243225097656	-1.0	24.167724609375	inf
98	1	9	3	12.0	8.5	5.879319190979004	5.760680675506592	inf	inf	inf	inf	inf	inf	inf	inf	inf	inf
99	1	9	4	12.0	8.5	5.879319190979004	5.760680675506592	inf	-1.0	inf	7.0	inf	inf	-1.0	inf	10.33128547668457	inf
100	2	0	0	12.0	13.0	5.208605766296387	5.195860862731934	12.5	inf	inf	13.5	13.0	5.219939708709717	inf	inf	14.781380653381348	26.63454818725586
101	2	0	1	12.0	13.0	5.208605766296387	5.195860862731934	14.0	16.0	13.5	inf	12.0	7.123693466186523	5.778933048248291	5.698846817016602	inf	6.288233280181885
102	2	0	2	12.0	13.0	5.208605766296387	5.195860862731934	15.0	inf	10.5	12.5	32.5	8.62440299987793	inf	5.204046249389648	5.219939708709717	30.696367263793945
103	2	0	3	12.0	13.0	5.208605766296387	5.195860862731934	13.5	19.0	17.0	-1.0	19.0	6.605627059936523	6.7389235496521	9.955016136169434	-1.0	9.304085731506348
104	2	0	4	12.0	13.0	5.208605766296387	5.195860862731934	13.5	12.5	-1.0	inf	12.5	6.580045700073242	5.219939708709717	-1.0	inf	6.063321590423584
105	2	1	0	12.5	13.0	6.063321590423584	5.195860862731934	-1.0	-1.0	-1.0	-1.0	inf	-1.0	-1.0	-1.0	-1.0	inf
106	2	1	1	12.5	13.0	6.063321590423584	5.195860862731934	inf	inf	12.5	inf	inf	inf	inf	5.219939708709717	inf	inf
107	2	1	2	12.5	13.0	6.063321590423584	5.195860862731934	inf	12.5	inf	inf	inf	inf	6.4871134757995605	inf	inf	inf
108	2	1	3	12.5	13.0	6.063321590423584	5.195860862731934	16.0	14.5	13.5	16.0	12.5	5.80325984954834	6.63202428817749	5.45231294631958	6.1729912757873535	8.823359489440918
109	2	1	4	12.5	13.0	6.063321590423584	5.195860862731934	inf	inf	12.5	inf	29.5	inf	inf	5.833364009857178	inf	34.23786926269531
110	2	2	0	12.0	12.5	5.208605766296387	5.219939708709717	-1.0	-1.0	-1.0	-1.0	-1.0	-1.0	-1.0	-1.0	-1.0	-1.0
111	2	2	1	12.0	12.5	5.208605766296387	5.219939708709717	-1.0	-1.0	inf	inf	inf	-1.0	-1.0	inf	inf	inf
112	2	2	2	12.0	12.5	5.208605766296387	5.219939708709717	inf	-1.0	-1.0	inf	inf	inf	-1.0	-1.0	inf	inf
113	2	2	3	12.0	12.5	5.208605766296387	5.219939708709717	inf	inf	inf	inf	13.5	inf	inf	inf	inf	10.3036527633667
114	2	2	4	12.0	12.5	5.208605766296387	5.219939708709717	inf	inf	inf	12.5	inf	inf	inf	inf	6.275772571563721	inf
115	2	3	0	13.0	12.5	5.195860862731934	5.219939708709717	12.0	12.0	-1.0	12.0	16.5	5.909787654876709	5.962347507476807	-1.0	5.8434882164001465	8.927985191345215
116	2	3	1	13.0	12.5	5.195860862731934	5.219939708709717	-1.0	-1.0	91.5	26.0	-1.0	-1.0	-1.0	96.51168823242188	24.209579467773438	-1.0
117	2	3	2	13.0	12.5	5.195860862731934	5.219939708709717	inf	inf	inf	inf	inf	inf	inf	inf	inf	inf
118	2	3	3	13.0	12.5	5.195860862731934	5.219939708709717	22.5	22.5	19.0	-1.0	18.0	10.024470329284668	7.8102707862854	7.459149360656738	-1.0	7.317224979400635
119	2	3	4	13.0	12.5	5.195860862731934	5.219939708709717	inf	inf	-1.0	inf	-1.0	inf	inf	-1.0	inf	-1.0
120	2	4	0	12.0	12.5	5.208605766296387	6.275772571563721	-1.0	inf	-1.0	-1.0	-1.0	-1.0	inf	-1.0	-1.0	-1.0
121	2	4	1	12.0	12.5	5.208605766296387	6.275772571563721	13.0	12.0	14.0	12.0	-1.0	5.7442731857299805	5.711674213409424	6.5677714347839355	5.8434882164001465	-1.0
122	2	4	2	12.0	12.5	5.208605766296387	6.275772571563721	inf	inf	inf	inf	inf	inf	inf	inf	inf	inf
123	2	4	3	12.0	12.5	5.208605766296387	6.275772571563721	inf					inf				
124	2	4	4	12.0	12.5	5.208605766296387	6.275772571563721	-1.0	inf	inf	inf	15.5	-1.0	inf	inf	inf	6.060771465301514
125	2	5	0	12.5	13.0	5.219939708709717	5.195860862731934	inf	inf	inf	-1.0	-1.0	inf	inf	inf	-1.0	-1.0
126	2	5	1	12.5	13.0	5.219939708709717	5.195860862731934	12.0	-1.0	17.0	-1.0	14.5	5.237758159637451	-1.0	6.582707405090332	-1.0	6.379408359527588
127	2	5	2	12.5	13.0	5.219939708709717	5.195860862731934	11.5	inf	inf	inf	-1.0	5.228212356567383	inf	inf	inf	-1.0
128	2	5	3	12.5	13.0	5.219939708709717	5.195860862731934	inf	inf	inf	inf	inf	inf	inf	inf	inf	inf
129	2	5	4	12.5	13.0	5.219939708709717	5.195860862731934	inf	inf	inf	-1.0	inf	inf	inf	inf	-1.0	inf
130	2	6	0	12.5	13.0	6.063321590423584	5.195860862731934	inf	inf	-1.0	62.0	-1.0	inf	inf	-1.0	51.45151901245117	-1.0
131	2	6	1	12.5	13.0	6.063321590423584	5.195860862731934	14.5	-1.0				5.848240852355957	-1.0			
132	2	6	2	12.5	13.0	6.063321590423584	5.195860862731934	28.0	-1.0	-1.0	-1.0	-1.0	26.786596298217773	-1.0	-1.0	-1.0	-1.0
133	2	6	3	12.5	13.0	6.063321590423584	5.195860862731934	inf	-1.0	inf	inf	inf	inf	-1.0	inf	inf	inf
134	2	6	4	12.5	13.0	6.063321590423584	5.195860862731934	-1.0	26.5	-1.0	-1.0	inf	-1.0	25.522315979003906	-1.0	-1.0	inf
135	2	7	0	13.5	12.0	6.580045700073242	5.208605766296387	inf	-1.0	inf	inf	14.5	inf	-1.0	inf	inf	8.970053672790527
136	2	7	1	13.5	12.0	6.580045700073242	5.208605766296387	14.0	-1.0	28.0	11.0	inf	6.453888893127441	-1.0	26.786596298217773	6.516190052032471	inf
137	2	7	2	13.5	12.0	6.580045700073242	5.208605766296387	-1.0	-1.0	-1.0	inf	10.0	-1.0	-1.0	-1.0	inf	5.4946513175964355
138	2	7	3	13.5	12.0	6.580045700073242	5.208605766296387	17.0	15.5	13.0	15.5	18.0	7.100699424743652	13.822100639343262	18.711206436157227	7.15761137008667	10.609046936035156
139	2	7	4	13.5	12.0	6.580045700073242	5.208605766296387	inf	-1.0	-1.0	inf	20.5	inf	-1.0	-1.0	inf	7.759561538696289
140	2	8	0	13.0	20.5	5.195860862731934	7.759561538696289	inf	14.5	-1.0	-1.0	-1.0	inf	15.17745590209961	-1.0	-1.0	-1.0
141	2	8	1	13.0	20.5	5.195860862731934	7.759561538696289	20.0	13.0	-1.0	14.5	inf	6.168704509735107	4.951700210571289	-1.0	5.815994739532471	inf
142	2	8	2	13.0	20.5	5.195860862731934	7.759561538696289	inf	inf	-1.0	10.5	inf	inf	inf	-1.0	6.482964515686035	inf
143	2	8	3	13.0	20.5	5.195860862731934	7.759561538696289	16.5	-1.0	12.0	-1.0	inf	6.533890724182129	-1.0	5.700016021728516	-1.0	inf
144	2	8	4	13.0	20.5	5.195860862731934	7.759561538696289	-1.0	-1.0	-1.0	inf	inf	-1.0	-1.0	-1.0	inf	inf
145	2	9	0	12.0	12.5	5.208605766296387	5.219939708709717	inf	inf	-1.0	inf	-1.0	inf	inf	-1.0	inf	-1.0
146	2	9	1	12.0	12.5	5.208605766296387	5.219939708709717	inf	inf	inf	inf	inf	inf	inf	inf	inf	inf
147	2	9	2	12.0	12.5	5.208605766296387	5.219939708709717	-1.0	inf	inf	inf	inf	-1.0	inf	inf	inf	inf
148	2	9	3	12.0	12.5	5.208605766296387	5.219939708709717	-1.0	inf	12.5	-1.0	-1.0	-1.0	inf	5.219939708709717	-1.0	-1.0
149	2	9	4	12.0	12.5	5.208605766296387	5.219939708709717	inf	-1.0	13.5	-1.0	inf	inf	-1.0	6.623966217041016	-1.0	inf
