	reset_island_iter	improve_iter	island	program_1_hamming_score	program_2_hamming_score	program_1_neural_score	program_2_neural_score	output_program_1_hamming_score	output_program_2_hamming_score	output_program_3_hamming_score	output_program_4_hamming_score	output_program_5_hamming_score	output_program_1_neural_score	output_program_2_neural_score	output_program_3_neural_score	output_program_4_neural_score	output_program_5_neural_score
0	0	0	0	0.14765512265512265	0.14765512265512265	10.427048683166504	14.24753475189209	0.1087967587967588	0.06574675324675325	-1.0	-1.0	-1.0	3.4897141456604004	1.4641704559326172	-1.0	-1.0	-1.0
1	0	0	1	0.14765512265512265	0.14765512265512265	10.427048683166504	14.24753475189209	0.1087967587967588	inf	-1.0	0.8912032412032412	-1.0	3.4897141456604004	inf	-1.0	5.969919681549072	-1.0
2	0	0	2	0.14765512265512265	0.14765512265512265	10.427048683166504	14.24753475189209	0.1087967587967588					3.4897141456604004				
3	0	0	3	0.14765512265512265	0.14765512265512265	10.427048683166504	14.24753475189209	0.059794372294372296	0.1087967587967588	inf	-1.0	-1.0	1.366578459739685	3.4897141456604004	inf	-1.0	-1.0
4	0	0	4	0.14765512265512265	0.14765512265512265	10.427048683166504	14.24753475189209	0.1087967587967588	inf	0.14765512265512265	inf	0.5723498723498723	3.4897141456604004	inf	4.380143165588379	inf	30.511960983276367
5	0	1	0	0.14765512265512265	0.14765512265512265	14.24753475189209	10.427048683166504	-1.0	-1.0	-1.0	-1.0	-1.0	-1.0	-1.0	-1.0	-1.0	-1.0
6	0	1	1	0.14765512265512265	0.14765512265512265	14.24753475189209	10.427048683166504	0.14765512265512265	-1.0	-1.0	-1.0	0.10592879342879344	4.380143165588379	-1.0	-1.0	-1.0	2.9819459915161133
7	0	1	2	0.14765512265512265	0.14765512265512265	14.24753475189209	10.427048683166504	-1.0	-1.0	-1.0	-1.0	-1.0	-1.0	-1.0	-1.0	-1.0	-1.0
8	0	1	3	0.14765512265512265	0.14765512265512265	14.24753475189209	10.427048683166504	inf	inf	inf	inf	inf	inf	inf	inf	inf	inf
9	0	1	4	0.14765512265512265	0.14765512265512265	14.24753475189209	10.427048683166504	0.19665750915750918	-1.0	-1.0	-1.0	-1.0	2.1812307834625244	-1.0	-1.0	-1.0	-1.0
10	0	2	0	0.19665750915750918	0.14765512265512265	2.1812307834625244	10.427048683166504	0.19665750915750918	-1.0	-1.0	-1.0	-1.0	2.1812307834625244	-1.0	-1.0	-1.0	-1.0
11	0	2	1	0.19665750915750918	0.14765512265512265	2.1812307834625244	10.427048683166504	-1.0	-1.0	-1.0	0.0994893994893995	-1.0	-1.0	-1.0	-1.0	2.1330785751342773	-1.0
12	0	2	2	0.19665750915750918	0.14765512265512265	2.1812307834625244	10.427048683166504	0.10469252969252969	0.11090992340992342	inf	-1.0	inf	3.221068859100342	2.8441779613494873	inf	-1.0	inf
13	0	2	3	0.19665750915750918	0.14765512265512265	2.1812307834625244	10.427048683166504	inf	0.19401293151293153	0.23124098124098125	inf	-1.0	inf	9.962264060974121	10.917682647705078	inf	-1.0
14	0	2	4	0.19665750915750918	0.14765512265512265	2.1812307834625244	10.427048683166504	-1.0	-1.0	-1.0	-1.0	-1.0	-1.0	-1.0	-1.0	-1.0	-1.0
15	0	3	0	0.19665750915750918	0.14765512265512265	2.1812307834625244	10.427048683166504	0.14765512265512265	-1.0	-1.0	-1.0	-1.0	4.380143165588379	-1.0	-1.0	-1.0	-1.0
16	0	3	1	0.19665750915750918	0.14765512265512265	2.1812307834625244	10.427048683166504	0.11722444222444223	-1.0	-1.0	-1.0	0.11280386280386281	8.90625286102295	-1.0	-1.0	-1.0	2.9052462577819824
17	0	3	2	0.19665750915750918	0.14765512265512265	2.1812307834625244	10.427048683166504	-1.0	-1.0	inf	-1.0	-1.0	-1.0	-1.0	inf	-1.0	-1.0
18	0	3	3	0.19665750915750918	0.14765512265512265	2.1812307834625244	10.427048683166504	inf	inf	inf	0.4813783438783439	0.6776875901875903	inf	inf	inf	10.26492977142334	20.529138565063477
19	0	3	4	0.19665750915750918	0.14765512265512265	2.1812307834625244	10.427048683166504	-1.0	inf	inf	-1.0	-1.0	-1.0	inf	inf	-1.0	-1.0
20	0	4	0	0.14765512265512265	0.14765512265512265	14.24753475189209	4.380143165588379	0.1071941946941947	inf	inf	inf	0.1348040848040848	3.4579906463623047	inf	inf	inf	7.70547342300415
21	0	4	1	0.14765512265512265	0.14765512265512265	14.24753475189209	4.380143165588379	0.15175935175935176	0.13922743922743921	-1.0	0.11722444222444223	-1.0	5.622598648071289	7.986321449279785	-1.0	9.668890953063965	-1.0
22	0	4	2	0.14765512265512265	0.14765512265512265	14.24753475189209	4.380143165588379	-1.0	inf	inf	-1.0	-1.0	-1.0	inf	inf	-1.0	-1.0
23	0	4	3	0.14765512265512265	0.14765512265512265	14.24753475189209	4.380143165588379	0.31102231102231104	inf	inf	0.4255189255189255	0.5218392718392719	32.279624938964844	inf	inf	16.780563354492188	38.233943939208984
24	0	4	4	0.14765512265512265	0.14765512265512265	14.24753475189209	4.380143165588379	inf	-1.0	-1.0	0.8523448773448774	inf	inf	-1.0	-1.0	6.795821666717529	inf
25	0	5	0	0.1087967587967588	0.19665750915750918	3.4897141456604004	2.1812307834625244	inf	inf	-1.0	inf	-1.0	inf	inf	-1.0	inf	-1.0
26	0	5	1	0.1087967587967588	0.19665750915750918	3.4897141456604004	2.1812307834625244	0.1071941946941947	-1.0	-1.0	-1.0	-1.0	3.4579906463623047	-1.0	-1.0	-1.0	-1.0
27	0	5	2	0.1087967587967588	0.19665750915750918	3.4897141456604004	2.1812307834625244	-1.0	-1.0	inf	-1.0	inf	-1.0	-1.0	inf	-1.0	inf
28	0	5	3	0.1087967587967588	0.19665750915750918	3.4897141456604004	2.1812307834625244	-1.0	-1.0	inf	-1.0	inf	-1.0	-1.0	inf	-1.0	inf
29	0	5	4	0.1087967587967588	0.19665750915750918	3.4897141456604004	2.1812307834625244	inf	inf	inf	inf	inf	inf	inf	inf	inf	inf
30	0	6	0	0.1087967587967588	0.5723498723498723	3.4897141456604004	30.511960983276367	inf	inf	inf	-1.0	-1.0	inf	inf	inf	-1.0	-1.0
31	0	6	1	0.1087967587967588	0.5723498723498723	3.4897141456604004	30.511960983276367	0.14488705738705737	0.15542651792651793	-1.0	-1.0	-1.0	7.068863868713379	4.126039028167725	-1.0	-1.0	-1.0
32	0	6	2	0.1087967587967588	0.5723498723498723	3.4897141456604004	30.511960983276367	-1.0	inf	inf	inf	-1.0	-1.0	inf	inf	inf	-1.0
33	0	6	3	0.1087967587967588	0.5723498723498723	3.4897141456604004	30.511960983276367	0.16395132645132646	inf	inf	0.17876290376290377	0.23756105006105005	18.105472564697266	inf	inf	7.530449867248535	23.11335563659668
34	0	6	4	0.1087967587967588	0.5723498723498723	3.4897141456604004	30.511960983276367	inf	-1.0	-1.0	0.25645188145188147	-1.0	inf	-1.0	-1.0	67.03382873535156	-1.0
35	0	7	0	0.5723498723498723	0.1087967587967588	30.511960983276367	3.4897141456604004	inf	inf	inf	-1.0	inf	inf	inf	inf	-1.0	inf
36	0	7	1	0.5723498723498723	0.1087967587967588	30.511960983276367	3.4897141456604004	0.13635947385947383	-1.0	-1.0	0.14925768675768675	inf	8.050159454345703	-1.0	-1.0	4.270732402801514	inf
37	0	7	2	0.5723498723498723	0.1087967587967588	30.511960983276367	3.4897141456604004	inf	-1.0	-1.0	inf	-1.0	inf	-1.0	-1.0	inf	-1.0
38	0	7	3	0.5723498723498723	0.1087967587967588	30.511960983276367	3.4897141456604004	0.3993464868464868	inf	0.12654983904983905	0.23923298923298925	0.18517732267732268	33.42539978027344	inf	9.160558700561523	20.29140281677246	13.507627487182617
39	0	7	4	0.5723498723498723	0.1087967587967588	30.511960983276367	3.4897141456604004	0.19568764568764568	0.31102231102231104	0.6776875901875903	-1.0	inf	12.859099388122559	32.279624938964844	20.529138565063477	-1.0	inf
40	0	8	0	0.25645188145188147	0.6776875901875903	67.03382873535156	20.529138565063477	inf	-1.0	-1.0	-1.0	inf	inf	-1.0	-1.0	-1.0	inf
41	0	8	1	0.25645188145188147	0.6776875901875903	67.03382873535156	20.529138565063477	inf	-1.0	0.2393037518037518	0.23313492063492064	-1.0	inf	-1.0	27.82286262512207	25.195213317871094	-1.0
42	0	8	2	0.25645188145188147	0.6776875901875903	67.03382873535156	20.529138565063477	inf	inf	inf	0.13213453213453213	-1.0	inf	inf	inf	4.850942611694336	-1.0
43	0	8	3	0.25645188145188147	0.6776875901875903	67.03382873535156	20.529138565063477	0.10102536352536352	0.10376984126984128	0.10685425685425685	inf	-1.0	3.2543373107910156	3.979884147644043	4.005045413970947	inf	-1.0
44	0	8	4	0.25645188145188147	0.6776875901875903	67.03382873535156	20.529138565063477	-1.0	-1.0	inf	inf	inf	-1.0	-1.0	inf	inf	inf
45	0	9	0	0.8523448773448774	0.25645188145188147	6.795821666717529	67.03382873535156	-1.0	inf	-1.0	-1.0	-1.0	-1.0	inf	-1.0	-1.0	-1.0
46	0	9	1	0.8523448773448774	0.25645188145188147	6.795821666717529	67.03382873535156	inf	inf	inf	inf	inf	inf	inf	inf	inf	inf
47	0	9	2	0.8523448773448774	0.25645188145188147	6.795821666717529	67.03382873535156	0.12620851370851371	inf	0.134491896991897	inf	0.19202325452325453	5.9412617683410645	inf	8.236075401306152	inf	5.643258571624756
48	0	9	3	0.8523448773448774	0.25645188145188147	6.795821666717529	67.03382873535156	-1.0	-1.0	-1.0	-1.0	-1.0	-1.0	-1.0	-1.0	-1.0	-1.0
49	0	9	4	0.8523448773448774	0.25645188145188147	6.795821666717529	67.03382873535156	inf	-1.0	-1.0	-1.0	-1.0	inf	-1.0	-1.0	-1.0	-1.0
50	1	0	0	0.10592879342879344	0.10469252969252969	2.9819459915161133	3.221068859100342	0.1087967587967588	-1.0	-1.0	-1.0	inf	3.4897141456604004	-1.0	-1.0	-1.0	inf
51	1	0	1	0.10592879342879344	0.10469252969252969	2.9819459915161133	3.221068859100342	-1.0	-1.0	inf	0.10714285714285715	-1.0	-1.0	-1.0	inf	1.714979887008667	-1.0
52	1	0	2	0.10592879342879344	0.10469252969252969	2.9819459915161133	3.221068859100342	0.11437312687312687	inf	-1.0	0.08223026973026973	0.09665334665334666	2.0597715377807617	inf	-1.0	1.8147889375686646	1.5985662937164307
53	1	0	3	0.10592879342879344	0.10469252969252969	2.9819459915161133	3.221068859100342	0.14765512265512265	-1.0	-1.0	0.31102231102231104	-1.0	4.380143165588379	-1.0	-1.0	17.902494430541992	-1.0
54	1	0	4	0.10592879342879344	0.10469252969252969	2.9819459915161133	3.221068859100342	-1.0	-1.0	0.15620490620490618	0.14765512265512265	inf	-1.0	-1.0	4.478237152099609	4.380143165588379	inf
55	1	1	0	0.10592879342879344	0.10469252969252969	2.9819459915161133	3.221068859100342	inf	0.8523448773448774	-1.0	-1.0	-1.0	inf	65.23322296142578	-1.0	-1.0	-1.0
56	1	1	1	0.10592879342879344	0.10469252969252969	2.9819459915161133	3.221068859100342	-1.0	-1.0	-1.0	0.8635420135420137	-1.0	-1.0	-1.0	-1.0	11.516755104064941	-1.0
57	1	1	2	0.10592879342879344	0.10469252969252969	2.9819459915161133	3.221068859100342	inf	0.14925768675768675	inf	-1.0	-1.0	inf	4.270732402801514	inf	-1.0	-1.0
58	1	1	3	0.10592879342879344	0.10469252969252969	2.9819459915161133	3.221068859100342	0.1087967587967588	inf	0.5218392718392719	0.5444652569652569	inf	3.4897141456604004	inf	38.233943939208984	37.086326599121094	inf
59	1	1	4	0.10592879342879344	0.10469252969252969	2.9819459915161133	3.221068859100342	inf	0.6802253302253303	-1.0	0.7805167055167055	-1.0	inf	35.8036994934082	-1.0	47.220458984375	-1.0
60	1	2	0	0.6802253302253303	0.10592879342879344	35.8036994934082	2.9819459915161133	inf	-1.0	inf	-1.0	-1.0	inf	-1.0	inf	-1.0	-1.0
61	1	2	1	0.6802253302253303	0.10592879342879344	35.8036994934082	2.9819459915161133	inf	0.19665750915750918	0.25645188145188147	inf	-1.0	inf	2.1812307834625244	32.59508514404297	inf	-1.0
62	1	2	2	0.6802253302253303	0.10592879342879344	35.8036994934082	2.9819459915161133	0.059794372294372296	-1.0	-1.0	-1.0	inf	1.366578459739685	-1.0	-1.0	-1.0	inf
63	1	2	3	0.6802253302253303	0.10592879342879344	35.8036994934082	2.9819459915161133	-1.0	inf	0.10685425685425685	-1.0	-1.0	-1.0	inf	4.005045413970947	-1.0	-1.0
64	1	2	4	0.6802253302253303	0.10592879342879344	35.8036994934082	2.9819459915161133	inf	0.7823565323565324	-1.0	-1.0	-1.0	inf	47.75762176513672	-1.0	-1.0	-1.0
65	1	3	0	0.15620490620490618	0.7805167055167055	4.478237152099609	47.220458984375	inf	inf	-1.0	-1.0	inf	inf	inf	-1.0	-1.0	inf
66	1	3	1	0.15620490620490618	0.7805167055167055	4.478237152099609	47.220458984375	-1.0	-1.0	-1.0	0.1566891441891442	-1.0	-1.0	-1.0	-1.0	3.1152524948120117	-1.0
67	1	3	2	0.15620490620490618	0.7805167055167055	4.478237152099609	47.220458984375	-1.0	inf	-1.0	inf	-1.0	-1.0	inf	-1.0	inf	-1.0
68	1	3	3	0.15620490620490618	0.7805167055167055	4.478237152099609	47.220458984375	-1.0	inf	-1.0	-1.0	-1.0	-1.0	inf	-1.0	-1.0	-1.0
69	1	3	4	0.15620490620490618	0.7805167055167055	4.478237152099609	47.220458984375	0.12715062715062714	-1.0	inf	-1.0	0.7650432900432901	6.4107770919799805	-1.0	inf	-1.0	46.787010192871094
70	1	4	0	0.10592879342879344	0.7823565323565324	2.9819459915161133	47.75762176513672	-1.0	inf	-1.0	inf	-1.0	-1.0	inf	-1.0	inf	-1.0
71	1	4	1	0.10592879342879344	0.7823565323565324	2.9819459915161133	47.75762176513672	inf	0.14765512265512265	0.8912032412032412	-1.0	0.8523448773448774	inf	4.380143165588379	5.969919681549072	-1.0	65.23322296142578
72	1	4	2	0.10592879342879344	0.7823565323565324	2.9819459915161133	47.75762176513672	inf	-1.0	-1.0	-1.0	-1.0	inf	-1.0	-1.0	-1.0	-1.0
73	1	4	3	0.10592879342879344	0.7823565323565324	2.9819459915161133	47.75762176513672	inf	-1.0	inf	-1.0	inf	inf	-1.0	inf	-1.0	inf
74	1	4	4	0.10592879342879344	0.7823565323565324	2.9819459915161133	47.75762176513672	0.12074314574314574	0.3625041625041625	inf	-1.0	inf	6.325018405914307	14.626874923706055	inf	-1.0	inf
75	1	5	0	0.10469252969252969	0.14765512265512265	3.221068859100342	4.380143165588379	0.8635420135420137	0.059794372294372296	inf	-1.0	inf	11.516755104064941	1.366578459739685	inf	-1.0	inf
76	1	5	1	0.10469252969252969	0.14765512265512265	3.221068859100342	4.380143165588379	0.1087967587967588	inf	-1.0	-1.0	-1.0	3.4897141456604004	inf	-1.0	-1.0	-1.0
77	1	5	2	0.10469252969252969	0.14765512265512265	3.221068859100342	4.380143165588379	-1.0	inf	-1.0	inf	inf	-1.0	inf	-1.0	inf	inf
78	1	5	3	0.10469252969252969	0.14765512265512265	3.221068859100342	4.380143165588379	inf	0.22012293262293262	0.26084887334887336	inf	-1.0	inf	22.033498764038086	27.31703758239746	inf	-1.0
79	1	5	4	0.10469252969252969	0.14765512265512265	3.221068859100342	4.380143165588379	0.11749084249084249	0.0994893994893995	inf	-1.0	inf	5.098454475402832	2.4904873371124268	inf	-1.0	inf
80	1	6	0	0.12715062715062714	0.7805167055167055	6.4107770919799805	47.220458984375	-1.0	-1.0	-1.0	inf	0.14765512265512265	-1.0	-1.0	-1.0	inf	4.380143165588379
81	1	6	1	0.12715062715062714	0.7805167055167055	6.4107770919799805	47.220458984375	-1.0	-1.0	0.9402056277056277	-1.0	-1.0	-1.0	-1.0	30.87751007080078	-1.0	-1.0
82	1	6	2	0.12715062715062714	0.7805167055167055	6.4107770919799805	47.220458984375	-1.0	-1.0	-1.0	-1.0	-1.0	-1.0	-1.0	-1.0	-1.0	-1.0
83	1	6	3	0.12715062715062714	0.7805167055167055	6.4107770919799805	47.220458984375	0.15268204018204018	inf	inf	-1.0	-1.0	5.055166244506836	inf	inf	-1.0	-1.0
84	1	6	4	0.12715062715062714	0.7805167055167055	6.4107770919799805	47.220458984375	0.1447607947607948	0.1111999111999112	-1.0	inf	-1.0	11.832244873046875	5.187897205352783	-1.0	inf	-1.0
85	1	7	0	0.1111999111999112	0.0994893994893995	5.187897205352783	2.4904873371124268	inf	-1.0	-1.0	-1.0	-1.0	inf	-1.0	-1.0	-1.0	-1.0
86	1	7	1	0.1111999111999112	0.0994893994893995	5.187897205352783	2.4904873371124268	-1.0	-1.0	-1.0	-1.0	-1.0	-1.0	-1.0	-1.0	-1.0	-1.0
87	1	7	2	0.1111999111999112	0.0994893994893995	5.187897205352783	2.4904873371124268	-1.0	inf	-1.0	0.22947052947052948	inf	-1.0	inf	-1.0	15.467713356018066	inf
88	1	7	3	0.1111999111999112	0.0994893994893995	5.187897205352783	2.4904873371124268	-1.0	-1.0	inf	0.31102231102231104	-1.0	-1.0	-1.0	inf	32.279624938964844	-1.0
89	1	7	4	0.1111999111999112	0.0994893994893995	5.187897205352783	2.4904873371124268	0.1685869685869686	0.13284077034077035	-1.0	inf	inf	12.962861061096191	6.706431865692139	-1.0	inf	inf
90	1	8	0	0.7823565323565324	0.6802253302253303	47.75762176513672	35.8036994934082	inf	-1.0	-1.0	-1.0	-1.0	inf	-1.0	-1.0	-1.0	-1.0
91	1	8	1	0.7823565323565324	0.6802253302253303	47.75762176513672	35.8036994934082	-1.0	-1.0	-1.0	0.1685911310911311	-1.0	-1.0	-1.0	-1.0	34.02397155761719	-1.0
92	1	8	2	0.7823565323565324	0.6802253302253303	47.75762176513672	35.8036994934082	0.1087967587967588	-1.0	-1.0	inf	-1.0	3.4897141456604004	-1.0	-1.0	inf	-1.0
93	1	8	3	0.7823565323565324	0.6802253302253303	47.75762176513672	35.8036994934082	-1.0	0.1218129093129093	-1.0	-1.0	-1.0	-1.0	6.655026912689209	-1.0	-1.0	-1.0
94	1	8	4	0.7823565323565324	0.6802253302253303	47.75762176513672	35.8036994934082	0.1087967587967588	-1.0	inf	0.16696220446220447	inf	3.4897141456604004	-1.0	inf	8.142020225524902	inf
95	1	9	0	0.3625041625041625	0.6802253302253303	14.626874923706055	35.8036994934082	inf	-1.0	-1.0	inf	inf	inf	-1.0	-1.0	inf	inf
96	1	9	1	0.3625041625041625	0.6802253302253303	14.626874923706055	35.8036994934082	-1.0	-1.0	-1.0	-1.0	-1.0	-1.0	-1.0	-1.0	-1.0	-1.0
97	1	9	2	0.3625041625041625	0.6802253302253303	14.626874923706055	35.8036994934082	-1.0	-1.0	-1.0	-1.0	inf	-1.0	-1.0	-1.0	-1.0	inf
98	1	9	3	0.3625041625041625	0.6802253302253303	14.626874923706055	35.8036994934082	-1.0	-1.0	inf	-1.0	-1.0	-1.0	-1.0	inf	-1.0	-1.0
99	1	9	4	0.3625041625041625	0.6802253302253303	14.626874923706055	35.8036994934082	inf	0.11722444222444223	-1.0	-1.0	inf	inf	8.90625286102295	-1.0	-1.0	inf
100	2	0	0	0.10102536352536352	0.10102536352536352	7.673715591430664	3.2543373107910156	inf	inf	inf	0.844573482073482	-1.0	inf	inf	inf	61.25849914550781	-1.0
101	2	0	1	0.10102536352536352	0.10102536352536352	7.673715591430664	3.2543373107910156	0.1363830613830614	inf	0.1355810855810856	inf	inf	5.027735233306885	inf	4.428809642791748	inf	inf
102	2	0	2	0.10102536352536352	0.10102536352536352	7.673715591430664	3.2543373107910156	inf	inf	0.09381313131313132	inf	-1.0	inf	inf	2.62603759765625	inf	-1.0
103	2	0	3	0.10102536352536352	0.10102536352536352	7.673715591430664	3.2543373107910156	0.17962037962037963	-1.0	0.09913142413142413	-1.0	0.31102231102231104	8.228818893432617	-1.0	2.625364065170288	-1.0	17.902494430541992
104	2	0	4	0.10102536352536352	0.10102536352536352	7.673715591430664	3.2543373107910156	0.12378038628038629	inf	0.38159618159618164	0.27359446109446106	0.10262792762792763	6.298276901245117	inf	17.703760147094727	26.148693084716797	3.236786127090454
105	2	1	0	0.27359446109446106	0.12378038628038629	26.148693084716797	6.298276901245117	0.6400280275280275	0.844573482073482	-1.0	-1.0	-1.0	48.01118469238281	14.882777214050293	-1.0	-1.0	-1.0
106	2	1	1	0.27359446109446106	0.12378038628038629	26.148693084716797	6.298276901245117	-1.0	0.13026279276279276	0.5622197247197247	-1.0	inf	-1.0	3.9835009574890137	27.265336990356445	-1.0	inf
107	2	1	2	0.27359446109446106	0.12378038628038629	26.148693084716797	6.298276901245117	0.04033882783882784	0.10454822954822957	-1.0	-1.0	-1.0	1.1370666027069092	6.780546188354492	-1.0	-1.0	-1.0
108	2	1	3	0.27359446109446106	0.12378038628038629	26.148693084716797	6.298276901245117	inf	inf	inf	inf	0.1552988677988678	inf	inf	inf	inf	12.977340698242188
109	2	1	4	0.27359446109446106	0.12378038628038629	26.148693084716797	6.298276901245117	0.13325285825285826	0.14272671772671774	inf	0.11923770673770674	0.08286019536019536	7.679681301116943	7.836049556732178	inf	4.699958801269531	6.100950717926025
110	2	2	0	0.11923770673770674	0.27359446109446106	4.699958801269531	26.148693084716797	inf	0.09815739815739816	0.1552988677988678	-1.0	inf	inf	2.897287368774414	12.977340698242188	-1.0	inf
111	2	2	1	0.11923770673770674	0.27359446109446106	4.699958801269531	26.148693084716797	0.10704711954711955	0.12465312465312464	inf	inf	0.10102536352536352	3.1974472999572754	3.582763433456421	inf	inf	3.2543373107910156
112	2	2	2	0.11923770673770674	0.27359446109446106	4.699958801269531	26.148693084716797	-1.0	-1.0	-1.0	inf	0.12183233433233434	-1.0	-1.0	-1.0	inf	1.8909990787506104
113	2	2	3	0.11923770673770674	0.27359446109446106	4.699958801269531	26.148693084716797	inf	inf	inf	0.18406315906315907	inf	inf	inf	inf	22.885820388793945	inf
114	2	2	4	0.11923770673770674	0.27359446109446106	4.699958801269531	26.148693084716797	0.13895687645687646	0.15792402042402043	inf	-1.0	inf	16.26902198791504	13.661104202270508	inf	-1.0	inf
115	2	3	0	0.15792402042402043	0.13325285825285826	13.661104202270508	7.679681301116943	inf	0.1086011211011211	inf	-1.0	0.11414002664002663	inf	2.6066184043884277	inf	-1.0	8.818846702575684
116	2	3	1	0.15792402042402043	0.13325285825285826	13.661104202270508	7.679681301116943	inf	-1.0	inf	inf	-1.0	inf	-1.0	inf	inf	-1.0
117	2	3	2	0.15792402042402043	0.13325285825285826	13.661104202270508	7.679681301116943	-1.0	inf	inf	inf	0.05549034299034299	-1.0	inf	inf	inf	1.0935860872268677
118	2	3	3	0.15792402042402043	0.13325285825285826	13.661104202270508	7.679681301116943	0.393983793983794	inf	0.20440670440670441	inf	0.680504218004218	14.72187614440918	inf	8.376565933227539	inf	30.549171447753906
119	2	3	4	0.15792402042402043	0.13325285825285826	13.661104202270508	7.679681301116943	inf	0.3107087357087357	inf	inf	inf	inf	18.828678131103516	inf	inf	inf
120	2	4	0	0.15792402042402043	0.11923770673770674	13.661104202270508	4.699958801269531	0.1041111666111666	-1.0	0.117007992007992	-1.0	-1.0	8.390397071838379	-1.0	8.589237213134766	-1.0	-1.0
121	2	4	1	0.15792402042402043	0.11923770673770674	13.661104202270508	4.699958801269531	-1.0	0.14255189255189255	inf	0.24248112998112997	-1.0	-1.0	4.350922584533691	inf	8.075928688049316	-1.0
122	2	4	2	0.15792402042402043	0.11923770673770674	13.661104202270508	4.699958801269531	inf	inf	0.6653971028971029	inf	inf	inf	inf	8.254645347595215	inf	inf
123	2	4	3	0.15792402042402043	0.11923770673770674	13.661104202270508	4.699958801269531	inf	0.3391747141747142	inf	-1.0	0.48066100566100567	inf	17.079177856445312	inf	-1.0	16.63808250427246
124	2	4	4	0.15792402042402043	0.11923770673770674	13.661104202270508	4.699958801269531	inf	0.1393953268953269	inf	-1.0	inf	inf	7.058468341827393	inf	-1.0	inf
125	2	5	0	0.15792402042402043	0.10102536352536352	13.661104202270508	3.2543373107910156	0.18237734487734486	0.10354784104784104	inf	0.12958291708291708	0.10102536352536352	17.357065200805664	4.808506011962891	inf	4.185604095458984	3.2543373107910156
126	2	5	1	0.15792402042402043	0.10102536352536352	13.661104202270508	3.2543373107910156	-1.0	-1.0	0.6854340104340104	-1.0	-1.0	-1.0	-1.0	39.97764587402344	-1.0	-1.0
127	2	5	2	0.15792402042402043	0.10102536352536352	13.661104202270508	3.2543373107910156	0.09354811854811855	-1.0	-1.0	0.07785825285825286	-1.0	4.256204128265381	-1.0	-1.0	3.0299630165100098	-1.0
128	2	5	3	0.15792402042402043	0.10102536352536352	13.661104202270508	3.2543373107910156	-1.0	inf	-1.0	-1.0	inf	-1.0	inf	-1.0	-1.0	inf
129	2	5	4	0.15792402042402043	0.10102536352536352	13.661104202270508	3.2543373107910156	0.22383449883449885	0.1976107226107226	inf	inf	0.16298007548007548	21.650955200195312	17.62299919128418	inf	inf	12.977025985717773
130	2	6	0	0.12378038628038629	0.10102536352536352	6.298276901245117	3.2543373107910156	inf	-1.0	-1.0	-1.0	-1.0	inf	-1.0	-1.0	-1.0	-1.0
131	2	6	1	0.12378038628038629	0.10102536352536352	6.298276901245117	3.2543373107910156	-1.0	-1.0	0.14605255855255855	-1.0	0.10291930291930292	-1.0	-1.0	5.839476585388184	-1.0	3.179394006729126
132	2	6	2	0.12378038628038629	0.10102536352536352	6.298276901245117	3.2543373107910156	0.10709429459429459	0.10386557886557887	0.11615190365190364	0.12088744588744589	inf	2.7810990810394287	2.5498740673065186	2.558567523956299	3.3699231147766113	inf
133	2	6	3	0.12378038628038629	0.10102536352536352	6.298276901245117	3.2543373107910156	inf	-1.0	-1.0	-1.0	-1.0	inf	-1.0	-1.0	-1.0	-1.0
134	2	6	4	0.12378038628038629	0.10102536352536352	6.298276901245117	3.2543373107910156	inf	0.109987234987235	0.1665945165945166	inf	0.10321067821067821	inf	2.8626599311828613	15.5374116897583	inf	2.9096341133117676
135	2	7	0	0.38159618159618164	0.1393953268953269	17.703760147094727	7.058468341827393	inf	inf	-1.0	-1.0	-1.0	inf	inf	-1.0	-1.0	-1.0
136	2	7	1	0.38159618159618164	0.1393953268953269	17.703760147094727	7.058468341827393	0.11765873015873014	0.11414002664002663	inf	0.20347846597846597	0.1552988677988678	6.246981143951416	8.818846702575684	inf	16.93589210510254	12.977340698242188
137	2	7	2	0.38159618159618164	0.1393953268953269	17.703760147094727	7.058468341827393	0.15461621711621712	0.1382742257742258	0.13344572094572094	inf	0.13344572094572094	9.598721504211426	9.769536018371582	12.15250015258789	inf	4.463831424713135
138	2	7	3	0.38159618159618164	0.1393953268953269	17.703760147094727	7.058468341827393	inf	0.1876970251970252	-1.0	0.40952242202242206	inf	inf	19.10837745666504	-1.0	31.822296142578125	inf
139	2	7	4	0.38159618159618164	0.1393953268953269	17.703760147094727	7.058468341827393	inf	0.11765873015873014	-1.0	0.1552988677988678	-1.0	inf	6.246981143951416	-1.0	12.977340698242188	-1.0
140	2	8	0	0.12378038628038629	0.11765873015873014	6.298276901245117	6.246981143951416	inf	inf	inf	-1.0	-1.0	inf	inf	inf	-1.0	-1.0
141	2	8	1	0.12378038628038629	0.11765873015873014	6.298276901245117	6.246981143951416	0.15335497835497836	0.18672438672438674	0.2236041736041736	-1.0	inf	10.665655136108398	10.57249641418457	8.222070693969727	-1.0	inf
142	2	8	2	0.12378038628038629	0.11765873015873014	6.298276901245117	6.246981143951416	-1.0	-1.0	-1.0	inf	0.18610139860139863	-1.0	-1.0	-1.0	inf	5.289918899536133
143	2	8	3	0.12378038628038629	0.11765873015873014	6.298276901245117	6.246981143951416	inf	inf	-1.0	-1.0	inf	inf	inf	-1.0	-1.0	inf
144	2	8	4	0.12378038628038629	0.11765873015873014	6.298276901245117	6.246981143951416	inf	0.31284132534132536	-1.0	-1.0	inf	inf	28.113168716430664	-1.0	-1.0	inf
145	2	9	0	0.1665945165945166	0.1976107226107226	15.5374116897583	17.62299919128418	0.13237595737595736	-1.0	inf	inf	-1.0	4.046073913574219	-1.0	inf	inf	-1.0
146	2	9	1	0.1665945165945166	0.1976107226107226	15.5374116897583	17.62299919128418	0.1622141747141747	-1.0	-1.0	inf	-1.0	6.063048839569092	-1.0	-1.0	inf	-1.0
147	2	9	2	0.1665945165945166	0.1976107226107226	15.5374116897583	17.62299919128418	-1.0	-1.0	-1.0	-1.0	inf	-1.0	-1.0	-1.0	-1.0	inf
148	2	9	3	0.1665945165945166	0.1976107226107226	15.5374116897583	17.62299919128418	inf	inf	inf	-1.0	inf	inf	inf	inf	-1.0	inf
149	2	9	4	0.1665945165945166	0.1976107226107226	15.5374116897583	17.62299919128418	inf	0.7006438006438006	0.6439421689421689	-1.0	inf	inf	25.154813766479492	26.853527069091797	-1.0	inf
