	reset_island_iter	improve_iter	island	program_1_hamming_score	program_2_hamming_score	program_1_neural_score	program_2_neural_score	output_program_1_hamming_score	output_program_2_hamming_score	output_program_3_hamming_score	output_program_4_hamming_score	output_program_5_hamming_score	output_program_1_neural_score	output_program_2_neural_score	output_program_3_neural_score	output_program_4_neural_score	output_program_5_neural_score
0	0	0	0	19.5	1986.0	13.972688674926758	14.029828071594238	14.5	227.0	37.0	-1.0	41.0	30.264741897583008	31.209041595458984	28.793962478637695	-1.0	27.390850067138672
1	0	0	1	19.5	1986.0	13.972688674926758	14.029828071594238	14.5	inf	28.0	60.0	inf	30.264741897583008	inf	29.963218688964844	16.919736862182617	inf
2	0	0	2	19.5	1986.0	13.972688674926758	14.029828071594238	30.5	42.5	inf	241.0	inf	8.862363815307617	11.618548393249512	inf	34.1209716796875	inf
3	0	0	3	19.5	1986.0	13.972688674926758	14.029828071594238	114.5	240.5	-1.0	-1.0	-1.0	30.723356246948242	59.462440490722656	-1.0	-1.0	-1.0
4	0	0	4	19.5	1986.0	13.972688674926758	14.029828071594238	14.5	inf	-1.0	inf	57.5	30.264741897583008	inf	-1.0	inf	25.125112533569336
5	0	1	0	19.5	1986.0	13.972688674926758	14.029828071594238	inf	57.5	inf	inf	inf	inf	15.524396896362305	inf	inf	inf
6	0	1	1	19.5	1986.0	13.972688674926758	14.029828071594238	-1.0	inf	50.0	inf	inf	-1.0	inf	20.897279739379883	inf	inf
7	0	1	2	19.5	1986.0	13.972688674926758	14.029828071594238	-1.0	-1.0	-1.0	61.0	-1.0	-1.0	-1.0	-1.0	13.661996841430664	-1.0
8	0	1	3	19.5	1986.0	13.972688674926758	14.029828071594238	76.0	37.0	57.5	14.5	-1.0	20.50423240661621	28.793962478637695	25.125112533569336	30.264741897583008	-1.0
9	0	1	4	19.5	1986.0	13.972688674926758	14.029828071594238	inf	-1.0	61.5	93.0	inf	inf	-1.0	16.62213897705078	26.292490005493164	inf
10	0	2	0	19.5	1986.0	13.972688674926758	14.029828071594238	24.5	inf	121.0	inf	38.0	10.781635284423828	inf	43.240840911865234	inf	9.791275024414062
11	0	2	1	19.5	1986.0	13.972688674926758	14.029828071594238	inf	-1.0	inf	inf	240.5	inf	-1.0	inf	inf	59.462440490722656
12	0	2	2	19.5	1986.0	13.972688674926758	14.029828071594238	25.5	-1.0	-1.0	80.0	25.0	10.6726655960083	-1.0	-1.0	10.838702201843262	10.79240894317627
13	0	2	3	19.5	1986.0	13.972688674926758	14.029828071594238	inf	71.0	inf	-1.0	-1.0	inf	19.358434677124023	inf	-1.0	-1.0
14	0	2	4	19.5	1986.0	13.972688674926758	14.029828071594238	inf	inf	inf	inf	71.0	inf	inf	inf	inf	19.358434677124023
15	0	3	0	19.5	1986.0	13.972688674926758	14.029828071594238	inf	inf	-1.0	-1.0	-1.0	inf	inf	-1.0	-1.0	-1.0
16	0	3	1	19.5	1986.0	13.972688674926758	14.029828071594238	inf	inf	48.5	inf	inf	inf	inf	21.68094253540039	inf	inf
17	0	3	2	19.5	1986.0	13.972688674926758	14.029828071594238	24.5	37.0	-1.0	-1.0	-1.0	10.781635284423828	28.793962478637695	-1.0	-1.0	-1.0
18	0	3	3	19.5	1986.0	13.972688674926758	14.029828071594238	inf	-1.0	inf	59.5	inf	inf	-1.0	inf	24.040910720825195	inf
19	0	3	4	19.5	1986.0	13.972688674926758	14.029828071594238	inf	inf	inf	-1.0	inf	inf	inf	inf	-1.0	inf
20	0	4	0	1986.0	19.5	14.029828071594238	13.972688674926758	-1.0	inf	inf	-1.0	-1.0	-1.0	inf	inf	-1.0	-1.0
21	0	4	1	1986.0	19.5	14.029828071594238	13.972688674926758	inf	inf	-1.0	inf	inf	inf	inf	-1.0	inf	inf
22	0	4	2	1986.0	19.5	14.029828071594238	13.972688674926758	-1.0	inf	38.0	23.5	inf	-1.0	inf	17.660585403442383	8.898356437683105	inf
23	0	4	3	1986.0	19.5	14.029828071594238	13.972688674926758	inf	inf	inf	inf	inf	inf	inf	inf	inf	inf
24	0	4	4	1986.0	19.5	14.029828071594238	13.972688674926758	inf	inf	inf	inf	inf	inf	inf	inf	inf	inf
25	0	5	0	19.5	1986.0	13.972688674926758	14.029828071594238	inf	-1.0	inf	-1.0	-1.0	inf	-1.0	inf	-1.0	-1.0
26	0	5	1	19.5	1986.0	13.972688674926758	14.029828071594238	inf	inf	37.0	-1.0	57.5	inf	inf	28.793962478637695	-1.0	25.125112533569336
27	0	5	2	19.5	1986.0	13.972688674926758	14.029828071594238	inf	inf	22.5	-1.0	38.0	inf	inf	9.009652137756348	-1.0	9.791275024414062
28	0	5	3	19.5	1986.0	13.972688674926758	14.029828071594238	inf	41.0	inf	61.5	-1.0	inf	27.390850067138672	inf	23.39665985107422	-1.0
29	0	5	4	19.5	1986.0	13.972688674926758	14.029828071594238	-1.0	inf	-1.0	inf	-1.0	-1.0	inf	-1.0	inf	-1.0
30	0	6	0	19.5	1986.0	13.972688674926758	14.029828071594238	27.0	inf	inf	inf	inf	9.875482559204102	inf	inf	inf	inf
31	0	6	1	19.5	1986.0	13.972688674926758	14.029828071594238	inf	inf	-1.0	-1.0	-1.0	inf	inf	-1.0	-1.0	-1.0
32	0	6	2	19.5	1986.0	13.972688674926758	14.029828071594238	inf	inf	-1.0	-1.0	inf	inf	inf	-1.0	-1.0	inf
33	0	6	3	19.5	1986.0	13.972688674926758	14.029828071594238	inf	inf	38.0	inf	inf	inf	inf	9.791275024414062	inf	inf
34	0	6	4	19.5	1986.0	13.972688674926758	14.029828071594238	inf	inf	28.0	-1.0	37.0	inf	inf	29.963218688964844	-1.0	28.793962478637695
35	0	7	0	1986.0	19.5	14.029828071594238	13.972688674926758	inf	inf	inf	inf	inf	inf	inf	inf	inf	inf
36	0	7	1	1986.0	19.5	14.029828071594238	13.972688674926758	inf	inf	-1.0	inf	-1.0	inf	inf	-1.0	inf	-1.0
37	0	7	2	1986.0	19.5	14.029828071594238	13.972688674926758	inf	inf	-1.0	-1.0	23.0	inf	inf	-1.0	-1.0	10.322758674621582
38	0	7	3	1986.0	19.5	14.029828071594238	13.972688674926758	-1.0	-1.0	inf	-1.0	inf	-1.0	-1.0	inf	-1.0	inf
39	0	7	4	1986.0	19.5	14.029828071594238	13.972688674926758	-1.0	inf	-1.0	-1.0	-1.0	-1.0	inf	-1.0	-1.0	-1.0
40	0	8	0	1986.0	19.5	14.029828071594238	13.972688674926758	-1.0	inf	inf	inf	-1.0	-1.0	inf	inf	inf	-1.0
41	0	8	1	1986.0	19.5	14.029828071594238	13.972688674926758	inf	inf	-1.0	-1.0	-1.0	inf	inf	-1.0	-1.0	-1.0
42	0	8	2	1986.0	19.5	14.029828071594238	13.972688674926758	28.0	inf	-1.0	inf	inf	58.22380065917969	inf	-1.0	inf	inf
43	0	8	3	1986.0	19.5	14.029828071594238	13.972688674926758	inf	46.5	-1.0	28.0	inf	inf	9.976305961608887	-1.0	29.963218688964844	inf
44	0	8	4	1986.0	19.5	14.029828071594238	13.972688674926758	inf	inf	inf	inf	inf	inf	inf	inf	inf	inf
45	0	9	0	1986.0	19.5	14.029828071594238	13.972688674926758	inf	-1.0	inf	inf	inf	inf	-1.0	inf	inf	inf
46	0	9	1	1986.0	19.5	14.029828071594238	13.972688674926758	inf	32.5	inf	inf	-1.0	inf	24.04920196533203	inf	inf	-1.0
47	0	9	2	1986.0	19.5	14.029828071594238	13.972688674926758	29.0	inf	-1.0	-1.0	14.5	11.385595321655273	inf	-1.0	-1.0	30.264741897583008
48	0	9	3	1986.0	19.5	14.029828071594238	13.972688674926758	inf	43.5	-1.0	88.5	134.5	inf	16.718191146850586	-1.0	31.544967651367188	36.390533447265625
49	0	9	4	1986.0	19.5	14.029828071594238	13.972688674926758	24.5	inf	inf	-1.0	inf	13.612720489501953	inf	inf	-1.0	inf
50	1	0	0	23.0	46.5	10.322758674621582	9.976305961608887	49.5	inf	-1.0	47.0	inf	24.215219497680664	inf	-1.0	24.94178009033203	inf
51	1	0	1	23.0	46.5	10.322758674621582	9.976305961608887	25.5	14.5	-1.0	24.5	-1.0	10.6726655960083	30.264741897583008	-1.0	10.781635284423828	-1.0
52	1	0	2	23.0	46.5	10.322758674621582	9.976305961608887	30.0	-1.0	-1.0	-1.0	inf	9.626948356628418	-1.0	-1.0	-1.0	inf
53	1	0	3	23.0	46.5	10.322758674621582	9.976305961608887	28.0	-1.0	57.5	-1.0	-1.0	29.963218688964844	-1.0	25.125112533569336	-1.0	-1.0
54	1	0	4	23.0	46.5	10.322758674621582	9.976305961608887	54.5	187.0	60.0	inf	-1.0	28.131427764892578	28.333602905273438	24.920787811279297	inf	-1.0
55	1	1	0	46.5	23.0	9.976305961608887	10.322758674621582	14.5	-1.0	37.0	-1.0	57.5	30.264741897583008	-1.0	28.793962478637695	-1.0	25.125112533569336
56	1	1	1	46.5	23.0	9.976305961608887	10.322758674621582	-1.0	-1.0	-1.0	-1.0	-1.0	-1.0	-1.0	-1.0	-1.0	-1.0
57	1	1	2	46.5	23.0	9.976305961608887	10.322758674621582	14.5	inf	inf	-1.0	-1.0	30.264741897583008	inf	inf	-1.0	-1.0
58	1	1	3	46.5	23.0	9.976305961608887	10.322758674621582	39.0	24.5	25.5	inf	24.0	11.143210411071777	10.781635284423828	10.6726655960083	inf	10.210886001586914
59	1	1	4	46.5	23.0	9.976305961608887	10.322758674621582	-1.0	inf	68.0	30.0	22.5	-1.0	inf	21.51595115661621	19.38824462890625	22.291536331176758
60	1	2	0	23.0	46.5	10.322758674621582	9.976305961608887	20.0	-1.0	33.0	-1.0	-1.0	12.346359252929688	-1.0	33.3044548034668	-1.0	-1.0
61	1	2	1	23.0	46.5	10.322758674621582	9.976305961608887	-1.0	-1.0	inf	-1.0	-1.0	-1.0	-1.0	inf	-1.0	-1.0
62	1	2	2	23.0	46.5	10.322758674621582	9.976305961608887	inf	inf	inf	inf	239.5	inf	inf	inf	inf	55.287654876708984
63	1	2	3	23.0	46.5	10.322758674621582	9.976305961608887	inf	30.0	inf			inf	10.240303993225098	inf		
64	1	2	4	23.0	46.5	10.322758674621582	9.976305961608887	75.0	inf	14.5	inf	-1.0	36.50156021118164	inf	30.264741897583008	inf	-1.0
65	1	3	0	46.5	23.0	9.976305961608887	10.322758674621582	12.5	-1.0	inf	-1.0	inf	24.71670150756836	-1.0	inf	-1.0	inf
66	1	3	1	46.5	23.0	9.976305961608887	10.322758674621582	-1.0	-1.0	-1.0	inf	-1.0	-1.0	-1.0	-1.0	inf	-1.0
67	1	3	2	46.5	23.0	9.976305961608887	10.322758674621582	inf	inf	inf	inf	inf	inf	inf	inf	inf	inf
68	1	3	3	46.5	23.0	9.976305961608887	10.322758674621582	inf	-1.0	23.0	inf	-1.0	inf	-1.0	10.322758674621582	inf	-1.0
69	1	3	4	46.5	23.0	9.976305961608887	10.322758674621582	26.5	121.0	-1.0	-1.0	-1.0	29.54408073425293	43.240840911865234	-1.0	-1.0	-1.0
70	1	4	0	46.5	23.0	9.976305961608887	10.322758674621582	inf	inf	13.5	inf	26.5	inf	inf	26.955303192138672	inf	52.52653121948242
71	1	4	1	46.5	23.0	9.976305961608887	10.322758674621582	inf	-1.0	inf	-1.0	-1.0	inf	-1.0	inf	-1.0	-1.0
72	1	4	2	46.5	23.0	9.976305961608887	10.322758674621582	inf	-1.0	inf	24.5	240.5	inf	-1.0	inf	13.612720489501953	59.462440490722656
73	1	4	3	46.5	23.0	9.976305961608887	10.322758674621582	121.0	131.0	95.0	14.5	240.5	43.240840911865234	38.04252624511719	50.78522491455078	30.264741897583008	59.462440490722656
74	1	4	4	46.5	23.0	9.976305961608887	10.322758674621582	inf	-1.0	28.0	25.0	inf	inf	-1.0	14.5147123336792	29.62070083618164	inf
75	1	5	0	23.0	46.5	10.322758674621582	9.976305961608887	inf	inf	inf	inf	inf	inf	inf	inf	inf	inf
76	1	5	1	23.0	46.5	10.322758674621582	9.976305961608887	inf	inf	inf	inf	inf	inf	inf	inf	inf	inf
77	1	5	2	23.0	46.5	10.322758674621582	9.976305961608887	inf	inf	inf	inf	inf	inf	inf	inf	inf	inf
78	1	5	3	23.0	46.5	10.322758674621582	9.976305961608887	14.5	39.5	15.5	inf	17.5	28.97374153137207	12.758957862854004	30.283802032470703	inf	28.09903335571289
79	1	5	4	23.0	46.5	10.322758674621582	9.976305961608887	-1.0	inf	inf	-1.0	-1.0	-1.0	inf	inf	-1.0	-1.0
80	1	6	0	46.5	23.0	9.976305961608887	10.322758674621582	inf	14.5	inf	inf	inf	inf	23.419509887695312	inf	inf	inf
81	1	6	1	46.5	23.0	9.976305961608887	10.322758674621582	-1.0	240.5	inf	-1.0	-1.0	-1.0	59.462440490722656	inf	-1.0	-1.0
82	1	6	2	46.5	23.0	9.976305961608887	10.322758674621582	inf	-1.0	inf	inf	inf	inf	-1.0	inf	inf	inf
83	1	6	3	46.5	23.0	9.976305961608887	10.322758674621582	-1.0	18.5	inf	15.0	inf	-1.0	29.749086380004883	inf	30.1946964263916	inf
84	1	6	4	46.5	23.0	9.976305961608887	10.322758674621582	20.0	19.5	inf	-1.0	inf	12.346359252929688	12.453272819519043	inf	-1.0	inf
85	1	7	0	46.5	23.0	9.976305961608887	10.322758674621582	inf	inf	inf	-1.0	inf	inf	inf	inf	-1.0	inf
86	1	7	1	46.5	23.0	9.976305961608887	10.322758674621582	inf	-1.0	-1.0	inf	-1.0	inf	-1.0	-1.0	inf	-1.0
87	1	7	2	46.5	23.0	9.976305961608887	10.322758674621582	inf	-1.0	inf	inf	inf	inf	-1.0	inf	inf	inf
88	1	7	3	46.5	23.0	9.976305961608887	10.322758674621582	-1.0	inf	inf	inf	inf	-1.0	inf	inf	inf	inf
89	1	7	4	46.5	23.0	9.976305961608887	10.322758674621582	inf	-1.0	inf	-1.0	28.0	inf	-1.0	inf	-1.0	58.22380065917969
90	1	8	0	46.5	23.0	9.976305961608887	10.322758674621582	inf	inf	inf	inf	inf	inf	inf	inf	inf	inf
91	1	8	1	46.5	23.0	9.976305961608887	10.322758674621582	inf	129.5	227.5	-1.0	inf	inf	38.60097122192383	40.04216003417969	-1.0	inf
92	1	8	2	46.5	23.0	9.976305961608887	10.322758674621582	37.0	inf	inf	inf	inf	9.76928997039795	inf	inf	inf	inf
93	1	8	3	46.5	23.0	9.976305961608887	10.322758674621582	-1.0	inf	-1.0	-1.0	-1.0	-1.0	inf	-1.0	-1.0	-1.0
94	1	8	4	46.5	23.0	9.976305961608887	10.322758674621582	inf	inf	inf	inf	39.0	inf	inf	inf	inf	27.484941482543945
95	1	9	0	19.5	23.0	12.453272819519043	10.322758674621582	inf	inf	inf	inf	inf	inf	inf	inf	inf	inf
96	1	9	1	19.5	23.0	12.453272819519043	10.322758674621582	inf	28.0	inf	-1.0	inf	inf	29.963218688964844	inf	-1.0	inf
97	1	9	2	19.5	23.0	12.453272819519043	10.322758674621582	inf	inf	inf	inf	23.5	inf	inf	inf	inf	11.391170501708984
98	1	9	3	19.5	23.0	12.453272819519043	10.322758674621582	-1.0	inf	15.0	-1.0	inf	-1.0	inf	30.14662742614746	-1.0	inf
99	1	9	4	19.5	23.0	12.453272819519043	10.322758674621582	24.5	-1.0	-1.0	-1.0	25.0	10.781635284423828	-1.0	-1.0	-1.0	10.550589561462402
100	2	0	0	49.0	51.0	9.828792572021484	9.810449600219727	inf	50.0	240.5	-1.0	65.5	inf	18.989608764648438	23.5645751953125	-1.0	15.234081268310547
101	2	0	1	49.0	51.0	9.828792572021484	9.810449600219727	43.0	73.0	40.0	46.5	200.5	15.532785415649414	37.089744567871094	13.289018630981445	9.976305961608887	60.108726501464844
102	2	0	2	49.0	51.0	9.828792572021484	9.810449600219727	55.5	57.5	-1.0	45.5	33.5	10.626126289367676	11.351031303405762	-1.0	10.434147834777832	26.465499877929688
103	2	0	3	49.0	51.0	9.828792572021484	9.810449600219727	inf	inf				inf	inf			
104	2	0	4	49.0	51.0	9.828792572021484	9.810449600219727	inf					inf				
105	2	1	0	49.0	51.0	9.828792572021484	9.810449600219727	inf	111.0	136.5	98.5	135.0	inf	44.92893981933594	19.021127700805664	22.568586349487305	23.308744430541992
106	2	1	1	49.0	51.0	9.828792572021484	9.810449600219727	46.5	54.5	-1.0	-1.0	inf	10.080830574035645	22.715272903442383	-1.0	-1.0	inf
107	2	1	2	49.0	51.0	9.828792572021484	9.810449600219727	40.5	50.0	-1.0	inf	49.5	11.375497817993164	10.858556747436523	-1.0	inf	10.505331993103027
108	2	1	3	49.0	51.0	9.828792572021484	9.810449600219727	64.5	64.5	43.0	inf	-1.0	31.11067771911621	31.024629592895508	20.575359344482422	inf	-1.0
109	2	1	4	49.0	51.0	9.828792572021484	9.810449600219727	inf	39.0	inf	38.0	39.5	inf	11.616695404052734	inf	18.2591495513916	23.688169479370117
110	2	2	0	49.0	51.0	9.828792572021484	9.810449600219727	inf	inf	41.0	125.5	42.5	inf	inf	9.714996337890625	17.95167350769043	16.462820053100586
111	2	2	1	49.0	51.0	9.828792572021484	9.810449600219727	inf	55.0	38.0	74.0	-1.0	inf	15.006874084472656	9.817220687866211	12.026090621948242	-1.0
112	2	2	2	49.0	51.0	9.828792572021484	9.810449600219727	inf	64.5	27.5	57.0	-1.0	inf	31.11067771911621	43.11726760864258	12.006938934326172	-1.0
113	2	2	3	49.0	51.0	9.828792572021484	9.810449600219727	inf	-1.0	-1.0	-1.0	-1.0	inf	-1.0	-1.0	-1.0	-1.0
114	2	2	4	49.0	51.0	9.828792572021484	9.810449600219727	40.0	inf	35.0	40.0	38.0	16.922128677368164	inf	13.9367036819458	18.734176635742188	15.481279373168945
115	2	3	0	49.0	51.0	9.828792572021484	9.810449600219727	inf	inf	42.5	-1.0	-1.0	inf	inf	10.27993392944336	-1.0	-1.0
116	2	3	1	49.0	51.0	9.828792572021484	9.810449600219727	inf	58.5	112.0	37.5	53.5	inf	19.29790496826172	45.9466438293457	9.211692810058594	22.594621658325195
117	2	3	2	49.0	51.0	9.828792572021484	9.810449600219727	inf	inf	46.0	-1.0	-1.0	inf	inf	13.065656661987305	-1.0	-1.0
118	2	3	3	49.0	51.0	9.828792572021484	9.810449600219727	inf	-1.0	45.5	inf	218.0	inf	-1.0	10.434147834777832	inf	26.611967086791992
119	2	3	4	49.0	51.0	9.828792572021484	9.810449600219727	inf	26.5	29.5	26.5	26.5	inf	45.21575164794922	47.7313232421875	44.58815002441406	45.23112487792969
120	2	4	0	51.0	49.0	9.810449600219727	9.828792572021484	inf	60.0	89.5	241.0	-1.0	inf	19.861318588256836	27.568876266479492	53.86138153076172	-1.0
121	2	4	1	51.0	49.0	9.810449600219727	9.828792572021484	104.5	70.5	77.0	54.5	111.0	43.47770690917969	24.282978057861328	22.86918067932129	12.26554012298584	34.920379638671875
122	2	4	2	51.0	49.0	9.810449600219727	9.828792572021484	inf	inf	55.5	61.0	-1.0	inf	inf	17.459171295166016	31.64512825012207	-1.0
123	2	4	3	51.0	49.0	9.810449600219727	9.828792572021484	inf	39.0	241.5	inf	69.5	inf	10.132406234741211	58.909339904785156	inf	31.001710891723633
124	2	4	4	51.0	49.0	9.810449600219727	9.828792572021484	inf	31.5	inf	45.0	-1.0	inf	32.860172271728516	inf	11.81231689453125	-1.0
125	2	5	0	51.0	49.0	9.810449600219727	9.828792572021484	inf	37.0	241.5	inf	-1.0	inf	9.544673919677734	54.18520736694336	inf	-1.0
126	2	5	1	51.0	49.0	9.810449600219727	9.828792572021484	40.5	34.5	47.0	49.0	38.5	14.900130271911621	34.04782485961914	10.5726957321167	10.691516876220703	12.271517753601074
127	2	5	2	51.0	49.0	9.810449600219727	9.828792572021484	58.0	61.5	46.5	-1.0	39.0	30.07525634765625	29.952058792114258	9.976305961608887	-1.0	10.132406234741211
128	2	5	3	51.0	49.0	9.810449600219727	9.828792572021484	inf	-1.0	inf	228.0	inf	inf	-1.0	inf	12.017290115356445	inf
129	2	5	4	51.0	49.0	9.810449600219727	9.828792572021484	26.5	-1.0	-1.0	35.5	inf	44.14276885986328	-1.0	-1.0	9.689876556396484	inf
130	2	6	0	49.0	51.0	9.828792572021484	9.810449600219727	inf	inf	inf	40.5	40.0	inf	inf	inf	15.562490463256836	15.485898971557617
131	2	6	1	49.0	51.0	9.828792572021484	9.810449600219727	-1.0	-1.0	46.5	43.0	-1.0	-1.0	-1.0	9.510408401489258	10.554506301879883	-1.0
132	2	6	2	49.0	51.0	9.828792572021484	9.810449600219727	37.5	43.0	inf	63.5	36.5	30.443452835083008	19.84020233154297	inf	10.221894264221191	33.512229919433594
133	2	6	3	49.0	51.0	9.828792572021484	9.810449600219727	58.0	42.5	-1.0	inf	-1.0	30.07525634765625	10.215909004211426	-1.0	inf	-1.0
134	2	6	4	49.0	51.0	9.828792572021484	9.810449600219727	inf	45.5	inf	134.0	33.0	inf	10.434147834777832	inf	15.815871238708496	44.57685089111328
135	2	7	0	35.5	45.5	9.689876556396484	10.434147834777832	inf	-1.0	inf	inf	inf	inf	-1.0	inf	inf	inf
136	2	7	1	35.5	45.5	9.689876556396484	10.434147834777832	55.5	-1.0	50.5	-1.0	-1.0	22.96204948425293	-1.0	18.022136688232422	-1.0	-1.0
137	2	7	2	35.5	45.5	9.689876556396484	10.434147834777832	inf	inf	58.5	-1.0	-1.0	inf	inf	14.837471961975098	-1.0	-1.0
138	2	7	3	35.5	45.5	9.689876556396484	10.434147834777832	-1.0	inf	-1.0	79.5	-1.0	-1.0	inf	-1.0	31.947914123535156	-1.0
139	2	7	4	35.5	45.5	9.689876556396484	10.434147834777832	inf	-1.0	-1.0	-1.0	-1.0	inf	-1.0	-1.0	-1.0	-1.0
140	2	8	0	51.0	49.0	9.810449600219727	9.828792572021484	inf	inf	inf	38.0	inf	inf	inf	inf	9.248152732849121	inf
141	2	8	1	51.0	49.0	9.810449600219727	9.828792572021484	38.5	39.0	-1.0	-1.0	-1.0	9.254990577697754	11.296539306640625	-1.0	-1.0	-1.0
142	2	8	2	51.0	49.0	9.810449600219727	9.828792572021484	inf	-1.0	-1.0	-1.0	-1.0	inf	-1.0	-1.0	-1.0	-1.0
143	2	8	3	51.0	49.0	9.810449600219727	9.828792572021484	-1.0	inf	-1.0	-1.0	-1.0	-1.0	inf	-1.0	-1.0	-1.0
144	2	8	4	51.0	49.0	9.810449600219727	9.828792572021484	33.0	inf	inf	inf	inf	44.26789474487305	inf	inf	inf	inf
145	2	9	0	45.5	35.5	10.434147834777832	9.689876556396484	inf	inf	inf	inf	241.5	inf	inf	inf	inf	58.909339904785156
146	2	9	1	45.5	35.5	10.434147834777832	9.689876556396484	45.0	42.0	46.0	51.5	241.5	11.335543632507324	11.697111129760742	11.060795783996582	14.29872989654541	58.909339904785156
147	2	9	2	45.5	35.5	10.434147834777832	9.689876556396484	inf	inf	-1.0	241.5	-1.0	inf	inf	-1.0	58.909339904785156	-1.0
148	2	9	3	45.5	35.5	10.434147834777832	9.689876556396484	inf	inf	69.5	49.5	inf	inf	inf	33.15224838256836	10.82097339630127	inf
149	2	9	4	45.5	35.5	10.434147834777832	9.689876556396484	-1.0	41.5	inf	-1.0	inf	-1.0	10.762049674987793	inf	-1.0	inf
