	reset_island_iter	improve_iter	island	program_1_hamming_score	program_2_hamming_score	program_1_neural_score	program_2_neural_score	output_program_1_hamming_score	output_program_2_hamming_score	output_program_3_hamming_score	output_program_4_hamming_score	output_program_5_hamming_score	output_program_1_neural_score	output_program_2_neural_score	output_program_3_neural_score	output_program_4_neural_score	output_program_5_neural_score
0	0	0	0	15.333333333333334	15.333333333333334	11.034042358398438	11.034042358398438	inf	202.66666666666666	15.333333333333334	inf	15.333333333333334	inf	20.17835807800293	11.034042358398438	inf	10.236124038696289
1	0	0	1	15.333333333333334	15.333333333333334	11.034042358398438	11.034042358398438	15.0	15.0	9.0	14.333333333333334	14.333333333333334	11.097146034240723	10.645644187927246	9.71243953704834	12.620816230773926	10.664838790893555
2	0	0	2	15.333333333333334	15.333333333333334	11.034042358398438	11.034042358398438	inf	12.666666666666666	-1.0	13.333333333333334	-1.0	inf	7.756610870361328	-1.0	8.146080017089844	-1.0
3	0	0	3	15.333333333333334	15.333333333333334	11.034042358398438	11.034042358398438	inf	inf				inf	inf			
4	0	0	4	15.333333333333334	15.333333333333334	11.034042358398438	11.034042358398438	15.333333333333334	15.333333333333334	15.333333333333334	12.666666666666666	17.666666666666668	12.570591926574707	9.539344787597656	11.902901649475098	12.837793350219727	9.933402061462402
5	0	1	0	12.666666666666666	15.333333333333334	12.837793350219727	11.034042358398438	15.333333333333334	-1.0	-1.0	15.333333333333334	14.0	9.776654243469238	-1.0	-1.0	11.767057418823242	11.442498207092285
6	0	1	1	12.666666666666666	15.333333333333334	12.837793350219727	11.034042358398438	-1.0	16.666666666666668	-1.0	inf	-1.0	-1.0	8.854385375976562	-1.0	inf	-1.0
7	0	1	2	12.666666666666666	15.333333333333334	12.837793350219727	11.034042358398438	15.333333333333334	14.666666666666666	-1.0	-1.0	-1.0	9.719705581665039	10.071003913879395	-1.0	-1.0	-1.0
8	0	1	3	12.666666666666666	15.333333333333334	12.837793350219727	11.034042358398438	inf	inf	inf	inf	inf	inf	inf	inf	inf	inf
9	0	1	4	12.666666666666666	15.333333333333334	12.837793350219727	11.034042358398438	15.333333333333334	13.333333333333334	-1.0	-1.0	inf	9.629375457763672	10.459985733032227	-1.0	-1.0	inf
10	0	2	0	12.666666666666666	13.333333333333334	12.837793350219727	10.459985733032227	inf	inf	15.333333333333334	inf	inf	inf	inf	9.834979057312012	inf	inf
11	0	2	1	12.666666666666666	13.333333333333334	12.837793350219727	10.459985733032227	11.0	-1.0	11.0	9.666666666666666	11.0	14.524822235107422	-1.0	12.375006675720215	10.663817405700684	11.571239471435547
12	0	2	2	12.666666666666666	13.333333333333334	12.837793350219727	10.459985733032227	-1.0	19.666666666666668	-1.0	-1.0	-1.0	-1.0	12.20811939239502	-1.0	-1.0	-1.0
13	0	2	3	12.666666666666666	13.333333333333334	12.837793350219727	10.459985733032227	15.333333333333334	inf	5.666666666666667	15.333333333333334	-1.0	12.186119079589844	inf	4.5915751457214355	11.888461112976074	-1.0
14	0	2	4	12.666666666666666	13.333333333333334	12.837793350219727	10.459985733032227	inf	15.333333333333334	inf	14.0	15.333333333333334	inf	9.696110725402832	inf	11.891012191772461	9.842984199523926
15	0	3	0	13.333333333333334	12.666666666666666	10.459985733032227	12.837793350219727	inf	15.333333333333334	15.333333333333334	15.333333333333334	inf	inf	8.872835159301758	8.932023048400879	9.659786224365234	inf
16	0	3	1	13.333333333333334	12.666666666666666	10.459985733032227	12.837793350219727	11.333333333333334	11.333333333333334	11.333333333333334	-1.0	-1.0	13.079280853271484	13.525965690612793	13.452005386352539	-1.0	-1.0
17	0	3	2	13.333333333333334	12.666666666666666	10.459985733032227	12.837793350219727	13.333333333333334	15.333333333333334	-1.0	-1.0	15.333333333333334	10.142687797546387	10.234349250793457	-1.0	-1.0	10.240089416503906
18	0	3	3	13.333333333333334	12.666666666666666	10.459985733032227	12.837793350219727	inf	20.0	-1.0	inf	-1.0	inf	12.536409378051758	-1.0	inf	-1.0
19	0	3	4	13.333333333333334	12.666666666666666	10.459985733032227	12.837793350219727	-1.0	-1.0	-1.0	inf	inf	-1.0	-1.0	-1.0	inf	inf
20	0	4	0	14.0	15.333333333333334	11.891012191772461	9.696110725402832	inf	inf	inf	-1.0	inf	inf	inf	inf	-1.0	inf
21	0	4	1	14.0	15.333333333333334	11.891012191772461	9.696110725402832	11.333333333333334	10.333333333333334	15.333333333333334	13.666666666666666	10.333333333333334	15.470020294189453	17.80664825439453	11.034042358398438	15.899348258972168	16.141035079956055
22	0	4	2	14.0	15.333333333333334	11.891012191772461	9.696110725402832	-1.0	14.333333333333334	-1.0	-1.0	inf	-1.0	8.728446006774902	-1.0	-1.0	inf
23	0	4	3	14.0	15.333333333333334	11.891012191772461	9.696110725402832	-1.0	inf				-1.0	inf			
24	0	4	4	14.0	15.333333333333334	11.891012191772461	9.696110725402832	-1.0	inf	17.666666666666668	-1.0	-1.0	-1.0	inf	10.696678161621094	-1.0	-1.0
25	0	5	0	12.666666666666666	15.333333333333334	12.837793350219727	11.902901649475098	inf	inf	inf	inf	inf	inf	inf	inf	inf	inf
26	0	5	1	12.666666666666666	15.333333333333334	12.837793350219727	11.902901649475098	10.0	14.0	-1.0	14.666666666666666	10.333333333333334	18.503507614135742	11.15920352935791	-1.0	13.499415397644043	17.797578811645508
27	0	5	2	12.666666666666666	15.333333333333334	12.837793350219727	11.902901649475098	-1.0	17.0	-1.0	inf	15.333333333333334	-1.0	10.940844535827637	-1.0	inf	11.050909042358398
28	0	5	3	12.666666666666666	15.333333333333334	12.837793350219727	11.902901649475098	inf	15.333333333333334				inf	10.844642639160156			
29	0	5	4	12.666666666666666	15.333333333333334	12.837793350219727	11.902901649475098	inf	13.333333333333334	18.333333333333332	-1.0	15.333333333333334	inf	10.620969772338867	11.353017807006836	-1.0	12.141166687011719
30	0	6	0	12.666666666666666	13.333333333333334	12.837793350219727	10.620969772338867	inf	inf	inf	inf	inf	inf	inf	inf	inf	inf
31	0	6	1	12.666666666666666	13.333333333333334	12.837793350219727	10.620969772338867	-1.0	-1.0	-1.0	-1.0	inf	-1.0	-1.0	-1.0	-1.0	inf
32	0	6	2	12.666666666666666	13.333333333333334	12.837793350219727	10.620969772338867	inf	-1.0	-1.0	-1.0	-1.0	inf	-1.0	-1.0	-1.0	-1.0
33	0	6	3	12.666666666666666	13.333333333333334	12.837793350219727	10.620969772338867	inf	-1.0	-1.0			inf	-1.0	-1.0		
34	0	6	4	12.666666666666666	13.333333333333334	12.837793350219727	10.620969772338867	-1.0	inf	-1.0	13.333333333333334	13.333333333333334	-1.0	inf	-1.0	9.097869873046875	10.064360618591309
35	0	7	0	12.666666666666666	13.333333333333334	12.837793350219727	9.097869873046875	inf	inf	inf	inf	inf	inf	inf	inf	inf	inf
36	0	7	1	12.666666666666666	13.333333333333334	12.837793350219727	9.097869873046875	-1.0	-1.0	12.333333333333334	-1.0	-1.0	-1.0	-1.0	10.412525177001953	-1.0	-1.0
37	0	7	2	12.666666666666666	13.333333333333334	12.837793350219727	9.097869873046875	-1.0	-1.0	-1.0	inf	15.333333333333334	-1.0	-1.0	-1.0	inf	9.757254600524902
38	0	7	3	12.666666666666666	13.333333333333334	12.837793350219727	9.097869873046875	inf	-1.0	inf	15.333333333333334	inf	inf	-1.0	inf	11.310100555419922	inf
39	0	7	4	12.666666666666666	13.333333333333334	12.837793350219727	9.097869873046875	13.333333333333334	inf	-1.0	-1.0	inf	9.80677318572998	inf	-1.0	-1.0	inf
40	0	8	0	13.333333333333334	17.666666666666668	10.620969772338867	9.933402061462402	inf	13.333333333333334	inf	inf	inf	inf	9.63043212890625	inf	inf	inf
41	0	8	1	13.333333333333334	17.666666666666668	10.620969772338867	9.933402061462402	11.333333333333334	-1.0	11.333333333333334	-1.0	11.333333333333334	10.22314167022705	-1.0	15.531450271606445	-1.0	10.975905418395996
42	0	8	2	13.333333333333334	17.666666666666668	10.620969772338867	9.933402061462402	-1.0	15.333333333333334	-1.0	-1.0	inf	-1.0	9.976847648620605	-1.0	-1.0	inf
43	0	8	3	13.333333333333334	17.666666666666668	10.620969772338867	9.933402061462402	inf					inf				
44	0	8	4	13.333333333333334	17.666666666666668	10.620969772338867	9.933402061462402	15.333333333333334	-1.0	15.333333333333334	-1.0	15.333333333333334	10.651970863342285	-1.0	10.424046516418457	-1.0	10.691534996032715
45	0	9	0	13.333333333333334	15.333333333333334	9.097869873046875	9.539344787597656	14.0	15.333333333333334	15.333333333333334	inf	13.333333333333334	9.812341690063477	10.222514152526855	10.224918365478516	inf	10.194038391113281
46	0	9	1	13.333333333333334	15.333333333333334	9.097869873046875	9.539344787597656	-1.0	-1.0	-1.0	11.0	14.333333333333334	-1.0	-1.0	-1.0	13.174897193908691	11.679363250732422
47	0	9	2	13.333333333333334	15.333333333333334	9.097869873046875	9.539344787597656	inf	inf	inf	inf	inf	inf	inf	inf	inf	inf
48	0	9	3	13.333333333333334	15.333333333333334	9.097869873046875	9.539344787597656	inf	-1.0	inf	14.0	inf	inf	-1.0	inf	6.145124912261963	inf
49	0	9	4	13.333333333333334	15.333333333333334	9.097869873046875	9.539344787597656	-1.0	15.333333333333334	-1.0	13.333333333333334	-1.0	-1.0	10.620360374450684	-1.0	10.063337326049805	-1.0
50	1	0	0	10.333333333333334	11.0	17.80664825439453	11.571239471435547	13.0	10.666666666666666	15.333333333333334	-1.0	12.333333333333334	6.225424289703369	13.34598159790039	11.034042358398438	-1.0	16.35683822631836
51	1	0	1	10.333333333333334	11.0	17.80664825439453	11.571239471435547	15.333333333333334	9.666666666666666	11.0	15.0	14.333333333333334	11.034042358398438	9.352628707885742	13.174897193908691	10.348094940185547	11.679363250732422
52	1	0	2	10.333333333333334	11.0	17.80664825439453	11.571239471435547	8.666666666666666	14.333333333333334	12.666666666666666	10.0	14.666666666666666	8.025952339172363	10.328583717346191	10.306443214416504	6.793601989746094	11.0703706741333
53	1	0	3	10.333333333333334	11.0	17.80664825439453	11.571239471435547	14.333333333333334	10.333333333333334	14.666666666666666	14.666666666666666	-1.0	10.504480361938477	9.968749046325684	10.630555152893066	13.499415397644043	-1.0
54	1	0	4	10.333333333333334	11.0	17.80664825439453	11.571239471435547	11.333333333333334	14.666666666666666	13.666666666666666	-1.0	-1.0	16.296611785888672	15.198227882385254	14.735113143920898	-1.0	-1.0
55	1	1	0	10.333333333333334	11.0	17.80664825439453	11.571239471435547	9.666666666666666	inf	15.333333333333334	inf	inf	5.521671772003174	inf	10.982080459594727	inf	inf
56	1	1	1	10.333333333333334	11.0	17.80664825439453	11.571239471435547	9.0	-1.0	-1.0	-1.0	inf	9.827919006347656	-1.0	-1.0	-1.0	inf
57	1	1	2	10.333333333333334	11.0	17.80664825439453	11.571239471435547	11.0	-1.0	13.0	14.333333333333334	-1.0	15.3179349899292	-1.0	11.49399471282959	10.686997413635254	-1.0
58	1	1	3	10.333333333333334	11.0	17.80664825439453	11.571239471435547	14.666666666666666	13.666666666666666	-1.0	-1.0	12.333333333333334	10.799164772033691	11.87027645111084	-1.0	-1.0	10.412525177001953
59	1	1	4	10.333333333333334	11.0	17.80664825439453	11.571239471435547	-1.0	-1.0	15.333333333333334	14.0	17.333333333333332	-1.0	-1.0	11.034042358398438	11.15920352935791	16.688255310058594
60	1	2	0	11.333333333333334	10.333333333333334	16.296611785888672	17.80664825439453	inf	inf	inf	15.0	inf	inf	inf	inf	11.02924919128418	inf
61	1	2	1	11.333333333333334	10.333333333333334	16.296611785888672	17.80664825439453	-1.0	-1.0	-1.0	14.333333333333334	14.333333333333334	-1.0	-1.0	-1.0	14.053775787353516	10.363786697387695
62	1	2	2	11.333333333333334	10.333333333333334	16.296611785888672	17.80664825439453	15.333333333333334	-1.0	14.0	15.333333333333334	-1.0	11.034042358398438	-1.0	11.15920352935791	10.711967468261719	-1.0
63	1	2	3	11.333333333333334	10.333333333333334	16.296611785888672	17.80664825439453	15.333333333333334	-1.0	14.0	-1.0	-1.0	11.034042358398438	-1.0	11.15920352935791	-1.0	-1.0
64	1	2	4	11.333333333333334	10.333333333333334	16.296611785888672	17.80664825439453	-1.0	inf	-1.0	-1.0	-1.0	-1.0	inf	-1.0	-1.0	-1.0
65	1	3	0	10.333333333333334	11.333333333333334	17.80664825439453	16.296611785888672	11.666666666666666	9.666666666666666	inf	inf	-1.0	13.185693740844727	6.133742809295654	inf	inf	-1.0
66	1	3	1	10.333333333333334	11.333333333333334	17.80664825439453	16.296611785888672	-1.0	-1.0	inf	-1.0	-1.0	-1.0	-1.0	inf	-1.0	-1.0
67	1	3	2	10.333333333333334	11.333333333333334	17.80664825439453	16.296611785888672	-1.0	-1.0	-1.0	-1.0	-1.0	-1.0	-1.0	-1.0	-1.0	-1.0
68	1	3	3	10.333333333333334	11.333333333333334	17.80664825439453	16.296611785888672	11.333333333333334	14.666666666666666	-1.0	-1.0	12.0	12.009564399719238	10.313996315002441	-1.0	-1.0	12.853893280029297
69	1	3	4	10.333333333333334	11.333333333333334	17.80664825439453	16.296611785888672	14.666666666666666	inf	-1.0	inf	-1.0	13.499415397644043	inf	-1.0	inf	-1.0
70	1	4	0	11.0	10.333333333333334	11.571239471435547	17.80664825439453	inf	inf	245.33333333333334	inf	inf	inf	inf	100.49358367919922	inf	inf
71	1	4	1	11.0	10.333333333333334	11.571239471435547	17.80664825439453	-1.0	inf	-1.0	-1.0	12.0	-1.0	inf	-1.0	-1.0	12.292399406433105
72	1	4	2	11.0	10.333333333333334	11.571239471435547	17.80664825439453	-1.0	-1.0	15.333333333333334	-1.0	-1.0	-1.0	-1.0	10.334753036499023	-1.0	-1.0
73	1	4	3	11.0	10.333333333333334	11.571239471435547	17.80664825439453	9.0	14.333333333333334	14.0	11.666666666666666	-1.0	18.203811645507812	10.686997413635254	14.263290405273438	14.062896728515625	-1.0
74	1	4	4	11.0	10.333333333333334	11.571239471435547	17.80664825439453	-1.0	inf	-1.0	-1.0	-1.0	-1.0	inf	-1.0	-1.0	-1.0
75	1	5	0	10.333333333333334	11.0	17.80664825439453	11.571239471435547	inf	inf	inf	inf	inf	inf	inf	inf	inf	inf
76	1	5	1	10.333333333333334	11.0	17.80664825439453	11.571239471435547	-1.0	inf	-1.0	14.0	-1.0	-1.0	inf	-1.0	11.15920352935791	-1.0
77	1	5	2	10.333333333333334	11.0	17.80664825439453	11.571239471435547	11.0	-1.0	-1.0	-1.0	11.0	16.916486740112305	-1.0	-1.0	-1.0	16.85136604309082
78	1	5	3	10.333333333333334	11.0	17.80664825439453	11.571239471435547	-1.0	-1.0	-1.0	inf	15.0	-1.0	-1.0	-1.0	inf	15.705465316772461
79	1	5	4	10.333333333333334	11.0	17.80664825439453	11.571239471435547	-1.0	-1.0	-1.0	14.0	-1.0	-1.0	-1.0	-1.0	14.295897483825684	-1.0
80	1	6	0	11.0	11.333333333333334	11.571239471435547	16.296611785888672	inf	inf	inf	inf	inf	inf	inf	inf	inf	inf
81	1	6	1	11.0	11.333333333333334	11.571239471435547	16.296611785888672	7.666666666666667	inf	8.666666666666666	15.333333333333334	15.333333333333334	9.065474510192871	inf	8.049371719360352	8.846761703491211	11.169695854187012
82	1	6	2	11.0	11.333333333333334	11.571239471435547	16.296611785888672	7.666666666666667	-1.0	-1.0	-1.0	15.333333333333334	8.673577308654785	-1.0	-1.0	-1.0	11.003583908081055
83	1	6	3	11.0	11.333333333333334	11.571239471435547	16.296611785888672	-1.0	-1.0	-1.0	-1.0	-1.0	-1.0	-1.0	-1.0	-1.0	-1.0
84	1	6	4	11.0	11.333333333333334	11.571239471435547	16.296611785888672	11.333333333333334	-1.0	12.0	15.333333333333334	14.333333333333334	13.079280853271484	-1.0	10.786836624145508	10.620811462402344	12.904841423034668
85	1	7	0	11.333333333333334	10.333333333333334	16.296611785888672	17.80664825439453	inf	inf	inf	inf	inf	inf	inf	inf	inf	inf
86	1	7	1	11.333333333333334	10.333333333333334	16.296611785888672	17.80664825439453	-1.0	-1.0	inf	-1.0	8.666666666666666	-1.0	-1.0	inf	-1.0	8.889864921569824
87	1	7	2	11.333333333333334	10.333333333333334	16.296611785888672	17.80664825439453	-1.0	-1.0	-1.0	-1.0	14.333333333333334	-1.0	-1.0	-1.0	-1.0	11.679363250732422
88	1	7	3	11.333333333333334	10.333333333333334	16.296611785888672	17.80664825439453	-1.0	-1.0	-1.0	9.333333333333334	-1.0	-1.0	-1.0	-1.0	17.113676071166992	-1.0
89	1	7	4	11.333333333333334	10.333333333333334	16.296611785888672	17.80664825439453	14.333333333333334	10.333333333333334	14.333333333333334	-1.0	14.333333333333334	14.172035217285156	16.117839813232422	14.628913879394531	-1.0	10.584750175476074
90	1	8	0	10.333333333333334	11.0	16.117839813232422	11.571239471435547	inf	inf	inf	inf	inf	inf	inf	inf	inf	inf
91	1	8	1	10.333333333333334	11.0	16.117839813232422	11.571239471435547	-1.0	inf	-1.0	-1.0	inf	-1.0	inf	-1.0	-1.0	inf
92	1	8	2	10.333333333333334	11.0	16.117839813232422	11.571239471435547	-1.0	9.0	-1.0	15.333333333333334	12.0	-1.0	9.070677757263184	-1.0	9.539344787597656	13.731294631958008
93	1	8	3	10.333333333333334	11.0	16.117839813232422	11.571239471435547	-1.0	14.0	-1.0	-1.0	-1.0	-1.0	9.195334434509277	-1.0	-1.0	-1.0
94	1	8	4	10.333333333333334	11.0	16.117839813232422	11.571239471435547	-1.0	-1.0	11.333333333333334	-1.0	inf	-1.0	-1.0	13.452005386352539	-1.0	inf
95	1	9	0	10.333333333333334	10.333333333333334	17.80664825439453	16.117839813232422	inf	inf	inf	inf	inf	inf	inf	inf	inf	inf
96	1	9	1	10.333333333333334	10.333333333333334	17.80664825439453	16.117839813232422	11.0	-1.0	-1.0	-1.0	-1.0	11.799483299255371	-1.0	-1.0	-1.0	-1.0
97	1	9	2	10.333333333333334	10.333333333333334	17.80664825439453	16.117839813232422	-1.0	-1.0	-1.0	-1.0	-1.0	-1.0	-1.0	-1.0	-1.0	-1.0
98	1	9	3	10.333333333333334	10.333333333333334	17.80664825439453	16.117839813232422	10.0	14.333333333333334	13.666666666666666	-1.0	-1.0	18.755294799804688	14.172035217285156	16.344511032104492	-1.0	-1.0
99	1	9	4	10.333333333333334	10.333333333333334	17.80664825439453	16.117839813232422	inf	13.0	-1.0	-1.0	-1.0	inf	13.053411483764648	-1.0	-1.0	-1.0
100	2	0	0	9.333333333333334	9.333333333333334	19.733823776245117	18.86579704284668	inf	inf	9.333333333333334	10.0	-1.0	inf	inf	17.77464485168457	12.020010948181152	-1.0
101	2	0	1	9.333333333333334	9.333333333333334	19.733823776245117	18.86579704284668	inf	inf	inf	inf	inf	inf	inf	inf	inf	inf
102	2	0	2	9.333333333333334	9.333333333333334	19.733823776245117	18.86579704284668	9.0	18.0	-1.0	10.333333333333334	-1.0	11.214618682861328	31.720853805541992	-1.0	16.117839813232422	-1.0
103	2	0	3	9.333333333333334	9.333333333333334	19.733823776245117	18.86579704284668	inf	inf	inf	inf	inf	inf	inf	inf	inf	inf
104	2	0	4	9.333333333333334	9.333333333333334	19.733823776245117	18.86579704284668	9.333333333333334	inf	inf	-1.0	-1.0	17.77464485168457	inf	inf	-1.0	-1.0
105	2	1	0	9.333333333333334	9.333333333333334	17.77464485168457	19.733823776245117	-1.0	inf	8.333333333333334	inf	-1.0	-1.0	inf	20.19825553894043	inf	-1.0
106	2	1	1	9.333333333333334	9.333333333333334	17.77464485168457	19.733823776245117	inf	inf	inf			inf	inf	inf		
107	2	1	2	9.333333333333334	9.333333333333334	17.77464485168457	19.733823776245117	30.333333333333332	10.666666666666666	22.666666666666668	-1.0	31.333333333333332	20.183298110961914	16.987794876098633	13.274388313293457	-1.0	21.61310386657715
108	2	1	3	9.333333333333334	9.333333333333334	17.77464485168457	19.733823776245117	inf	inf	inf	inf	inf	inf	inf	inf	inf	inf
109	2	1	4	9.333333333333334	9.333333333333334	17.77464485168457	19.733823776245117	9.333333333333334	8.0	inf	-1.0	-1.0	18.080738067626953	20.301570892333984	inf	-1.0	-1.0
110	2	2	0	9.333333333333334	9.333333333333334	18.86579704284668	19.733823776245117	inf	inf	inf	inf	inf	inf	inf	inf	inf	inf
111	2	2	1	9.333333333333334	9.333333333333334	18.86579704284668	19.733823776245117	inf	inf	inf	inf	inf	inf	inf	inf	inf	inf
112	2	2	2	9.333333333333334	9.333333333333334	18.86579704284668	19.733823776245117	21.666666666666668	-1.0	-1.0	-1.0	-1.0	21.28635025024414	-1.0	-1.0	-1.0	-1.0
113	2	2	3	9.333333333333334	9.333333333333334	18.86579704284668	19.733823776245117	inf	inf	inf	inf	inf	inf	inf	inf	inf	inf
114	2	2	4	9.333333333333334	9.333333333333334	18.86579704284668	19.733823776245117	inf	10.0	-1.0	inf	-1.0	inf	17.851503372192383	-1.0	inf	-1.0
115	2	3	0	9.333333333333334	8.0	19.733823776245117	20.301570892333984	10.666666666666666	inf	inf	inf	-1.0	17.21658706665039	inf	inf	inf	-1.0
116	2	3	1	9.333333333333334	8.0	19.733823776245117	20.301570892333984	inf	inf	inf	inf	inf	inf	inf	inf	inf	inf
117	2	3	2	9.333333333333334	8.0	19.733823776245117	20.301570892333984	10.333333333333334	inf	inf	inf	-1.0	14.302579879760742	inf	inf	inf	-1.0
118	2	3	3	9.333333333333334	8.0	19.733823776245117	20.301570892333984	inf	inf	inf	10.666666666666666	9.666666666666666	inf	inf	inf	18.490354537963867	18.993728637695312
119	2	3	4	9.333333333333334	8.0	19.733823776245117	20.301570892333984	inf	inf	inf	inf	inf	inf	inf	inf	inf	inf
120	2	4	0	9.333333333333334	8.0	18.080738067626953	20.301570892333984	inf	inf	inf	inf	inf	inf	inf	inf	inf	inf
121	2	4	1	9.333333333333334	8.0	18.080738067626953	20.301570892333984	inf	inf	inf	inf	inf	inf	inf	inf	inf	inf
122	2	4	2	9.333333333333334	8.0	18.080738067626953	20.301570892333984	inf	8.333333333333334	inf	inf	inf	inf	10.682854652404785	inf	inf	inf
123	2	4	3	9.333333333333334	8.0	18.080738067626953	20.301570892333984	inf	inf	inf	inf	10.666666666666666	inf	inf	inf	inf	17.565288543701172
124	2	4	4	9.333333333333334	8.0	18.080738067626953	20.301570892333984	inf	inf	inf	inf	inf	inf	inf	inf	inf	inf
125	2	5	0	9.333333333333334	8.0	19.733823776245117	20.301570892333984	-1.0	39.0	inf	inf	inf	-1.0	11.329794883728027	inf	inf	inf
126	2	5	1	9.333333333333334	8.0	19.733823776245117	20.301570892333984	inf	inf	inf	inf	inf	inf	inf	inf	inf	inf
127	2	5	2	9.333333333333334	8.0	19.733823776245117	20.301570892333984	inf	inf	inf	-1.0	inf	inf	inf	inf	-1.0	inf
128	2	5	3	9.333333333333334	8.0	19.733823776245117	20.301570892333984	inf	inf	inf	inf	inf	inf	inf	inf	inf	inf
129	2	5	4	9.333333333333334	8.0	19.733823776245117	20.301570892333984	inf	inf	inf	inf	inf	inf	inf	inf	inf	inf
130	2	6	0	9.333333333333334	8.0	19.733823776245117	20.301570892333984	-1.0	inf	inf	inf	-1.0	-1.0	inf	inf	inf	-1.0
131	2	6	1	9.333333333333334	8.0	19.733823776245117	20.301570892333984	inf	inf	inf	inf	inf	inf	inf	inf	inf	inf
132	2	6	2	9.333333333333334	8.0	19.733823776245117	20.301570892333984	-1.0	-1.0	8.333333333333334	inf	-1.0	-1.0	-1.0	17.617027282714844	inf	-1.0
133	2	6	3	9.333333333333334	8.0	19.733823776245117	20.301570892333984	8.0	inf	inf	9.666666666666666	inf	20.301570892333984	inf	inf	18.05576515197754	inf
134	2	6	4	9.333333333333334	8.0	19.733823776245117	20.301570892333984	inf	inf	inf	inf	inf	inf	inf	inf	inf	inf
135	2	7	0	8.0	9.333333333333334	20.301570892333984	18.080738067626953	inf	inf	inf	inf	inf	inf	inf	inf	inf	inf
136	2	7	1	8.0	9.333333333333334	20.301570892333984	18.080738067626953	inf	inf	inf	inf	inf	inf	inf	inf	inf	inf
137	2	7	2	8.0	9.333333333333334	20.301570892333984	18.080738067626953	inf	inf	-1.0	inf	inf	inf	inf	-1.0	inf	inf
138	2	7	3	8.0	9.333333333333334	20.301570892333984	18.080738067626953	inf	inf	inf	-1.0	22.0	inf	inf	inf	-1.0	8.92856502532959
139	2	7	4	8.0	9.333333333333334	20.301570892333984	18.080738067626953	inf	inf	inf	inf	inf	inf	inf	inf	inf	inf
140	2	8	0	9.333333333333334	9.333333333333334	18.080738067626953	19.733823776245117	inf	inf	inf	inf	inf	inf	inf	inf	inf	inf
141	2	8	1	9.333333333333334	9.333333333333334	18.080738067626953	19.733823776245117	inf	inf	inf	inf	inf	inf	inf	inf	inf	inf
142	2	8	2	9.333333333333334	9.333333333333334	18.080738067626953	19.733823776245117	17.666666666666668	inf	-1.0	-1.0	-1.0	42.61235046386719	inf	-1.0	-1.0	-1.0
143	2	8	3	9.333333333333334	9.333333333333334	18.080738067626953	19.733823776245117	inf	inf	inf	inf	inf	inf	inf	inf	inf	inf
144	2	8	4	9.333333333333334	9.333333333333334	18.080738067626953	19.733823776245117	inf	inf	inf	inf	inf	inf	inf	inf	inf	inf
145	2	9	0	9.333333333333334	9.333333333333334	17.77464485168457	18.86579704284668	inf	inf	-1.0	inf	inf	inf	inf	-1.0	inf	inf
146	2	9	1	9.333333333333334	9.333333333333334	17.77464485168457	18.86579704284668	inf	inf	inf	inf	inf	inf	inf	inf	inf	inf
147	2	9	2	9.333333333333334	9.333333333333334	17.77464485168457	18.86579704284668	inf	inf	inf	22.333333333333332	18.666666666666668	inf	inf	inf	44.466285705566406	39.72629928588867
148	2	9	3	9.333333333333334	9.333333333333334	17.77464485168457	18.86579704284668	inf	inf	inf	inf	inf	inf	inf	inf	inf	inf
149	2	9	4	9.333333333333334	9.333333333333334	17.77464485168457	18.86579704284668	inf	inf	inf	inf	inf	inf	inf	inf	inf	inf
