	reset_island_iter	improve_iter	island	program_1_hamming_score	program_2_hamming_score	program_1_neural_score	program_2_neural_score	output_program_1_hamming_score	output_program_2_hamming_score	output_program_3_hamming_score	output_program_4_hamming_score	output_program_5_hamming_score	output_program_1_neural_score	output_program_2_neural_score	output_program_3_neural_score	output_program_4_neural_score	output_program_5_neural_score
0	0	0	0	0.475	0.12	15.195001602172852	14.947248458862305	0.055	0.055	0.11499999999999999	0.245	0.10500000000000001	2.7772216796875	3.359687089920044	5.228769779205322	14.001058578491211	5.031145095825195
1	0	0	1	0.475	0.12	15.195001602172852	14.947248458862305	inf	0.135	0.11499999999999999	0.22999999999999998	inf	inf	13.358514785766602	25.91682243347168	26.614839553833008	inf
2	0	0	2	0.475	0.12	15.195001602172852	14.947248458862305	inf	inf	0.13	inf	0.13	inf	inf	4.7540364265441895	inf	22.86302375793457
3	0	0	3	0.475	0.12	15.195001602172852	14.947248458862305	0.095	0.11499999999999999	0.075	inf	0.12	3.3008031845092773	3.4337635040283203	4.467108726501465	inf	22.4194393157959
4	0	0	4	0.475	0.12	15.195001602172852	14.947248458862305	0.115	0.1	-1.0	0.08499999999999999	0.135	4.942866325378418	3.792149305343628	-1.0	4.421339511871338	6.121183395385742
5	0	1	0	0.1	0.08499999999999999	3.792149305343628	4.421339511871338	0.08499999999999999	0.06999999999999999	0.065	-1.0	-1.0	4.169748783111572	5.046684265136719	16.503522872924805	-1.0	-1.0
6	0	1	1	0.1	0.08499999999999999	3.792149305343628	4.421339511871338	inf	inf	inf	inf	inf	inf	inf	inf	inf	inf
7	0	1	2	0.1	0.08499999999999999	3.792149305343628	4.421339511871338	0.13	inf	inf	0.12	inf	22.758758544921875	inf	inf	24.753873825073242	inf
8	0	1	3	0.1	0.08499999999999999	3.792149305343628	4.421339511871338	inf	inf	0.11499999999999999	inf	inf	inf	inf	25.91682243347168	inf	inf
9	0	1	4	0.1	0.08499999999999999	3.792149305343628	4.421339511871338	0.075	-1.0	inf	0.10500000000000001	-1.0	6.794061660766602	-1.0	inf	9.809218406677246	-1.0
10	0	2	0	0.115	0.08499999999999999	4.942866325378418	4.421339511871338	-1.0	0.355	0.11499999999999999	0.0	-1.0	-1.0	28.189510345458984	25.91682243347168	0.0	-1.0
11	0	2	1	0.115	0.08499999999999999	4.942866325378418	4.421339511871338	inf	inf	inf	inf	inf	inf	inf	inf	inf	inf
12	0	2	2	0.115	0.08499999999999999	4.942866325378418	4.421339511871338	0.125	0.12	-1.0	-1.0	-1.0	23.555431365966797	24.720117568969727	-1.0	-1.0	-1.0
13	0	2	3	0.115	0.08499999999999999	4.942866325378418	4.421339511871338	inf	-1.0	inf	inf	inf	inf	-1.0	inf	inf	inf
14	0	2	4	0.115	0.08499999999999999	4.942866325378418	4.421339511871338	0.065	-1.0	-1.0	-1.0	0.065	6.168232440948486	-1.0	-1.0	-1.0	5.850399494171143
15	0	3	0	0.075	0.1	6.794061660766602	3.792149305343628	0.05	0.14500000000000002	-1.0	-1.0	-1.0	1.74282968044281	9.934125900268555	-1.0	-1.0	-1.0
16	0	3	1	0.075	0.1	6.794061660766602	3.792149305343628	inf	inf	inf	inf	0.38	inf	inf	inf	inf	78.1183090209961
17	0	3	2	0.075	0.1	6.794061660766602	3.792149305343628	0.19	0.18	0.22499999999999998	-1.0	-1.0	7.739712715148926	7.06964111328125	13.276952743530273	-1.0	-1.0
18	0	3	3	0.075	0.1	6.794061660766602	3.792149305343628	inf	inf	inf	inf	inf	inf	inf	inf	inf	inf
19	0	3	4	0.075	0.1	6.794061660766602	3.792149305343628	0.035	0.12000000000000001	inf	0.11499999999999999	inf	4.258893966674805	4.000066757202148	inf	6.572971820831299	inf
20	0	4	0	0.12000000000000001	0.1	4.000066757202148	3.792149305343628	-1.0	-1.0	-1.0	-1.0	0.27	-1.0	-1.0	-1.0	-1.0	24.59762191772461
21	0	4	1	0.12000000000000001	0.1	4.000066757202148	3.792149305343628	inf	0.07500000000000001	0.345	0.12	inf	inf	14.392793655395508	69.68696594238281	14.321922302246094	inf
22	0	4	2	0.12000000000000001	0.1	4.000066757202148	3.792149305343628	0.13	0.07500000000000001	0.125	-1.0	-1.0	5.2366108894348145	7.834201335906982	5.287648677825928	-1.0	-1.0
23	0	4	3	0.12000000000000001	0.1	4.000066757202148	3.792149305343628	-1.0	0.095	-1.0	-1.0	-1.0	-1.0	11.266977310180664	-1.0	-1.0	-1.0
24	0	4	4	0.12000000000000001	0.1	4.000066757202148	3.792149305343628	0.1	inf	0.15000000000000002	inf	inf	3.433295726776123	inf	8.275464057922363	inf	inf
25	0	5	0	0.115	0.065	4.942866325378418	5.850399494171143	-1.0	-1.0	0.39	0.365	inf	-1.0	-1.0	26.862756729125977	26.077085494995117	inf
26	0	5	1	0.115	0.065	4.942866325378418	5.850399494171143	inf	inf				inf	inf			
27	0	5	2	0.115	0.065	4.942866325378418	5.850399494171143	0.14	0.12	0.11000000000000001	0.12	0.15000000000000002	5.293194770812988	8.988578796386719	5.295835494995117	7.329051971435547	6.152453899383545
28	0	5	3	0.115	0.065	4.942866325378418	5.850399494171143	-1.0	0.09	0.075	-1.0	-1.0	-1.0	5.7938551902771	6.216883182525635	-1.0	-1.0
29	0	5	4	0.115	0.065	4.942866325378418	5.850399494171143	0.1	0.37	inf	inf	0.33	6.293082237243652	51.134788513183594	inf	inf	55.352867126464844
30	0	6	0	0.035	0.12000000000000001	4.258893966674805	4.000066757202148	-1.0					-1.0				
31	0	6	1	0.035	0.12000000000000001	4.258893966674805	4.000066757202148	inf	0.1	inf	inf	0.13	inf	14.225811958312988	inf	inf	14.464607238769531
32	0	6	2	0.035	0.12000000000000001	4.258893966674805	4.000066757202148	0.06999999999999999	0.07500000000000001	0.08499999999999999	-1.0	-1.0	6.600703239440918	12.339896202087402	12.102216720581055	-1.0	-1.0
33	0	6	3	0.035	0.12000000000000001	4.258893966674805	4.000066757202148	0.14	-1.0	inf	-1.0	0.115	5.872383117675781	-1.0	inf	-1.0	9.01647663116455
34	0	6	4	0.035	0.12000000000000001	4.258893966674805	4.000066757202148	inf	inf	0.21500000000000002	0.14	inf	inf	inf	21.85255241394043	19.16758918762207	inf
35	0	7	0	0.08499999999999999	0.035	4.421339511871338	4.258893966674805	-1.0	0.08499999999999999	-1.0	inf	inf	-1.0	3.3714418411254883	-1.0	inf	inf
36	0	7	1	0.08499999999999999	0.035	4.421339511871338	4.258893966674805	0.12	0.11499999999999999	inf	-1.0	0.25	18.49789047241211	16.39796257019043	inf	-1.0	49.81901931762695
37	0	7	2	0.08499999999999999	0.035	4.421339511871338	4.258893966674805	0.14	-1.0	0.11499999999999999	-1.0	0.11499999999999999	11.852370262145996	-1.0	25.91682243347168	-1.0	23.359952926635742
38	0	7	3	0.08499999999999999	0.035	4.421339511871338	4.258893966674805	0.155	-1.0	0.33999999999999997	-1.0	inf	5.5933332443237305	-1.0	20.32952117919922	-1.0	inf
39	0	7	4	0.08499999999999999	0.035	4.421339511871338	4.258893966674805	0.14500000000000002	0.10500000000000001	0.135	0.09	0.10500000000000001	8.508572578430176	19.176380157470703	5.163354873657227	5.448299407958984	19.965593338012695
40	0	8	0	0.1	0.12000000000000001	3.433295726776123	4.000066757202148	inf	inf	inf	inf	-1.0	inf	inf	inf	inf	-1.0
41	0	8	1	0.1	0.12000000000000001	3.433295726776123	4.000066757202148	inf	inf	inf	inf	inf	inf	inf	inf	inf	inf
42	0	8	2	0.1	0.12000000000000001	3.433295726776123	4.000066757202148	inf					inf				
43	0	8	3	0.1	0.12000000000000001	3.433295726776123	4.000066757202148	0.10500000000000001	0.115	inf	inf	inf	7.470406532287598	4.731236457824707	inf	inf	inf
44	0	8	4	0.1	0.12000000000000001	3.433295726776123	4.000066757202148	0.14500000000000002	0.195	inf	0.125	0.11499999999999999	7.015815734863281	19.530197143554688	inf	7.713440895080566	25.91682243347168
45	0	9	0	0.1	0.1	3.792149305343628	3.433295726776123	-1.0	-1.0	-1.0	0.325	0.095	-1.0	-1.0	-1.0	43.54975128173828	17.929922103881836
46	0	9	1	0.1	0.1	3.792149305343628	3.433295726776123	0.105	inf	inf	inf	inf	21.126922607421875	inf	inf	inf	inf
47	0	9	2	0.1	0.1	3.792149305343628	3.433295726776123	0.065	-1.0	0.065	0.11499999999999999	0.435	5.530672550201416	-1.0	6.759300708770752	11.796075820922852	37.04924774169922
48	0	9	3	0.1	0.1	3.792149305343628	3.433295726776123	inf	0.195	inf			inf	10.58011245727539	inf		
49	0	9	4	0.1	0.1	3.792149305343628	3.433295726776123	inf	inf	inf	0.12	0.18	inf	inf	inf	25.89301300048828	16.955669403076172
50	1	0	0	0.11499999999999999	0.1	3.4337635040283203	3.792149305343628	0.055	-1.0	0.325	-1.0	inf	2.7772216796875	-1.0	21.325185775756836	-1.0	inf
51	1	0	1	0.11499999999999999	0.1	3.4337635040283203	3.792149305343628	-1.0	0.325	-1.0	-1.0	-1.0	-1.0	21.325185775756836	-1.0	-1.0	-1.0
52	1	0	2	0.11499999999999999	0.1	3.4337635040283203	3.792149305343628	0.055	-1.0	-1.0			2.7772216796875	-1.0	-1.0		
53	1	0	3	0.11499999999999999	0.1	3.4337635040283203	3.792149305343628	0.06	0.005	inf	0.0	inf	1.7043540477752686	4.920400142669678	inf	0.0	inf
54	1	0	4	0.11499999999999999	0.1	3.4337635040283203	3.792149305343628	0.155	0.11499999999999999	inf	0.165	inf	5.137668132781982	25.91682243347168	inf	5.161884307861328	inf
55	1	1	0	0.1	0.155	3.792149305343628	5.137668132781982	-1.0	inf	0.325	-1.0	0.11499999999999999	-1.0	inf	24.736103057861328	-1.0	25.91682243347168
56	1	1	1	0.1	0.155	3.792149305343628	5.137668132781982	0.05	0.325	inf	inf	0.325	1.4355837106704712	43.54975128173828	inf	inf	24.736103057861328
57	1	1	2	0.1	0.155	3.792149305343628	5.137668132781982	-1.0	inf	inf	inf	-1.0	-1.0	inf	inf	inf	-1.0
58	1	1	3	0.1	0.155	3.792149305343628	5.137668132781982	-1.0	-1.0	inf	inf	-1.0	-1.0	-1.0	inf	inf	-1.0
59	1	1	4	0.1	0.155	3.792149305343628	5.137668132781982	0.16	0.135	inf	0.125	0.175	13.315442085266113	4.725250720977783	inf	23.464048385620117	5.067775726318359
60	1	2	0	0.165	0.1	5.161884307861328	3.792149305343628	-1.0	-1.0	inf	0.305	-1.0	-1.0	-1.0	inf	14.52885913848877	-1.0
61	1	2	1	0.165	0.1	5.161884307861328	3.792149305343628	0.045	-1.0	0.32	-1.0	-1.0	3.1098296642303467	-1.0	44.36707305908203	-1.0	-1.0
62	1	2	2	0.165	0.1	5.161884307861328	3.792149305343628	inf	0.055	0.30000000000000004	0.26	0.14500000000000002	inf	3.0782387256622314	39.13998794555664	21.141206741333008	9.827869415283203
63	1	2	3	0.165	0.1	5.161884307861328	3.792149305343628	inf	inf	inf	inf	-1.0	inf	inf	inf	inf	-1.0
64	1	2	4	0.165	0.1	5.161884307861328	3.792149305343628	0.155	0.195	-1.0	0.165	-1.0	5.296159267425537	7.854776859283447	-1.0	5.632756233215332	-1.0
65	1	3	0	0.11499999999999999	0.175	3.4337635040283203	5.067775726318359	0.055	inf	0.245	0.055	-1.0	13.864813804626465	inf	24.19606590270996	3.0782387256622314	-1.0
66	1	3	1	0.11499999999999999	0.175	3.4337635040283203	5.067775726318359	-1.0	-1.0	0.08499999999999999	0.22	-1.0	-1.0	-1.0	3.3714418411254883	9.766210556030273	-1.0
67	1	3	2	0.11499999999999999	0.175	3.4337635040283203	5.067775726318359	-1.0	inf	0.325	inf	-1.0	-1.0	inf	21.325185775756836	inf	-1.0
68	1	3	3	0.11499999999999999	0.175	3.4337635040283203	5.067775726318359	inf	-1.0	-1.0	0.03	-1.0	inf	-1.0	-1.0	5.200621128082275	-1.0
69	1	3	4	0.11499999999999999	0.175	3.4337635040283203	5.067775726318359	0.155	0.16	0.365	-1.0	inf	3.9941298961639404	13.496697425842285	12.65517807006836	-1.0	inf
70	1	4	0	0.11499999999999999	0.1	3.4337635040283203	3.792149305343628	0.06	-1.0	inf	-1.0	0.105	1.7043540477752686	-1.0	inf	-1.0	18.182415008544922
71	1	4	1	0.11499999999999999	0.1	3.4337635040283203	3.792149305343628	0.075	0.02	inf	inf	0.01	17.06620216369629	4.438896179199219	inf	inf	1.528935432434082
72	1	4	2	0.11499999999999999	0.1	3.4337635040283203	3.792149305343628	0.11499999999999999	inf	-1.0	0.045	inf	25.91682243347168	inf	-1.0	4.149549961090088	inf
73	1	4	3	0.11499999999999999	0.1	3.4337635040283203	3.792149305343628	-1.0	inf	inf	-1.0	inf	-1.0	inf	inf	-1.0	inf
74	1	4	4	0.11499999999999999	0.1	3.4337635040283203	3.792149305343628	0.135	inf	0.08	inf	0.1	3.517518997192383	inf	3.4514098167419434	inf	5.177524089813232
75	1	5	0	0.155	0.11499999999999999	5.137668132781982	3.4337635040283203	-1.0	-1.0	0.435	0.62	inf	-1.0	-1.0	16.94399070739746	30.221939086914062	inf
76	1	5	1	0.155	0.11499999999999999	5.137668132781982	3.4337635040283203	-1.0	inf	0.11499999999999999	inf	-1.0	-1.0	inf	25.91682243347168	inf	-1.0
77	1	5	2	0.155	0.11499999999999999	5.137668132781982	3.4337635040283203	-1.0	inf	-1.0	-1.0	inf	-1.0	inf	-1.0	-1.0	inf
78	1	5	3	0.155	0.11499999999999999	5.137668132781982	3.4337635040283203	-1.0	0.20750000000000002	-1.0	inf	0.27	-1.0	20.09674072265625	-1.0	inf	44.54239273071289
79	1	5	4	0.155	0.11499999999999999	5.137668132781982	3.4337635040283203	0.12	inf	0.11000000000000001	0.185	0.195	12.13778018951416	inf	7.289267063140869	7.702962875366211	8.327131271362305
80	1	6	0	0.08	0.155	3.4514098167419434	5.137668132781982	-1.0	-1.0	-1.0	0.135	-1.0	-1.0	-1.0	-1.0	5.938899993896484	-1.0
81	1	6	1	0.08	0.155	3.4514098167419434	5.137668132781982	inf	inf	-1.0	inf	inf	inf	inf	-1.0	inf	inf
82	1	6	2	0.08	0.155	3.4514098167419434	5.137668132781982	inf	inf	0.057499999999999996	-1.0	-1.0	inf	inf	22.09096908569336	-1.0	-1.0
83	1	6	3	0.08	0.155	3.4514098167419434	5.137668132781982	-1.0	inf	-1.0	-1.0	-1.0	-1.0	inf	-1.0	-1.0	-1.0
84	1	6	4	0.08	0.155	3.4514098167419434	5.137668132781982	inf	0.115	inf	0.115	inf	inf	11.319055557250977	inf	9.917255401611328	inf
85	1	7	0	0.1	0.155	5.177524089813232	5.137668132781982	-1.0	0.20750000000000002	-1.0	inf	inf	-1.0	20.09674072265625	-1.0	inf	inf
86	1	7	1	0.1	0.155	5.177524089813232	5.137668132781982	-1.0	inf	inf	inf	inf	-1.0	inf	inf	inf	inf
87	1	7	2	0.1	0.155	5.177524089813232	5.137668132781982	-1.0	-1.0	inf	-1.0	inf	-1.0	-1.0	inf	-1.0	inf
88	1	7	3	0.1	0.155	5.177524089813232	5.137668132781982	0.11499999999999999	inf	0.385	-1.0	inf	25.91682243347168	inf	86.21018981933594	-1.0	inf
89	1	7	4	0.1	0.155	5.177524089813232	5.137668132781982	0.18	-1.0	0.175	0.315	0.145	7.476332664489746	-1.0	12.576743125915527	12.824254989624023	6.3252949714660645
90	1	8	0	0.08	0.135	3.4514098167419434	4.725250720977783	-1.0	0.11499999999999999	inf	0.11499999999999999	inf	-1.0	22.06608772277832	inf	18.81560707092285	inf
91	1	8	1	0.08	0.135	3.4514098167419434	4.725250720977783	0.065	inf	inf	inf	inf	2.1356873512268066	inf	inf	inf	inf
92	1	8	2	0.08	0.135	3.4514098167419434	4.725250720977783	-1.0	0.30000000000000004	inf	-1.0	0.325	-1.0	20.226808547973633	inf	-1.0	25.50832748413086
93	1	8	3	0.08	0.135	3.4514098167419434	4.725250720977783	-1.0	-1.0	inf	inf	inf	-1.0	-1.0	inf	inf	inf
94	1	8	4	0.08	0.135	3.4514098167419434	4.725250720977783	0.14	0.11	-1.0	0.14	-1.0	5.256319046020508	20.001108169555664	-1.0	6.188878536224365	-1.0
95	1	9	0	0.11499999999999999	0.135	3.4337635040283203	4.725250720977783	-1.0	-1.0	-1.0	inf	inf	-1.0	-1.0	-1.0	inf	inf
96	1	9	1	0.11499999999999999	0.135	3.4337635040283203	4.725250720977783	inf	inf	-1.0	inf	-1.0	inf	inf	-1.0	inf	-1.0
97	1	9	2	0.11499999999999999	0.135	3.4337635040283203	4.725250720977783	-1.0	-1.0	inf	-1.0	0.755	-1.0	-1.0	inf	-1.0	16.06814956665039
98	1	9	3	0.11499999999999999	0.135	3.4337635040283203	4.725250720977783	-1.0	inf	-1.0	inf	-1.0	-1.0	inf	-1.0	inf	-1.0
99	1	9	4	0.11499999999999999	0.135	3.4337635040283203	4.725250720977783	0.155	-1.0	0.355	0.155	inf	5.5933332443237305	-1.0	38.526268005371094	5.90809440612793	inf
100	2	0	0	0.11499999999999999	0.11499999999999999	3.433763265609741	3.433763265609741	0.11499999999999999	0.11499999999999999	-1.0	-1.0	-1.0	4.26830530166626	4.138615608215332	-1.0	-1.0	-1.0
101	2	0	1	0.11499999999999999	0.11499999999999999	3.433763265609741	3.433763265609741	0.135	inf	inf	-1.0	0.11499999999999999	14.347179412841797	inf	inf	-1.0	3.433763265609741
102	2	0	2	0.11499999999999999	0.11499999999999999	3.433763265609741	3.433763265609741	0.11499999999999999	0.26	0.345	0.425	-1.0	4.26830530166626	14.61409854888916	41.91896057128906	23.37897300720215	-1.0
103	2	0	3	0.11499999999999999	0.11499999999999999	3.433763265609741	3.433763265609741	inf	inf	inf	inf	-1.0	inf	inf	inf	inf	-1.0
104	2	0	4	0.11499999999999999	0.11499999999999999	3.433763265609741	3.433763265609741	-1.0	-1.0	0.135	0.14500000000000002	inf	-1.0	-1.0	10.842232704162598	3.818904399871826	inf
105	2	1	0	0.14500000000000002	0.11499999999999999	3.818904399871826	3.433763265609741	0.09	0.11499999999999999	0.155	0.125	0.11499999999999999	5.201945781707764	3.880401134490967	7.241164207458496	5.197453498840332	3.433763265609741
106	2	1	1	0.14500000000000002	0.11499999999999999	3.818904399871826	3.433763265609741	inf	inf	inf	inf	inf	inf	inf	inf	inf	inf
107	2	1	2	0.14500000000000002	0.11499999999999999	3.818904399871826	3.433763265609741	-1.0	-1.0	0.09	-1.0	0.32	-1.0	-1.0	4.847111701965332	-1.0	53.79220199584961
108	2	1	3	0.14500000000000002	0.11499999999999999	3.818904399871826	3.433763265609741	inf	inf	inf	inf	inf	inf	inf	inf	inf	inf
109	2	1	4	0.14500000000000002	0.11499999999999999	3.818904399871826	3.433763265609741	-1.0	0.095	-1.0	-1.0	-1.0	-1.0	8.443388938903809	-1.0	-1.0	-1.0
110	2	2	0	0.11499999999999999	0.14500000000000002	3.433763265609741	3.818904399871826	inf	0.2	inf	inf	-1.0	inf	7.114914894104004	inf	inf	-1.0
111	2	2	1	0.11499999999999999	0.14500000000000002	3.433763265609741	3.818904399871826	inf	inf	inf	inf	inf	inf	inf	inf	inf	inf
112	2	2	2	0.11499999999999999	0.14500000000000002	3.433763265609741	3.818904399871826	0.11499999999999999	0.11499999999999999	0.16	0.08499999999999999	0.1	3.433763265609741	4.120384693145752	6.810568332672119	6.750624179840088	4.953739643096924
113	2	2	3	0.11499999999999999	0.14500000000000002	3.433763265609741	3.818904399871826	inf	inf	inf	inf	inf	inf	inf	inf	inf	inf
114	2	2	4	0.11499999999999999	0.14500000000000002	3.433763265609741	3.818904399871826	-1.0	0.11499999999999999	-1.0	inf	0.095	-1.0	21.270538330078125	-1.0	inf	7.153243541717529
115	2	3	0	0.14500000000000002	0.11499999999999999	3.818904399871826	3.433763265609741	0.22999999999999998	inf	0.22	-1.0	0.19	11.416679382324219	inf	6.556704998016357	-1.0	8.02579402923584
116	2	3	1	0.14500000000000002	0.11499999999999999	3.818904399871826	3.433763265609741	0.315	0.28	0.245	inf	inf	30.319446563720703	30.951383590698242	7.124346733093262	inf	inf
117	2	3	2	0.14500000000000002	0.11499999999999999	3.818904399871826	3.433763265609741	0.09	0.235	inf	-1.0	-1.0	2.7600350379943848	8.719277381896973	inf	-1.0	-1.0
118	2	3	3	0.14500000000000002	0.11499999999999999	3.818904399871826	3.433763265609741	inf	inf	inf	inf	inf	inf	inf	inf	inf	inf
119	2	3	4	0.14500000000000002	0.11499999999999999	3.818904399871826	3.433763265609741	0.11499999999999999	-1.0	-1.0	0.095	-1.0	25.91682243347168	-1.0	-1.0	18.642152786254883	-1.0
120	2	4	0	0.14500000000000002	0.11499999999999999	3.818904399871826	3.433763265609741	inf	inf	inf	inf	inf	inf	inf	inf	inf	inf
121	2	4	1	0.14500000000000002	0.11499999999999999	3.818904399871826	3.433763265609741	-1.0	-1.0	-1.0	inf	-1.0	-1.0	-1.0	-1.0	inf	-1.0
122	2	4	2	0.14500000000000002	0.11499999999999999	3.818904399871826	3.433763265609741	inf	inf	inf	inf	-1.0	inf	inf	inf	inf	-1.0
123	2	4	3	0.14500000000000002	0.11499999999999999	3.818904399871826	3.433763265609741	inf	inf	inf	inf	inf	inf	inf	inf	inf	inf
124	2	4	4	0.14500000000000002	0.11499999999999999	3.818904399871826	3.433763265609741	-1.0	inf	0.125	0.125	0.20500000000000002	-1.0	inf	4.567202091217041	3.8134801387786865	9.92841625213623
125	2	5	0	0.11499999999999999	0.11499999999999999	3.433763265609741	3.433763265609741	inf	inf	inf	inf	inf	inf	inf	inf	inf	inf
126	2	5	1	0.11499999999999999	0.11499999999999999	3.433763265609741	3.433763265609741	0.135	-1.0	inf	inf	inf	10.835135459899902	-1.0	inf	inf	inf
127	2	5	2	0.11499999999999999	0.11499999999999999	3.433763265609741	3.433763265609741	-1.0	inf	-1.0	inf	inf	-1.0	inf	-1.0	inf	inf
128	2	5	3	0.11499999999999999	0.11499999999999999	3.433763265609741	3.433763265609741	inf	inf	inf	inf	inf	inf	inf	inf	inf	inf
129	2	5	4	0.11499999999999999	0.11499999999999999	3.433763265609741	3.433763265609741	inf	inf	inf	inf	inf	inf	inf	inf	inf	inf
130	2	6	0	0.11499999999999999	0.11499999999999999	3.433763265609741	3.433763265609741	inf	inf	inf	inf	inf	inf	inf	inf	inf	inf
131	2	6	1	0.11499999999999999	0.11499999999999999	3.433763265609741	3.433763265609741	inf	inf	inf	inf	inf	inf	inf	inf	inf	inf
132	2	6	2	0.11499999999999999	0.11499999999999999	3.433763265609741	3.433763265609741	inf	-1.0	0.34	inf	-1.0	inf	-1.0	54.1436882019043	inf	-1.0
133	2	6	3	0.11499999999999999	0.11499999999999999	3.433763265609741	3.433763265609741	inf	0.145	inf	inf	0.25	inf	8.139032363891602	inf	inf	26.400386810302734
134	2	6	4	0.11499999999999999	0.11499999999999999	3.433763265609741	3.433763265609741	0.155	inf	inf	inf	0.16499999999999998	8.217110633850098	inf	inf	inf	12.946833610534668
135	2	7	0	0.11499999999999999	0.14500000000000002	3.433763265609741	3.818904399871826	inf	inf	inf	inf	inf	inf	inf	inf	inf	inf
136	2	7	1	0.11499999999999999	0.14500000000000002	3.433763265609741	3.818904399871826	0.11499999999999999	-1.0	-1.0	0.11499999999999999	-1.0	4.26830530166626	-1.0	-1.0	4.138615608215332	-1.0
137	2	7	2	0.11499999999999999	0.14500000000000002	3.433763265609741	3.818904399871826	-1.0	-1.0	-1.0	-1.0	-1.0	-1.0	-1.0	-1.0	-1.0	-1.0
138	2	7	3	0.11499999999999999	0.14500000000000002	3.433763265609741	3.818904399871826	inf	0.18	inf	inf	0.28500000000000003	inf	8.310203552246094	inf	inf	18.996564865112305
139	2	7	4	0.11499999999999999	0.14500000000000002	3.433763265609741	3.818904399871826	0.335	0.86	0.165	0.45	0.37	8.285454750061035	67.08964538574219	4.760829925537109	19.182071685791016	46.79108810424805
140	2	8	0	0.125	0.14500000000000002	3.8134801387786865	3.818904399871826	inf	inf	inf	inf	inf	inf	inf	inf	inf	inf
141	2	8	1	0.125	0.14500000000000002	3.8134801387786865	3.818904399871826	0.265	0.155	0.385	inf	inf	20.48112678527832	6.457635402679443	9.154521942138672	inf	inf
142	2	8	2	0.125	0.14500000000000002	3.8134801387786865	3.818904399871826	-1.0	inf	inf	-1.0	-1.0	-1.0	inf	inf	-1.0	-1.0
143	2	8	3	0.125	0.14500000000000002	3.8134801387786865	3.818904399871826	inf	inf	0.21000000000000002	-1.0	inf	inf	inf	12.302620887756348	-1.0	inf
144	2	8	4	0.125	0.14500000000000002	3.8134801387786865	3.818904399871826	inf	inf	inf	inf	inf	inf	inf	inf	inf	inf
145	2	9	0	0.165	0.14500000000000002	4.760829925537109	3.818904399871826	inf	inf	inf	inf	inf	inf	inf	inf	inf	inf
146	2	9	1	0.165	0.14500000000000002	4.760829925537109	3.818904399871826	-1.0	inf	inf	inf	inf	-1.0	inf	inf	inf	inf
147	2	9	2	0.165	0.14500000000000002	4.760829925537109	3.818904399871826	-1.0	inf	-1.0	0.13	inf	-1.0	inf	-1.0	3.672593593597412	inf
148	2	9	3	0.165	0.14500000000000002	4.760829925537109	3.818904399871826	inf	inf	inf	inf	0.145	inf	inf	inf	inf	13.56696605682373
149	2	9	4	0.165	0.14500000000000002	4.760829925537109	3.818904399871826	inf	inf	inf	inf	inf	inf	inf	inf	inf	inf
150	3	0	0	0.11499999999999999	0.11499999999999999	3.433763265609741	3.433763265609741	inf	0.11499999999999999	0.11499999999999999	0.215	0.23	inf	11.501832008361816	3.433763265609741	5.128222942352295	4.651993751525879
151	3	0	1	0.11499999999999999	0.11499999999999999	3.433763265609741	3.433763265609741	inf	0.11499999999999999	inf	inf	inf	inf	11.501832008361816	inf	inf	inf
152	3	0	2	0.11499999999999999	0.11499999999999999	3.433763265609741	3.433763265609741	0.11499999999999999	0.11499999999999999	inf	-1.0	0.255	4.26830530166626	3.433763265609741	inf	-1.0	23.472919464111328
153	3	0	3	0.11499999999999999	0.11499999999999999	3.433763265609741	3.433763265609741	0.095	-1.0	0.06999999999999999	0.31	inf	8.443388938903809	-1.0	13.371678352355957	6.107686996459961	inf
154	3	0	4	0.11499999999999999	0.11499999999999999	3.433763265609741	3.433763265609741	0.095	-1.0	0.31000000000000005	inf	0.73	8.443388938903809	-1.0	12.602180480957031	inf	52.39466094970703
155	3	1	0	0.11499999999999999	0.11499999999999999	3.433763265609741	3.433763265609741	inf	0.295	-1.0	-1.0	-1.0	inf	18.49244499206543	-1.0	-1.0	-1.0
156	3	1	1	0.11499999999999999	0.11499999999999999	3.433763265609741	3.433763265609741	inf	0.1522875816993464	inf	inf	0.11499999999999999	inf	13.832756996154785	inf	inf	9.093812942504883
157	3	1	2	0.11499999999999999	0.11499999999999999	3.433763265609741	3.433763265609741	inf	inf	inf	inf	inf	inf	inf	inf	inf	inf
158	3	1	3	0.11499999999999999	0.11499999999999999	3.433763265609741	3.433763265609741	0.11499999999999999	inf	inf	0.21500000000000002	0.16499999999999998	4.26830530166626	inf	inf	5.230194091796875	7.111745357513428
159	3	1	4	0.11499999999999999	0.11499999999999999	3.433763265609741	3.433763265609741	inf	inf	inf	0.245	inf	inf	inf	inf	45.7940673828125	inf
160	3	2	0	0.11499999999999999	0.11499999999999999	3.433763265609741	3.433763265609741	-1.0	inf	0.14500000000000002	inf	0.195	-1.0	inf	5.234536647796631	inf	11.482062339782715
161	3	2	1	0.11499999999999999	0.11499999999999999	3.433763265609741	3.433763265609741	0.135	-1.0	inf	inf	0.11499999999999999	14.347179412841797	-1.0	inf	inf	3.433763265609741
162	3	2	2	0.11499999999999999	0.11499999999999999	3.433763265609741	3.433763265609741	inf					inf				
163	3	2	3	0.11499999999999999	0.11499999999999999	3.433763265609741	3.433763265609741	-1.0	inf	inf	inf	0.095	-1.0	inf	inf	inf	3.395855188369751
164	3	2	4	0.11499999999999999	0.11499999999999999	3.433763265609741	3.433763265609741	0.135	-1.0				14.347179412841797	-1.0			
165	3	3	0	0.11499999999999999	0.11499999999999999	3.433763265609741	3.433763265609741	-1.0	inf	-1.0	inf	0.185	-1.0	inf	-1.0	inf	14.387487411499023
166	3	3	1	0.11499999999999999	0.11499999999999999	3.433763265609741	3.433763265609741	-1.0	-1.0	inf	inf	-1.0	-1.0	-1.0	inf	inf	-1.0
167	3	3	2	0.11499999999999999	0.11499999999999999	3.433763265609741	3.433763265609741	inf	inf	inf	inf	inf	inf	inf	inf	inf	inf
168	3	3	3	0.11499999999999999	0.11499999999999999	3.433763265609741	3.433763265609741	inf	inf	0.135	0.03833333333333334	inf	inf	inf	4.802792072296143	17.06259536743164	inf
169	3	3	4	0.11499999999999999	0.11499999999999999	3.433763265609741	3.433763265609741	0.16499999999999998	0.22499999999999998	0.385	-1.0	0.145	5.077391147613525	21.94667625427246	86.21018981933594	-1.0	7.837697982788086
170	3	4	0	0.11499999999999999	0.11499999999999999	3.433763265609741	3.433763265609741	inf	-1.0	inf	-1.0	inf	inf	-1.0	inf	-1.0	inf
171	3	4	1	0.11499999999999999	0.11499999999999999	3.433763265609741	3.433763265609741	-1.0	-1.0	inf	inf	inf	-1.0	-1.0	inf	inf	inf
172	3	4	2	0.11499999999999999	0.11499999999999999	3.433763265609741	3.433763265609741	inf	0.11	inf	-1.0	0.16999999999999998	inf	5.341365814208984	inf	-1.0	5.819337368011475
173	3	4	3	0.11499999999999999	0.11499999999999999	3.433763265609741	3.433763265609741	inf	inf	0.14	inf	inf	inf	inf	32.57047653198242	inf	inf
174	3	4	4	0.11499999999999999	0.11499999999999999	3.433763265609741	3.433763265609741	inf	0.28	0.29000000000000004	inf	0.255	inf	6.190784931182861	5.970909118652344	inf	8.629942893981934
175	3	5	0	0.11499999999999999	0.11499999999999999	3.433763265609741	3.433763265609741	inf	inf	inf	inf	inf	inf	inf	inf	inf	inf
176	3	5	1	0.11499999999999999	0.11499999999999999	3.433763265609741	3.433763265609741	-1.0	inf	inf	-1.0	-1.0	-1.0	inf	inf	-1.0	-1.0
177	3	5	2	0.11499999999999999	0.11499999999999999	3.433763265609741	3.433763265609741	inf	-1.0	-1.0	inf	inf	inf	-1.0	-1.0	inf	inf
178	3	5	3	0.11499999999999999	0.11499999999999999	3.433763265609741	3.433763265609741	inf	inf	inf	inf	inf	inf	inf	inf	inf	inf
179	3	5	4	0.11499999999999999	0.11499999999999999	3.433763265609741	3.433763265609741	inf	inf	inf	-1.0	inf	inf	inf	inf	-1.0	inf
180	3	6	0	0.16499999999999998	0.11499999999999999	5.077391147613525	3.433763265609741	inf	inf	inf	inf	inf	inf	inf	inf	inf	inf
181	3	6	1	0.16499999999999998	0.11499999999999999	5.077391147613525	3.433763265609741	inf	-1.0	-1.0	-1.0	inf	inf	-1.0	-1.0	-1.0	inf
182	3	6	2	0.16499999999999998	0.11499999999999999	5.077391147613525	3.433763265609741	inf	inf	inf	inf	0.34	inf	inf	inf	inf	54.1436882019043
183	3	6	3	0.16499999999999998	0.11499999999999999	5.077391147613525	3.433763265609741	0.22499999999999998	-1.0	-1.0	0.385	inf	5.4007978439331055	-1.0	-1.0	31.496700286865234	inf
184	3	6	4	0.16499999999999998	0.11499999999999999	5.077391147613525	3.433763265609741	0.235	0.385	-1.0	0.33499999999999996	0.275	6.810285568237305	17.04115104675293	-1.0	47.57064437866211	14.994241714477539
185	3	7	0	0.11499999999999999	0.11499999999999999	3.433763265609741	3.433763265609741	-1.0	-1.0	0.15	-1.0	-1.0	-1.0	-1.0	12.2455472946167	-1.0	-1.0
186	3	7	1	0.11499999999999999	0.11499999999999999	3.433763265609741	3.433763265609741	-1.0	-1.0	-1.0	-1.0	-1.0	-1.0	-1.0	-1.0	-1.0	-1.0
187	3	7	2	0.11499999999999999	0.11499999999999999	3.433763265609741	3.433763265609741	inf	-1.0	-1.0	-1.0	inf	inf	-1.0	-1.0	-1.0	inf
188	3	7	3	0.11499999999999999	0.11499999999999999	3.433763265609741	3.433763265609741	inf	inf	inf	inf	-1.0	inf	inf	inf	inf	-1.0
189	3	7	4	0.11499999999999999	0.11499999999999999	3.433763265609741	3.433763265609741	0.075	-1.0	0.125	-1.0	-1.0	4.467108726501465	-1.0	4.431562423706055	-1.0	-1.0
190	3	8	0	0.11499999999999999	0.125	3.433763265609741	4.431562423706055	inf	inf	-1.0	-1.0	inf	inf	inf	-1.0	-1.0	inf
191	3	8	1	0.11499999999999999	0.125	3.433763265609741	4.431562423706055	inf	inf	inf	inf	inf	inf	inf	inf	inf	inf
192	3	8	2	0.11499999999999999	0.125	3.433763265609741	4.431562423706055	inf	inf	inf	inf	inf	inf	inf	inf	inf	inf
193	3	8	3	0.11499999999999999	0.125	3.433763265609741	4.431562423706055	0.14500000000000002	-1.0	0.155	-1.0	-1.0	4.015300273895264	-1.0	3.988036870956421	-1.0	-1.0
194	3	8	4	0.11499999999999999	0.125	3.433763265609741	4.431562423706055	-1.0	-1.0	inf	-1.0	-1.0	-1.0	-1.0	inf	-1.0	-1.0
195	3	9	0	0.11499999999999999	0.125	3.433763265609741	4.431562423706055	0.135	inf	0.135	0.12	0.73	14.347179412841797	inf	10.502570152282715	10.646036148071289	81.36942291259766
196	3	9	1	0.11499999999999999	0.125	3.433763265609741	4.431562423706055	-1.0	-1.0	-1.0	-1.0	0.135	-1.0	-1.0	-1.0	-1.0	11.942176818847656
197	3	9	2	0.11499999999999999	0.125	3.433763265609741	4.431562423706055	inf	inf	inf	inf	inf	inf	inf	inf	inf	inf
198	3	9	3	0.11499999999999999	0.125	3.433763265609741	4.431562423706055	0.095	0.21000000000000002	-1.0	inf	inf	19.032814025878906	4.996155738830566	-1.0	inf	inf
199	3	9	4	0.11499999999999999	0.125	3.433763265609741	4.431562423706055	-1.0	-1.0	-1.0	-1.0	-1.0	-1.0	-1.0	-1.0	-1.0	-1.0
