	reset_island_iter	improve_iter	island	program_1_hamming_score	program_2_hamming_score	program_1_neural_score	program_2_neural_score	output_program_1_hamming_score	output_program_2_hamming_score	output_program_3_hamming_score	output_program_4_hamming_score	output_program_5_hamming_score	output_program_1_neural_score	output_program_2_neural_score	output_program_3_neural_score	output_program_4_neural_score	output_program_5_neural_score
0	0	0	0	5.5	5.5	4.114895820617676	4.114895820617676	3.5	4.25	-1.0	-1.0	-1.0	2.582148790359497	4.253695964813232	-1.0	-1.0	-1.0
1	0	0	1	5.5	5.5	4.114895820617676	4.114895820617676	2.25	-1.0	-1.0	-1.0	-1.0	5.847954750061035	-1.0	-1.0	-1.0	-1.0
2	0	0	2	5.5	5.5	4.114895820617676	4.114895820617676	7.0	3.5	6.0	4.25	-1.0	5.8308210372924805	3.581077814102173	5.700511455535889	3.5342135429382324	-1.0
3	0	0	3	5.5	5.5	4.114895820617676	4.114895820617676	-1.0	14.25	-1.0	-1.0	inf	-1.0	39.22031021118164	-1.0	-1.0	inf
4	0	0	4	5.5	5.5	4.114895820617676	4.114895820617676	inf	2.25	7.0	-1.0	inf	inf	5.847954750061035	5.8308210372924805	-1.0	inf
5	0	1	0	2.25	5.5	5.847954750061035	4.114895820617676	6.75	7.0	inf	-1.0	7.0	3.218240976333618	3.8463025093078613	inf	-1.0	3.8336641788482666
6	0	1	1	2.25	5.5	5.847954750061035	4.114895820617676	2.25	-1.0	-1.0	inf	-1.0	2.8158299922943115	-1.0	-1.0	inf	-1.0
7	0	1	2	2.25	5.5	5.847954750061035	4.114895820617676	6.5	2.75	-1.0	inf	-1.0	5.225276470184326	2.1549692153930664	-1.0	inf	-1.0
8	0	1	3	2.25	5.5	5.847954750061035	4.114895820617676	-1.0	inf	-1.0	-1.0	-1.0	-1.0	inf	-1.0	-1.0	-1.0
9	0	1	4	2.25	5.5	5.847954750061035	4.114895820617676	-1.0	inf	-1.0	-1.0	17.5	-1.0	inf	-1.0	-1.0	7.111580848693848
10	0	2	0	2.25	5.5	5.847954750061035	4.114895820617676	inf	7.75	6.25	2.5	inf	inf	3.9094271659851074	3.543339490890503	4.9670090675354	inf
11	0	2	1	2.25	5.5	5.847954750061035	4.114895820617676	-1.0	2.25	inf	-1.0	inf	-1.0	2.950451612472534	inf	-1.0	inf
12	0	2	2	2.25	5.5	5.847954750061035	4.114895820617676	2.75	inf	-1.0	-1.0	-1.0	3.1686947345733643	inf	-1.0	-1.0	-1.0
13	0	2	3	2.25	5.5	5.847954750061035	4.114895820617676	-1.0	-1.0	2.25	-1.0	1.5	-1.0	-1.0	5.847954750061035	-1.0	2.0331482887268066
14	0	2	4	2.25	5.5	5.847954750061035	4.114895820617676	2.25	6.25	-1.0	-1.0	-1.0	2.8158299922943115	8.072070121765137	-1.0	-1.0	-1.0
15	0	3	0	2.25	2.25	2.8158299922943115	5.847954750061035	inf	inf	7.25	inf	-1.0	inf	inf	3.2428574562072754	inf	-1.0
16	0	3	1	2.25	2.25	2.8158299922943115	5.847954750061035	-1.0	inf	-1.0	inf	-1.0	-1.0	inf	-1.0	inf	-1.0
17	0	3	2	2.25	2.25	2.8158299922943115	5.847954750061035	inf	2.25	4.5	-1.0	-1.0	inf	5.847954750061035	5.668981075286865	-1.0	-1.0
18	0	3	3	2.25	2.25	2.8158299922943115	5.847954750061035	-1.0	-1.0	3.5	4.5	2.75	-1.0	-1.0	2.2934794425964355	3.7132766246795654	2.806316375732422
19	0	3	4	2.25	2.25	2.8158299922943115	5.847954750061035	-1.0	-1.0	inf	-1.0	2.25	-1.0	-1.0	inf	-1.0	2.950451612472534
20	0	4	0	2.25	2.25	2.950451612472534	2.8158299922943115	inf	inf	-1.0	-1.0	-1.0	inf	inf	-1.0	-1.0	-1.0
21	0	4	1	2.25	2.25	2.950451612472534	2.8158299922943115	inf	inf	2.0	-1.0	-1.0	inf	inf	2.329667568206787	-1.0	-1.0
22	0	4	2	2.25	2.25	2.950451612472534	2.8158299922943115	inf	inf	-1.0	-1.0	2.75	inf	inf	-1.0	-1.0	2.7860445976257324
23	0	4	3	2.25	2.25	2.950451612472534	2.8158299922943115	-1.0	8.5	-1.0	inf	inf	-1.0	7.205288887023926	-1.0	inf	inf
24	0	4	4	2.25	2.25	2.950451612472534	2.8158299922943115	-1.0	inf	inf	-1.0	14.0	-1.0	inf	inf	-1.0	6.615669250488281
25	0	5	0	2.25	2.25	2.8158299922943115	2.950451612472534	-1.0	-1.0	-1.0	inf	inf	-1.0	-1.0	-1.0	inf	inf
26	0	5	1	2.25	2.25	2.8158299922943115	2.950451612472534	-1.0	-1.0	inf	-1.0	inf	-1.0	-1.0	inf	-1.0	inf
27	0	5	2	2.25	2.25	2.8158299922943115	2.950451612472534	-1.0	3.0	-1.0	-1.0	-1.0	-1.0	4.761109828948975	-1.0	-1.0	-1.0
28	0	5	3	2.25	2.25	2.8158299922943115	2.950451612472534	15.0	-1.0	-1.0	-1.0	inf	4.716735363006592	-1.0	-1.0	-1.0	inf
29	0	5	4	2.25	2.25	2.8158299922943115	2.950451612472534	-1.0	inf	inf	inf	11.5	-1.0	inf	inf	inf	15.751968383789062
30	0	6	0	2.25	2.25	5.847954750061035	2.8158299922943115	inf	inf	-1.0	4.5	-1.0	inf	inf	-1.0	3.366154432296753	-1.0
31	0	6	1	2.25	2.25	5.847954750061035	2.8158299922943115	inf	-1.0	inf	5.75	-1.0	inf	-1.0	inf	3.6528546810150146	-1.0
32	0	6	2	2.25	2.25	5.847954750061035	2.8158299922943115	3.0	-1.0	2.0	8.0	-1.0	3.539409875869751	-1.0	1.819701910018921	7.7496256828308105	-1.0
33	0	6	3	2.25	2.25	5.847954750061035	2.8158299922943115	-1.0	-1.0	-1.0	4.75	-1.0	-1.0	-1.0	-1.0	3.2170071601867676	-1.0
34	0	6	4	2.25	2.25	5.847954750061035	2.8158299922943115	-1.0	inf	inf	-1.0	inf	-1.0	inf	inf	-1.0	inf
35	0	7	0	2.25	2.25	2.950451612472534	2.8158299922943115	5.5	5.0	-1.0	inf	-1.0	2.8592169284820557	2.8684403896331787	-1.0	inf	-1.0
36	0	7	1	2.25	2.25	2.950451612472534	2.8158299922943115	-1.0	inf	inf	-1.0	-1.0	-1.0	inf	inf	-1.0	-1.0
37	0	7	2	2.25	2.25	2.950451612472534	2.8158299922943115	5.25	-1.0	-1.0	4.75	13.75	6.602077484130859	-1.0	-1.0	5.474569797515869	16.040985107421875
38	0	7	3	2.25	2.25	2.950451612472534	2.8158299922943115	-1.0	-1.0	5.5	-1.0	-1.0	-1.0	-1.0	2.992567539215088	-1.0	-1.0
39	0	7	4	2.25	2.25	2.950451612472534	2.8158299922943115	inf	-1.0	inf	inf	-1.0	inf	-1.0	inf	inf	-1.0
40	0	8	0	2.25	2.25	5.847954750061035	2.8158299922943115	-1.0	inf	4.0	-1.0	11.5	-1.0	inf	2.6410863399505615	-1.0	25.06536102294922
41	0	8	1	2.25	2.25	5.847954750061035	2.8158299922943115	-1.0	-1.0	inf	-1.0	-1.0	-1.0	-1.0	inf	-1.0	-1.0
42	0	8	2	2.25	2.25	5.847954750061035	2.8158299922943115	-1.0	-1.0	5.0	-1.0	-1.0	-1.0	-1.0	5.023624897003174	-1.0	-1.0
43	0	8	3	2.25	2.25	5.847954750061035	2.8158299922943115	-1.0	inf	-1.0	3.75	-1.0	-1.0	inf	-1.0	15.272262573242188	-1.0
44	0	8	4	2.25	2.25	5.847954750061035	2.8158299922943115	-1.0	inf	inf	inf	-1.0	-1.0	inf	inf	inf	-1.0
45	0	9	0	2.25	2.25	2.8158299922943115	2.950451612472534	6.5	inf	5.0	6.5	inf	3.666356086730957	inf	3.236222982406616	3.8319785594940186	inf
46	0	9	1	2.25	2.25	2.8158299922943115	2.950451612472534	6.0	1.0	2.25	2.5	inf	3.911062479019165	1.5717889070510864	4.576845169067383	3.0180201530456543	inf
47	0	9	2	2.25	2.25	2.8158299922943115	2.950451612472534	4.0	inf	3.5	-1.0	-1.0	6.152843475341797	inf	4.08254337310791	-1.0	-1.0
48	0	9	3	2.25	2.25	2.8158299922943115	2.950451612472534	-1.0	inf	-1.0	-1.0	-1.0	-1.0	inf	-1.0	-1.0	-1.0
49	0	9	4	2.25	2.25	2.8158299922943115	2.950451612472534	inf	-1.0	inf	inf	inf	inf	-1.0	inf	inf	inf
50	1	0	0	2.25	2.25	5.847954750061035	4.576845169067383	4.5	9.0	-1.0	7.0	5.5	3.6316516399383545	17.37202262878418	-1.0	13.401927947998047	4.114895820617676
51	1	0	1	2.25	2.25	5.847954750061035	4.576845169067383	1.5	11.25	-1.0	9.25	2.0	2.5080747604370117	20.57097053527832	-1.0	4.7358622550964355	2.9634063243865967
52	1	0	2	2.25	2.25	5.847954750061035	4.576845169067383	2.0	inf	inf	-1.0	inf	2.329667568206787	inf	inf	-1.0	inf
53	1	0	3	2.25	2.25	5.847954750061035	4.576845169067383	-1.0	3.5	inf	inf	-1.0	-1.0	2.2934794425964355	inf	inf	-1.0
54	1	0	4	2.25	2.25	5.847954750061035	4.576845169067383	6.25	2.75	-1.0	13.75	-1.0	8.072070121765137	2.1549692153930664	-1.0	16.040985107421875	-1.0
55	1	1	0	2.75	2.25	2.1549692153930664	4.576845169067383	3.5	inf	16.5	0.0		2.7604925632476807	inf	53.982765197753906	0.0	
