	reset_island_iter	improve_iter	island	program_1_hamming_score	program_2_hamming_score	program_1_neural_score	program_2_neural_score	output_program_1_hamming_score	output_program_2_hamming_score	output_program_3_hamming_score	output_program_4_hamming_score	output_program_5_hamming_score	output_program_1_neural_score	output_program_2_neural_score	output_program_3_neural_score	output_program_4_neural_score	output_program_5_neural_score
0	0	0	0	13.666666666666666	13.666666666666666	21.83329200744629	21.83329200744629	4.666666666666667	12.333333333333334				1.6342641115188599	6.553724765777588			
1	0	0	1	13.666666666666666	13.666666666666666	21.83329200744629	21.83329200744629	inf	-1.0	-1.0	-1.0	inf	inf	-1.0	-1.0	-1.0	inf
2	0	0	2	13.666666666666666	13.666666666666666	21.83329200744629	21.83329200744629	19.0	inf	19.0	inf	-1.0	16.721736907958984	inf	17.135326385498047	inf	-1.0
3	0	0	3	13.666666666666666	13.666666666666666	21.83329200744629	21.83329200744629	41.333333333333336	26.666666666666668	105.66666666666667	-1.0	inf	16.943681716918945	17.252710342407227	22.6181583404541	-1.0	inf
4	0	0	4	13.666666666666666	13.666666666666666	21.83329200744629	21.83329200744629	58.0	-1.0	-1.0	9.666666666666666	-1.0	18.71561622619629	-1.0	-1.0	3.500716209411621	-1.0
5	0	1	0	13.666666666666666	9.666666666666666	21.83329200744629	3.500716209411621	-1.0	-1.0	77.0	25.0	-1.0	-1.0	-1.0	24.11963653564453	17.882978439331055	-1.0
6	0	1	1	13.666666666666666	9.666666666666666	21.83329200744629	3.500716209411621	-1.0	inf	inf	inf	inf	-1.0	inf	inf	inf	inf
7	0	1	2	13.666666666666666	9.666666666666666	21.83329200744629	3.500716209411621	inf	24.666666666666668				inf	20.252073287963867			
8	0	1	3	13.666666666666666	9.666666666666666	21.83329200744629	3.500716209411621	-1.0	inf	inf	inf	inf	-1.0	inf	inf	inf	inf
9	0	1	4	13.666666666666666	9.666666666666666	21.83329200744629	3.500716209411621	-1.0	-1.0	inf	-1.0	-1.0	-1.0	-1.0	inf	-1.0	-1.0
10	0	2	0	9.666666666666666	13.666666666666666	3.500716209411621	21.83329200744629	4.333333333333333	-1.0	5.333333333333333	6.0	6.666666666666667	2.2572054862976074	-1.0	3.504925489425659	1.9481080770492554	4.035598278045654
11	0	2	1	9.666666666666666	13.666666666666666	3.500716209411621	21.83329200744629	-1.0	inf	inf	-1.0	-1.0	-1.0	inf	inf	-1.0	-1.0
12	0	2	2	9.666666666666666	13.666666666666666	3.500716209411621	21.83329200744629	inf	-1.0	19.666666666666668	19.0	-1.0	inf	-1.0	18.055143356323242	15.288043975830078	-1.0
13	0	2	3	9.666666666666666	13.666666666666666	3.500716209411621	21.83329200744629	-1.0	inf	47.0	-1.0	inf	-1.0	inf	27.039146423339844	-1.0	inf
14	0	2	4	9.666666666666666	13.666666666666666	3.500716209411621	21.83329200744629	inf	-1.0	86.0	43.0	inf	inf	-1.0	45.12105941772461	42.967315673828125	inf
15	0	3	0	9.666666666666666	13.666666666666666	3.500716209411621	21.83329200744629	-1.0	5.666666666666667	102.66666666666667	8.333333333333334	5.333333333333333	-1.0	2.942415475845337	11.861394882202148	4.507139682769775	2.496690273284912
16	0	3	1	9.666666666666666	13.666666666666666	3.500716209411621	21.83329200744629	-1.0	-1.0	-1.0	-1.0	-1.0	-1.0	-1.0	-1.0	-1.0	-1.0
17	0	3	2	9.666666666666666	13.666666666666666	3.500716209411621	21.83329200744629	inf	-1.0	-1.0	-1.0	-1.0	inf	-1.0	-1.0	-1.0	-1.0
18	0	3	3	9.666666666666666	13.666666666666666	3.500716209411621	21.83329200744629	41.333333333333336	-1.0	inf	inf	49.666666666666664	14.495769500732422	-1.0	inf	inf	21.929534912109375
19	0	3	4	9.666666666666666	13.666666666666666	3.500716209411621	21.83329200744629	-1.0	inf	inf	-1.0	inf	-1.0	inf	inf	-1.0	inf
20	0	4	0	9.666666666666666	13.666666666666666	3.500716209411621	21.83329200744629	7.0	inf	-1.0	-1.0	inf	4.398069381713867	inf	-1.0	-1.0	inf
21	0	4	1	9.666666666666666	13.666666666666666	3.500716209411621	21.83329200744629	inf	inf	inf	inf	inf	inf	inf	inf	inf	inf
22	0	4	2	9.666666666666666	13.666666666666666	3.500716209411621	21.83329200744629	inf	inf	-1.0	-1.0	-1.0	inf	inf	-1.0	-1.0	-1.0
23	0	4	3	9.666666666666666	13.666666666666666	3.500716209411621	21.83329200744629	-1.0	inf	-1.0	47.0	-1.0	-1.0	inf	-1.0	24.4847412109375	-1.0
24	0	4	4	9.666666666666666	13.666666666666666	3.500716209411621	21.83329200744629	inf	-1.0	inf	-1.0	inf	inf	-1.0	inf	-1.0	inf
25	0	5	0	9.666666666666666	13.666666666666666	3.500716209411621	21.83329200744629	-1.0	inf	inf	inf	inf	-1.0	inf	inf	inf	inf
26	0	5	1	9.666666666666666	13.666666666666666	3.500716209411621	21.83329200744629	inf	inf	inf	inf	inf	inf	inf	inf	inf	inf
27	0	5	2	9.666666666666666	13.666666666666666	3.500716209411621	21.83329200744629	inf	inf	inf	inf	inf	inf	inf	inf	inf	inf
28	0	5	3	9.666666666666666	13.666666666666666	3.500716209411621	21.83329200744629	inf	-1.0	-1.0	-1.0	-1.0	inf	-1.0	-1.0	-1.0	-1.0
29	0	5	4	9.666666666666666	13.666666666666666	3.500716209411621	21.83329200744629	inf	-1.0	inf	-1.0	inf	inf	-1.0	inf	-1.0	inf
30	0	6	0	9.666666666666666	13.666666666666666	3.500716209411621	21.83329200744629	-1.0	inf	inf	inf	6.666666666666667	-1.0	inf	inf	inf	4.139985084533691
31	0	6	1	9.666666666666666	13.666666666666666	3.500716209411621	21.83329200744629	4.333333333333333	-1.0	-1.0	-1.0	-1.0	5.803182601928711	-1.0	-1.0	-1.0	-1.0
32	0	6	2	9.666666666666666	13.666666666666666	3.500716209411621	21.83329200744629	inf	inf	inf	inf	inf	inf	inf	inf	inf	inf
33	0	6	3	9.666666666666666	13.666666666666666	3.500716209411621	21.83329200744629	-1.0	-1.0	-1.0	-1.0	inf	-1.0	-1.0	-1.0	-1.0	inf
34	0	6	4	9.666666666666666	13.666666666666666	3.500716209411621	21.83329200744629	-1.0	inf	inf	-1.0	-1.0	-1.0	inf	inf	-1.0	-1.0
35	0	7	0	9.666666666666666	13.666666666666666	3.500716209411621	21.83329200744629	inf	142.0	-1.0	-1.0	-1.0	inf	37.78517532348633	-1.0	-1.0	-1.0
36	0	7	1	9.666666666666666	13.666666666666666	3.500716209411621	21.83329200744629	-1.0	39.0	56.0	5.666666666666667	inf	-1.0	8.704023361206055	23.82329559326172	3.7166848182678223	inf
37	0	7	2	9.666666666666666	13.666666666666666	3.500716209411621	21.83329200744629	inf	inf	inf	inf	inf	inf	inf	inf	inf	inf
38	0	7	3	9.666666666666666	13.666666666666666	3.500716209411621	21.83329200744629	-1.0	inf	-1.0	-1.0	-1.0	-1.0	inf	-1.0	-1.0	-1.0
39	0	7	4	9.666666666666666	13.666666666666666	3.500716209411621	21.83329200744629	inf	inf	-1.0	inf	inf	inf	inf	-1.0	inf	inf
40	0	8	0	9.666666666666666	13.666666666666666	3.500716209411621	21.83329200744629	inf	11.0	101.66666666666667	inf	-1.0	inf	8.408870697021484	10.269607543945312	inf	-1.0
41	0	8	1	9.666666666666666	13.666666666666666	3.500716209411621	21.83329200744629	inf	inf	inf	inf	inf	inf	inf	inf	inf	inf
42	0	8	2	9.666666666666666	13.666666666666666	3.500716209411621	21.83329200744629	inf	inf	inf	inf	inf	inf	inf	inf	inf	inf
43	0	8	3	9.666666666666666	13.666666666666666	3.500716209411621	21.83329200744629	inf	-1.0	-1.0	inf	inf	inf	-1.0	-1.0	inf	inf
44	0	8	4	9.666666666666666	13.666666666666666	3.500716209411621	21.83329200744629	445.6666666666667	-1.0	inf	-1.0	inf	13.944979667663574	-1.0	inf	-1.0	inf
45	0	9	0	13.666666666666666	9.666666666666666	21.83329200744629	3.500716209411621	inf	inf	44.0	135.0	inf	inf	inf	33.76420593261719	69.0281982421875	inf
46	0	9	1	13.666666666666666	9.666666666666666	21.83329200744629	3.500716209411621	-1.0	-1.0	inf	-1.0	-1.0	-1.0	-1.0	inf	-1.0	-1.0
47	0	9	2	13.666666666666666	9.666666666666666	21.83329200744629	3.500716209411621	inf	inf	inf	inf	inf	inf	inf	inf	inf	inf
48	0	9	3	13.666666666666666	9.666666666666666	21.83329200744629	3.500716209411621	-1.0	-1.0	-1.0	-1.0	-1.0	-1.0	-1.0	-1.0	-1.0	-1.0
49	0	9	4	13.666666666666666	9.666666666666666	21.83329200744629	3.500716209411621	-1.0	inf	inf	inf	inf	-1.0	inf	inf	inf	inf
50	1	0	0	6.666666666666667	6.666666666666667	4.035598278045654	4.139985084533691	5.333333333333333	-1.0	inf	inf	inf	3.8216536045074463	-1.0	inf	inf	inf
51	1	0	1	6.666666666666667	6.666666666666667	4.035598278045654	4.139985084533691	7.666666666666667	-1.0	8.333333333333334	47.0	9.666666666666666	4.502862453460693	-1.0	6.977464199066162	15.025186538696289	4.572617053985596
52	1	0	2	6.666666666666667	6.666666666666667	4.035598278045654	4.139985084533691	13.0	5.0	-1.0	-1.0	-1.0	17.946308135986328	3.6245272159576416	-1.0	-1.0	-1.0
53	1	0	3	6.666666666666667	6.666666666666667	4.035598278045654	4.139985084533691	4.666666666666667	4.666666666666667	-1.0	-1.0	-1.0	2.750405788421631	2.5215935707092285	-1.0	-1.0	-1.0
54	1	0	4	6.666666666666667	6.666666666666667	4.035598278045654	4.139985084533691	6.0	inf	-1.0	5.666666666666667	7.333333333333333	4.535027503967285	inf	-1.0	4.135726451873779	4.735849857330322
55	1	1	0	5.666666666666667	6.0	4.135726451873779	4.535027503967285	-1.0	inf	-1.0	inf	inf	-1.0	inf	-1.0	inf	inf
56	1	1	1	5.666666666666667	6.0	4.135726451873779	4.535027503967285	7.0	-1.0	-1.0	9.333333333333334	7.333333333333333	4.305846214294434	-1.0	-1.0	6.887749671936035	5.008752346038818
57	1	1	2	5.666666666666667	6.0	4.135726451873779	4.535027503967285	-1.0	16.333333333333332	19.0	46.333333333333336	-1.0	-1.0	7.983906269073486	17.4366397857666	15.380884170532227	-1.0
58	1	1	3	5.666666666666667	6.0	4.135726451873779	4.535027503967285	5.0	53.333333333333336	134.66666666666666	102.0	12.333333333333334	2.700711965560913	7.214053153991699	74.79898071289062	14.445850372314453	17.225358963012695
59	1	1	4	5.666666666666667	6.0	4.135726451873779	4.535027503967285	inf	inf	109.66666666666667	48.0	inf	inf	inf	10.399660110473633	12.934257507324219	inf
60	1	2	0	5.666666666666667	6.0	4.135726451873779	4.535027503967285	4.666666666666667	inf	-1.0	inf	45.666666666666664	3.4565417766571045	inf	-1.0	inf	18.007930755615234
61	1	2	1	5.666666666666667	6.0	4.135726451873779	4.535027503967285	-1.0	8.333333333333334	7.333333333333333	8.0	-1.0	-1.0	6.241507530212402	5.3102946281433105	5.559128284454346	-1.0
62	1	2	2	5.666666666666667	6.0	4.135726451873779	4.535027503967285	5.666666666666667	3.6666666666666665	-1.0	-1.0	-1.0	2.449138879776001	2.751918315887451	-1.0	-1.0	-1.0
63	1	2	3	5.666666666666667	6.0	4.135726451873779	4.535027503967285	6.333333333333333	-1.0	-1.0	-1.0	6.333333333333333	3.884929656982422	-1.0	-1.0	-1.0	4.22836446762085
64	1	2	4	5.666666666666667	6.0	4.135726451873779	4.535027503967285	11.0	inf	inf	inf	inf	8.895711898803711	inf	inf	inf	inf
65	1	3	0	6.0	6.666666666666667	4.535027503967285	4.139985084533691	-1.0	inf	-1.0	12.333333333333334	-1.0	-1.0	inf	-1.0	20.27556800842285	-1.0
66	1	3	1	6.0	6.666666666666667	4.535027503967285	4.139985084533691	6.0	inf	9.0	-1.0	-1.0	3.049290180206299	inf	4.972715854644775	-1.0	-1.0
67	1	3	2	6.0	6.666666666666667	4.535027503967285	4.139985084533691	-1.0	-1.0	-1.0	-1.0	-1.0	-1.0	-1.0	-1.0	-1.0	-1.0
68	1	3	3	6.0	6.666666666666667	4.535027503967285	4.139985084533691	7.333333333333333	6.0	-1.0	7.666666666666667	inf	3.9719464778900146	3.8802740573883057	-1.0	4.073611259460449	inf
69	1	3	4	6.0	6.666666666666667	4.535027503967285	4.139985084533691	10.666666666666666	inf	inf	107.0	13.333333333333334	8.340177536010742	inf	inf	11.769811630249023	9.160048484802246
70	1	4	0	6.0	5.666666666666667	4.535027503967285	4.135726451873779	inf	-1.0	inf	-1.0	inf	inf	-1.0	inf	-1.0	inf
71	1	4	1	6.0	5.666666666666667	4.535027503967285	4.135726451873779	9.0	-1.0	inf	-1.0	-1.0	5.011114597320557	-1.0	inf	-1.0	-1.0
72	1	4	2	6.0	5.666666666666667	4.535027503967285	4.135726451873779	7.666666666666667	9.0	-1.0	9.333333333333334	-1.0	7.873274803161621	6.74050760269165	-1.0	8.19288444519043	-1.0
73	1	4	3	6.0	5.666666666666667	4.535027503967285	4.135726451873779	7.333333333333333	8.666666666666666	7.333333333333333	-1.0	8.666666666666666	3.8048806190490723	4.763184547424316	3.847907543182373	-1.0	4.687895774841309
74	1	4	4	6.0	5.666666666666667	4.535027503967285	4.135726451873779	-1.0	inf	-1.0	-1.0	107.0	-1.0	inf	-1.0	-1.0	11.08586597442627
75	1	5	0	6.666666666666667	6.666666666666667	4.139985084533691	4.035598278045654	inf	-1.0	inf	inf	-1.0	inf	-1.0	inf	inf	-1.0
76	1	5	1	6.666666666666667	6.666666666666667	4.139985084533691	4.035598278045654	inf	-1.0	-1.0	10.333333333333334	-1.0	inf	-1.0	-1.0	6.134572982788086	-1.0
77	1	5	2	6.666666666666667	6.666666666666667	4.139985084533691	4.035598278045654	3.6666666666666665	inf	inf	3.3333333333333335	-1.0	3.6579620838165283	inf	inf	2.760878086090088	-1.0
78	1	5	3	6.666666666666667	6.666666666666667	4.139985084533691	4.035598278045654	9.333333333333334	-1.0	9.0	-1.0	5.333333333333333	5.297684192657471	-1.0	5.522957801818848	-1.0	4.332975387573242
79	1	5	4	6.666666666666667	6.666666666666667	4.139985084533691	4.035598278045654	inf	135.0	20.666666666666668	inf	11.666666666666666	inf	63.92921447753906	13.867570877075195	inf	9.883260726928711
80	1	6	0	6.0	6.666666666666667	4.535027503967285	4.035598278045654	-1.0	inf	-1.0	inf	inf	-1.0	inf	-1.0	inf	inf
81	1	6	1	6.0	6.666666666666667	4.535027503967285	4.035598278045654	inf	9.0	-1.0	inf	inf	inf	5.04636812210083	-1.0	inf	inf
82	1	6	2	6.0	6.666666666666667	4.535027503967285	4.035598278045654	-1.0	inf	-1.0	inf	-1.0	-1.0	inf	-1.0	inf	-1.0
83	1	6	3	6.0	6.666666666666667	4.535027503967285	4.035598278045654	5.0	4.666666666666667	inf	-1.0	-1.0	2.7925963401794434	2.750377655029297	inf	-1.0	-1.0
84	1	6	4	6.0	6.666666666666667	4.535027503967285	4.035598278045654	11.666666666666666	-1.0	inf	-1.0	-1.0	9.950515747070312	-1.0	inf	-1.0	-1.0
85	1	7	0	6.0	6.666666666666667	4.535027503967285	4.139985084533691	-1.0	47.0	inf	inf	7.0	-1.0	16.804567337036133	inf	inf	3.8960964679718018
86	1	7	1	6.0	6.666666666666667	4.535027503967285	4.139985084533691	inf	-1.0	inf	inf	inf	inf	-1.0	inf	inf	inf
87	1	7	2	6.0	6.666666666666667	4.535027503967285	4.139985084533691	-1.0	-1.0	inf	-1.0	-1.0	-1.0	-1.0	inf	-1.0	-1.0
88	1	7	3	6.0	6.666666666666667	4.535027503967285	4.139985084533691	4.333333333333333	-1.0	inf	-1.0	-1.0	2.5674004554748535	-1.0	inf	-1.0	-1.0
89	1	7	4	6.0	6.666666666666667	4.535027503967285	4.139985084533691	inf	9.0	inf	8.666666666666666	inf	inf	6.52224063873291	inf	6.0144782066345215	inf
90	1	8	0	6.666666666666667	6.0	4.139985084533691	4.535027503967285	15.666666666666666	inf	-1.0	inf	inf	21.1581974029541	inf	-1.0	inf	inf
91	1	8	1	6.666666666666667	6.0	4.139985084533691	4.535027503967285	inf	inf	10.333333333333334	inf	19.333333333333332	inf	inf	6.126275539398193	inf	14.920618057250977
92	1	8	2	6.666666666666667	6.0	4.139985084533691	4.535027503967285	-1.0	-1.0	inf	-1.0	-1.0	-1.0	-1.0	inf	-1.0	-1.0
93	1	8	3	6.666666666666667	6.0	4.139985084533691	4.535027503967285	-1.0	inf	-1.0	4.333333333333333	inf	-1.0	inf	-1.0	2.6276397705078125	inf
94	1	8	4	6.666666666666667	6.0	4.139985084533691	4.535027503967285	inf	6.666666666666667	inf	inf	104.0	inf	4.914912700653076	inf	inf	7.647859573364258
95	1	9	0	5.666666666666667	7.333333333333333	4.135726451873779	4.735849857330322	7.666666666666667	-1.0	inf	-1.0	-1.0	4.128495693206787	-1.0	inf	-1.0	-1.0
96	1	9	1	5.666666666666667	7.333333333333333	4.135726451873779	4.735849857330322	inf	19.333333333333332	inf	inf	inf	inf	14.777299880981445	inf	inf	inf
97	1	9	2	5.666666666666667	7.333333333333333	4.135726451873779	4.735849857330322	-1.0	-1.0	-1.0	-1.0	inf	-1.0	-1.0	-1.0	-1.0	inf
98	1	9	3	5.666666666666667	7.333333333333333	4.135726451873779	4.735849857330322	-1.0	-1.0	inf	inf	inf	-1.0	-1.0	inf	inf	inf
99	1	9	4	5.666666666666667	7.333333333333333	4.135726451873779	4.735849857330322	-1.0	inf	-1.0	inf	-1.0	-1.0	inf	-1.0	inf	-1.0
100	2	0	0	5.666666666666667	5.666666666666667	4.135725975036621	4.135725975036621	11.666666666666666	inf	-1.0	inf	inf	8.04011344909668	inf	-1.0	inf	inf
101	2	0	1	5.666666666666667	5.666666666666667	4.135725975036621	4.135725975036621	7.0	7.0	-1.0	inf	7.666666666666667	6.763049602508545	6.270866394042969	-1.0	inf	5.5665202140808105
102	2	0	2	5.666666666666667	5.666666666666667	4.135725975036621	4.135725975036621	-1.0	-1.0	-1.0	inf	-1.0	-1.0	-1.0	-1.0	inf	-1.0
103	2	0	3	5.666666666666667	5.666666666666667	4.135725975036621	4.135725975036621	6.0	8.0	inf	-1.0	6.666666666666667	3.9707350730895996	5.525392532348633	inf	-1.0	4.5800886154174805
104	2	0	4	5.666666666666667	5.666666666666667	4.135725975036621	4.135725975036621	inf	47.333333333333336	inf	inf	inf	inf	11.634012222290039	inf	inf	inf
105	2	1	0	5.666666666666667	5.666666666666667	4.135725975036621	4.135725975036621	-1.0	inf	inf	inf	11.333333333333334	-1.0	inf	inf	inf	6.5421037673950195
106	2	1	1	5.666666666666667	5.666666666666667	4.135725975036621	4.135725975036621	6.333333333333333	-1.0	inf	-1.0	5.666666666666667	4.32521390914917	-1.0	inf	-1.0	4.135725975036621
107	2	1	2	5.666666666666667	5.666666666666667	4.135725975036621	4.135725975036621	-1.0					-1.0				
108	2	1	3	5.666666666666667	5.666666666666667	4.135725975036621	4.135725975036621	inf	inf	6.666666666666667	-1.0	6.333333333333333	inf	inf	4.516683578491211	-1.0	4.481509685516357
109	2	1	4	5.666666666666667	5.666666666666667	4.135725975036621	4.135725975036621	inf	inf	72.33333333333333	37.666666666666664	inf	inf	inf	10.244461059570312	60.134830474853516	inf
110	2	2	0	5.666666666666667	5.666666666666667	4.135725975036621	4.135725975036621	inf	inf	11.666666666666666	inf	inf	inf	inf	8.089832305908203	inf	inf
111	2	2	1	5.666666666666667	5.666666666666667	4.135725975036621	4.135725975036621	inf	inf	inf	inf	-1.0	inf	inf	inf	inf	-1.0
112	2	2	2	5.666666666666667	5.666666666666667	4.135725975036621	4.135725975036621	inf	inf	inf	inf	11.333333333333334	inf	inf	inf	inf	4.2834858894348145
113	2	2	3	5.666666666666667	5.666666666666667	4.135725975036621	4.135725975036621	inf	inf	inf	inf	inf	inf	inf	inf	inf	inf
114	2	2	4	5.666666666666667	5.666666666666667	4.135725975036621	4.135725975036621	inf	inf	inf	inf	619.3333333333334	inf	inf	inf	inf	23.818471908569336
115	2	3	0	5.666666666666667	5.666666666666667	4.135725975036621	4.135725975036621	-1.0	-1.0	-1.0	10.333333333333334	-1.0	-1.0	-1.0	-1.0	6.484714031219482	-1.0
116	2	3	1	5.666666666666667	5.666666666666667	4.135725975036621	4.135725975036621	inf	inf	inf	7.333333333333333	25.0	inf	inf	inf	4.361652374267578	10.360097885131836
117	2	3	2	5.666666666666667	5.666666666666667	4.135725975036621	4.135725975036621	inf	43.0	11.0	inf	inf	inf	21.59479331970215	3.983729600906372	inf	inf
118	2	3	3	5.666666666666667	5.666666666666667	4.135725975036621	4.135725975036621	inf	inf	6.0	6.0	-1.0	inf	inf	4.3602166175842285	3.9031646251678467	-1.0
119	2	3	4	5.666666666666667	5.666666666666667	4.135725975036621	4.135725975036621										
120	2	4	0	5.666666666666667	5.666666666666667	4.135725975036621	4.135725975036621	5.333333333333333	9.333333333333334				4.019747734069824	6.249722480773926			
121	2	4	1	5.666666666666667	5.666666666666667	4.135725975036621	4.135725975036621	inf	inf	-1.0	inf	6.333333333333333	inf	inf	-1.0	inf	5.213522434234619
122	2	4	2	5.666666666666667	5.666666666666667	4.135725975036621	4.135725975036621	inf	inf	14.333333333333334	439.0	inf	inf	inf	4.591738700866699	15.945242881774902	inf
123	2	4	3	5.666666666666667	5.666666666666667	4.135725975036621	4.135725975036621	6.666666666666667	8.0	10.666666666666666	10.333333333333334	7.0	4.750054836273193	6.7945170402526855	8.952322959899902	7.968707084655762	4.633356094360352
124	2	4	4	5.666666666666667	5.666666666666667	4.135725975036621	4.135725975036621	14.0	13.666666666666666	-1.0	-1.0	inf	5.704354286193848	8.240062713623047	-1.0	-1.0	inf
125	2	5	0	5.666666666666667	5.666666666666667	4.135725975036621	4.135725975036621	5.0	9.333333333333334	5.0	9.333333333333334	-1.0	4.088772296905518	6.413076877593994	4.29225492477417	6.697064399719238	-1.0
126	2	5	1	5.666666666666667	5.666666666666667	4.135725975036621	4.135725975036621	-1.0	-1.0	inf	-1.0	-1.0	-1.0	-1.0	inf	-1.0	-1.0
127	2	5	2	5.666666666666667	5.666666666666667	4.135725975036621	4.135725975036621	inf	9.666666666666666	6.666666666666667	-1.0	-1.0	inf	5.573138236999512	4.6588521003723145	-1.0	-1.0
128	2	5	3	5.666666666666667	5.666666666666667	4.135725975036621	4.135725975036621	6.666666666666667	9.0	46.333333333333336	-1.0	-1.0	4.544330596923828	8.494010925292969	67.69417572021484	-1.0	-1.0
129	2	5	4	5.666666666666667	5.666666666666667	4.135725975036621	4.135725975036621	inf	inf	27.0	-1.0	27.0	inf	inf	10.950782775878906	-1.0	10.617341995239258
130	2	6	0	5.666666666666667	5.666666666666667	4.135725975036621	4.135725975036621	-1.0	4.333333333333333	20.333333333333332	24.0	inf	-1.0	3.970348358154297	9.045096397399902	8.92690658569336	inf
131	2	6	1	5.666666666666667	5.666666666666667	4.135725975036621	4.135725975036621	-1.0	inf	-1.0	-1.0	15.333333333333334	-1.0	inf	-1.0	-1.0	10.949259757995605
132	2	6	2	5.666666666666667	5.666666666666667	4.135725975036621	4.135725975036621	inf	inf	inf	inf	inf	inf	inf	inf	inf	inf
133	2	6	3	5.666666666666667	5.666666666666667	4.135725975036621	4.135725975036621	8.333333333333334	13.666666666666666	13.666666666666666	12.666666666666666	14.0	7.719151973724365	4.839676856994629	4.739992618560791	4.69187593460083	4.966247081756592
134	2	6	4	5.666666666666667	5.666666666666667	4.135725975036621	4.135725975036621	inf	-1.0	16.666666666666668	-1.0	-1.0	inf	-1.0	6.443694591522217	-1.0	-1.0
135	2	7	0	5.666666666666667	5.666666666666667	4.135725975036621	4.135725975036621	5.333333333333333	-1.0	-1.0	inf	-1.0	4.74462890625	-1.0	-1.0	inf	-1.0
136	2	7	1	5.666666666666667	5.666666666666667	4.135725975036621	4.135725975036621	-1.0	8.0	inf	inf	6.333333333333333	-1.0	4.614882946014404	inf	inf	4.580101013183594
137	2	7	2	5.666666666666667	5.666666666666667	4.135725975036621	4.135725975036621	inf	inf	inf	inf	inf	inf	inf	inf	inf	inf
138	2	7	3	5.666666666666667	5.666666666666667	4.135725975036621	4.135725975036621	-1.0	-1.0	10.333333333333334	-1.0	-1.0	-1.0	-1.0	4.410547733306885	-1.0	-1.0
139	2	7	4	5.666666666666667	5.666666666666667	4.135725975036621	4.135725975036621	inf	-1.0	inf	93.66666666666667	-1.0	inf	-1.0	inf	8.031598091125488	-1.0
140	2	8	0	5.666666666666667	5.666666666666667	4.135725975036621	4.135725975036621	inf	5.0	6.666666666666667	inf	-1.0	inf	3.893901824951172	5.4250617027282715	inf	-1.0
141	2	8	1	5.666666666666667	5.666666666666667	4.135725975036621	4.135725975036621	45.333333333333336	inf	-1.0	inf	6.666666666666667	10.535016059875488	inf	-1.0	inf	4.581021308898926
142	2	8	2	5.666666666666667	5.666666666666667	4.135725975036621	4.135725975036621	inf	inf	inf	inf	inf	inf	inf	inf	inf	inf
143	2	8	3	5.666666666666667	5.666666666666667	4.135725975036621	4.135725975036621	7.0	7.0	-1.0	7.0	-1.0	4.302078723907471	4.436953067779541	-1.0	4.549459934234619	-1.0
144	2	8	4	5.666666666666667	5.666666666666667	4.135725975036621	4.135725975036621	-1.0	inf	6.333333333333333	inf	inf	-1.0	inf	4.411133766174316	inf	inf
145	2	9	0	6.333333333333333	5.666666666666667	4.411133766174316	4.135725975036621	-1.0	-1.0	-1.0	-1.0	-1.0	-1.0	-1.0	-1.0	-1.0	-1.0
146	2	9	1	6.333333333333333	5.666666666666667	4.411133766174316	4.135725975036621	6.333333333333333	inf	6.666666666666667	-1.0	-1.0	4.473989963531494	inf	4.878350257873535	-1.0	-1.0
147	2	9	2	6.333333333333333	5.666666666666667	4.411133766174316	4.135725975036621	inf	inf	inf	inf	inf	inf	inf	inf	inf	inf
148	2	9	3	6.333333333333333	5.666666666666667	4.411133766174316	4.135725975036621	8.333333333333334	7.0	8.0	8.666666666666666	12.0	4.918090343475342	4.265332221984863	4.72787618637085	4.670088291168213	7.009159088134766
149	2	9	4	6.333333333333333	5.666666666666667	4.411133766174316	4.135725975036621	-1.0	-1.0	inf	6.0	inf	-1.0	-1.0	inf	4.124990940093994	inf
