	reset_island_iter	improve_iter	island	program_1_hamming_score	program_2_hamming_score	program_1_neural_score	program_2_neural_score	output_program_1_hamming_score	output_program_2_hamming_score	output_program_3_hamming_score	output_program_4_hamming_score	output_program_5_hamming_score	output_program_1_neural_score	output_program_2_neural_score	output_program_3_neural_score	output_program_4_neural_score	output_program_5_neural_score
0	0	0	0	42.0	54.5	13.837493896484375	13.664093971252441	inf	inf	25.5	inf	inf	inf	inf	17.38142967224121	inf	inf
1	0	0	1	42.0	54.5	13.837493896484375	13.664093971252441	32.5	31.5	29.0	inf	-1.0	52.151893615722656	43.62620162963867	43.178924560546875	inf	-1.0
2	0	0	2	42.0	54.5	13.837493896484375	13.664093971252441	28.0	-1.0	inf	-1.0	-1.0	43.98202133178711	-1.0	inf	-1.0	-1.0
3	0	0	3	42.0	54.5	13.837493896484375	13.664093971252441	33.0	32.0	32.0	-1.0	33.0	42.262271881103516	51.423240661621094	39.69062042236328	-1.0	44.43491744995117
4	0	0	4	42.0	54.5	13.837493896484375	13.664093971252441	30.5	30.5	30.5	30.5	31.5	51.58657455444336	53.19218826293945	43.71657943725586	53.83070755004883	52.65037155151367
5	0	1	0	54.5	42.0	13.664093971252441	13.837493896484375	inf	inf	inf	28.0	inf	inf	inf	inf	43.98202133178711	inf
6	0	1	1	54.5	42.0	13.664093971252441	13.837493896484375	inf	28.0	31.0	-1.0	-1.0	inf	43.98202133178711	43.075103759765625	-1.0	-1.0
7	0	1	2	54.5	42.0	13.664093971252441	13.837493896484375	inf	35.0	-1.0	-1.0	-1.0	inf	17.672513961791992	-1.0	-1.0	-1.0
8	0	1	3	54.5	42.0	13.664093971252441	13.837493896484375	32.5	31.5	inf	31.5	31.5	52.21989822387695	45.782875061035156	inf	48.047603607177734	55.629859924316406
9	0	1	4	54.5	42.0	13.664093971252441	13.837493896484375	50.0	51.0	inf	-1.0	inf	50.311744689941406	48.396724700927734	inf	-1.0	inf
10	0	2	0	42.0	54.5	13.837493896484375	13.664093971252441	inf	inf	inf	inf	-1.0	inf	inf	inf	inf	-1.0
11	0	2	1	42.0	54.5	13.837493896484375	13.664093971252441	inf	inf	inf	inf	inf	inf	inf	inf	inf	inf
12	0	2	2	42.0	54.5	13.837493896484375	13.664093971252441	inf	inf	inf	inf	inf	inf	inf	inf	inf	inf
13	0	2	3	42.0	54.5	13.837493896484375	13.664093971252441	inf	-1.0	32.5	-1.0	-1.0	inf	-1.0	52.151893615722656	-1.0	-1.0
14	0	2	4	42.0	54.5	13.837493896484375	13.664093971252441	inf	inf	inf	inf	inf	inf	inf	inf	inf	inf
15	0	3	0	42.0	54.5	13.837493896484375	13.664093971252441	inf	inf	inf	inf	inf	inf	inf	inf	inf	inf
16	0	3	1	42.0	54.5	13.837493896484375	13.664093971252441	31.5	-1.0	-1.0	-1.0	-1.0	53.87849044799805	-1.0	-1.0	-1.0	-1.0
17	0	3	2	42.0	54.5	13.837493896484375	13.664093971252441	inf	inf	inf	inf	inf	inf	inf	inf	inf	inf
18	0	3	3	42.0	54.5	13.837493896484375	13.664093971252441	inf	inf	inf	inf	inf	inf	inf	inf	inf	inf
19	0	3	4	42.0	54.5	13.837493896484375	13.664093971252441	inf	inf	49.5	inf	inf	inf	inf	54.35298538208008	inf	inf
20	0	4	0	42.0	54.5	13.837493896484375	13.664093971252441	inf	inf	inf	inf	inf	inf	inf	inf	inf	inf
21	0	4	1	42.0	54.5	13.837493896484375	13.664093971252441	33.0	-1.0	34.5	-1.0	-1.0	51.32034683227539	-1.0	48.28215026855469	-1.0	-1.0
22	0	4	2	42.0	54.5	13.837493896484375	13.664093971252441	inf	inf	inf	inf	inf	inf	inf	inf	inf	inf
23	0	4	3	42.0	54.5	13.837493896484375	13.664093971252441	inf	inf	inf	inf	inf	inf	inf	inf	inf	inf
24	0	4	4	42.0	54.5	13.837493896484375	13.664093971252441	inf	inf	inf	inf	inf	inf	inf	inf	inf	inf
25	0	5	0	42.0	54.5	13.837493896484375	13.664093971252441	inf	inf	inf	inf	inf	inf	inf	inf	inf	inf
26	0	5	1	42.0	54.5	13.837493896484375	13.664093971252441	36.5	inf	-1.0	inf	-1.0	21.285856246948242	inf	-1.0	inf	-1.0
27	0	5	2	42.0	54.5	13.837493896484375	13.664093971252441	inf	inf	inf	inf	inf	inf	inf	inf	inf	inf
28	0	5	3	42.0	54.5	13.837493896484375	13.664093971252441	31.5	inf	30.5	-1.0	-1.0	50.69508743286133	inf	50.905853271484375	-1.0	-1.0
29	0	5	4	42.0	54.5	13.837493896484375	13.664093971252441	inf	inf	inf	inf	inf	inf	inf	inf	inf	inf
30	0	6	0	42.0	54.5	13.837493896484375	13.664093971252441	inf	inf	inf	0.0		inf	inf	inf	0.0	
