	reset_island_iter	improve_iter	island	program_1_hamming_score	program_2_hamming_score	program_1_neural_score	program_2_neural_score	output_program_1_hamming_score	output_program_2_hamming_score	output_program_3_hamming_score	output_program_4_hamming_score	output_program_5_hamming_score	output_program_1_neural_score	output_program_2_neural_score	output_program_3_neural_score	output_program_4_neural_score	output_program_5_neural_score
0	0	0	0	46.0	46.0	11.732379913330078	11.742585182189941	1.6666666666666667	33.0	11.0	94.33333333333333	inf	3.9405930042266846	23.287200927734375	9.146561622619629	51.59243392944336	inf
1	0	0	1	46.0	46.0	11.732379913330078	11.742585182189941	17.333333333333332	18.333333333333332	inf	54.0	-1.0	16.525623321533203	15.790072441101074	inf	22.442834854125977	-1.0
2	0	0	2	46.0	46.0	11.732379913330078	11.742585182189941	17.0	inf	38.666666666666664	inf	inf	5.4241461753845215	inf	16.091140747070312	inf	inf
3	0	0	3	46.0	46.0	11.732379913330078	11.742585182189941	20.0	27.666666666666668	inf	27.666666666666668	-1.0	22.791561126708984	9.894171714782715	inf	10.627281188964844	-1.0
4	0	0	4	46.0	46.0	11.732379913330078	11.742585182189941	inf	inf	28.0	20.0	inf	inf	inf	12.164215087890625	22.791561126708984	inf
5	0	1	0	46.0	46.0	11.732379913330078	11.742585182189941	-1.0	20.0	-1.0	-1.0	60.0	-1.0	22.791561126708984	-1.0	-1.0	3.4241156578063965
6	0	1	1	46.0	46.0	11.732379913330078	11.742585182189941	20.0	25.0	-1.0	inf	inf	22.791561126708984	20.36728858947754	-1.0	inf	inf
7	0	1	2	46.0	46.0	11.732379913330078	11.742585182189941	-1.0	inf	-1.0	-1.0	40.0	-1.0	inf	-1.0	-1.0	23.61553192138672
8	0	1	3	46.0	46.0	11.732379913330078	11.742585182189941	-1.0	-1.0	inf	32.333333333333336	26.333333333333332	-1.0	-1.0	inf	12.281759262084961	10.581311225891113
9	0	1	4	46.0	46.0	11.732379913330078	11.742585182189941	17.333333333333332	20.0	-1.0	inf	inf	8.62922191619873	7.20596170425415	-1.0	inf	inf
10	0	2	0	20.0	17.333333333333332	7.20596170425415	8.62922191619873	-1.0	-1.0	0.0			-1.0	-1.0	0.0		
