	reset_island_iter	improve_iter	island	program_1_hamming_score	program_2_hamming_score	program_1_neural_score	program_2_neural_score	output_program_1_hamming_score	output_program_2_hamming_score	output_program_3_hamming_score	output_program_4_hamming_score	output_program_5_hamming_score	output_program_1_neural_score	output_program_2_neural_score	output_program_3_neural_score	output_program_4_neural_score	output_program_5_neural_score
0	0	0	0	0.22	0.18	11.221992492675781	11.175565719604492	0.33999999999999997	inf	-1.0	-1.0	-1.0	12.442502975463867	inf	-1.0	-1.0	-1.0
1	0	0	1	0.22	0.18	11.221992492675781	11.175565719604492	inf	inf	inf	inf		inf	inf	inf	inf	
2	0	0	2	0.22	0.18	11.221992492675781	11.175565719604492	inf	inf	inf	inf	inf	inf	inf	inf	inf	inf
3	0	0	3	0.22	0.18	11.221992492675781	11.175565719604492	inf	inf	inf	0.33999999999999997	0.265	inf	inf	inf	11.925400733947754	21.47878074645996
4	0	0	4	0.22	0.18	11.221992492675781	11.175565719604492	inf	0.28	0.23500000000000001			inf	13.183277130126953	12.182403564453125		
5	0	1	0	0.22	0.18	11.221992492675781	11.175565719604492	-1.0	inf	-1.0	0.19	0.35	-1.0	inf	-1.0	44.29275894165039	13.013755798339844
6	0	1	1	0.22	0.18	11.221992492675781	11.175565719604492	inf	0.395	0.35	0.355	0.33	inf	14.569598197937012	21.636276245117188	18.354642868041992	27.62129020690918
7	0	1	2	0.22	0.18	11.221992492675781	11.175565719604492	inf	inf	inf	inf	inf	inf	inf	inf	inf	inf
8	0	1	3	0.22	0.18	11.221992492675781	11.175565719604492	inf	inf	inf	inf	inf	inf	inf	inf	inf	inf
9	0	1	4	0.22	0.18	11.221992492675781	11.175565719604492	inf	inf	inf	inf	inf	inf	inf	inf	inf	inf
10	0	2	0	0.28	0.18	13.183277130126953	11.175565719604492	inf	inf	inf	-1.0	0.30500000000000005	inf	inf	inf	-1.0	13.471259117126465
11	0	2	1	0.28	0.18	13.183277130126953	11.175565719604492	inf	-1.0	0.355	inf	0.305	inf	-1.0	28.825092315673828	inf	51.544307708740234
12	0	2	2	0.28	0.18	13.183277130126953	11.175565719604492	inf	inf	inf	inf	inf	inf	inf	inf	inf	inf
13	0	2	3	0.28	0.18	13.183277130126953	11.175565719604492	inf	inf	-1.0	0.33	0.18	inf	inf	-1.0	32.360618591308594	41.460533142089844
14	0	2	4	0.28	0.18	13.183277130126953	11.175565719604492	inf	inf	inf	inf	0.18	inf	inf	inf	inf	11.269097328186035
15	0	3	0	0.18	0.22	11.269097328186035	11.221992492675781	inf	inf	inf	inf	inf	inf	inf	inf	inf	inf
16	0	3	1	0.18	0.22	11.269097328186035	11.221992492675781	0.185	0.23	0.22	0.225	0.195	11.30791187286377	68.67829132080078	11.113329887390137	70.18224334716797	10.576607704162598
17	0	3	2	0.18	0.22	11.269097328186035	11.221992492675781	inf	inf	0.16999999999999998	inf	0.25	inf	inf	12.428169250488281	inf	42.41537094116211
18	0	3	3	0.18	0.22	11.269097328186035	11.221992492675781	inf	-1.0	-1.0	-1.0	-1.0	inf	-1.0	-1.0	-1.0	-1.0
19	0	3	4	0.18	0.22	11.269097328186035	11.221992492675781	-1.0	-1.0	-1.0	-1.0	-1.0	-1.0	-1.0	-1.0	-1.0	-1.0
20	0	4	0	0.18	0.18	11.269097328186035	11.175565719604492	inf	inf	-1.0	-1.0	inf	inf	inf	-1.0	-1.0	inf
21	0	4	1	0.18	0.18	11.269097328186035	11.175565719604492	0.33999999999999997	-1.0	-1.0	-1.0	inf	11.925400733947754	-1.0	-1.0	-1.0	inf
22	0	4	2	0.18	0.18	11.269097328186035	11.175565719604492	inf	inf	0.255	inf	0.255	inf	inf	18.791194915771484	inf	43.80152130126953
23	0	4	3	0.18	0.18	11.269097328186035	11.175565719604492	inf	inf	-1.0	0.36	0.375	inf	inf	-1.0	13.225404739379883	22.3856143951416
24	0	4	4	0.18	0.18	11.269097328186035	11.175565719604492	0.23	inf	0.25	0.24	0.24	12.239448547363281	inf	14.798394203186035	17.227693557739258	10.860810279846191
25	0	5	0	0.18	0.23500000000000001	11.175565719604492	12.182403564453125	0.19	inf	inf	0.36	0.425	43.67493438720703	inf	inf	11.970231056213379	12.315008163452148
26	0	5	1	0.18	0.23500000000000001	11.175565719604492	12.182403564453125	0.375	inf	-1.0	0.33499999999999996	0.755	22.3856143951416	inf	-1.0	12.973691940307617	41.57949447631836
27	0	5	2	0.18	0.23500000000000001	11.175565719604492	12.182403564453125	0.15	inf	inf	inf	-1.0	11.911249160766602	inf	inf	inf	-1.0
28	0	5	3	0.18	0.23500000000000001	11.175565719604492	12.182403564453125	inf	0.235	inf	inf	0.18	inf	18.896217346191406	inf	inf	10.03079891204834
29	0	5	4	0.18	0.23500000000000001	11.175565719604492	12.182403564453125	inf	inf	inf	inf	inf	inf	inf	inf	inf	inf
30	0	6	0	0.18	0.23	11.269097328186035	12.239448547363281	inf	0.36	0.19	-1.0	inf	inf	20.49239730834961	40.8609504699707	-1.0	inf
31	0	6	1	0.18	0.23	11.269097328186035	12.239448547363281	0.33	-1.0	-1.0	-1.0	-1.0	32.360618591308594	-1.0	-1.0	-1.0	-1.0
32	0	6	2	0.18	0.23	11.269097328186035	12.239448547363281	inf	inf	inf	inf	inf	inf	inf	inf	inf	inf
33	0	6	3	0.18	0.23	11.269097328186035	12.239448547363281	inf	-1.0	0.215	0.35	-1.0	inf	-1.0	9.148663520812988	20.246734619140625	-1.0
34	0	6	4	0.18	0.23	11.269097328186035	12.239448547363281	inf	0.225	-1.0	inf	-1.0	inf	9.310019493103027	-1.0	inf	-1.0
35	0	7	0	0.24	0.225	10.860810279846191	9.310019493103027	inf	inf	0.36	inf	0.36	inf	inf	21.350811004638672	inf	13.225404739379883
36	0	7	1	0.24	0.225	10.860810279846191	9.310019493103027	0.625	-1.0	-1.0	inf	0.765	13.918654441833496	-1.0	-1.0	inf	36.69273376464844
37	0	7	2	0.24	0.225	10.860810279846191	9.310019493103027	inf	inf	inf	inf	inf	inf	inf	inf	inf	inf
38	0	7	3	0.24	0.225	10.860810279846191	9.310019493103027	inf	inf	0.18	-1.0	-1.0	inf	inf	40.409481048583984	-1.0	-1.0
39	0	7	4	0.24	0.225	10.860810279846191	9.310019493103027	-1.0	-1.0	inf	inf	inf	-1.0	-1.0	inf	inf	inf
40	0	8	0	0.225	0.18	9.310019493103027	11.269097328186035	inf	0.37	-1.0	inf	0.18	inf	12.966809272766113	-1.0	inf	11.269097328186035
41	0	8	1	0.225	0.18	9.310019493103027	11.269097328186035	inf	-1.0	inf	inf	0.37	inf	-1.0	inf	inf	21.586116790771484
42	0	8	2	0.225	0.18	9.310019493103027	11.269097328186035	inf	inf	inf	inf	inf	inf	inf	inf	inf	inf
43	0	8	3	0.225	0.18	9.310019493103027	11.269097328186035	inf	inf	inf	inf	0.5800000000000001	inf	inf	inf	inf	37.338775634765625
44	0	8	4	0.225	0.18	9.310019493103027	11.269097328186035	-1.0	-1.0	-1.0	-1.0	-1.0	-1.0	-1.0	-1.0	-1.0	-1.0
45	0	9	0	0.22	0.28	11.221992492675781	13.183277130126953	inf	0.35	inf	-1.0	-1.0	inf	20.246734619140625	inf	-1.0	-1.0
46	0	9	1	0.22	0.28	11.221992492675781	13.183277130126953	inf	0.37	inf	inf	inf	inf	20.567678451538086	inf	inf	inf
47	0	9	2	0.22	0.28	11.221992492675781	13.183277130126953	inf	inf	inf	inf	inf	inf	inf	inf	inf	inf
48	0	9	3	0.22	0.28	11.221992492675781	13.183277130126953	inf	inf	inf	0.215	inf	inf	inf	inf	14.491381645202637	inf
49	0	9	4	0.22	0.28	11.221992492675781	13.183277130126953	0.23	0.195	0.21000000000000002	-1.0	-1.0	17.453256607055664	14.350560188293457	14.037755012512207	-1.0	-1.0
50	1	0	0	0.18	0.21000000000000002	10.669053077697754	10.77504825592041	inf	inf	inf	inf	inf	inf	inf	inf	inf	inf
51	1	0	1	0.18	0.21000000000000002	10.669053077697754	10.77504825592041	inf	0.2	0.2	0.235	0.20500000000000002	inf	14.337736129760742	11.717391967773438	11.325326919555664	12.940153121948242
52	1	0	2	0.18	0.21000000000000002	10.669053077697754	10.77504825592041	0.225	0.425	0.41000000000000003	-1.0	inf	70.18224334716797	12.821952819824219	12.459741592407227	-1.0	inf
53	1	0	3	0.18	0.21000000000000002	10.669053077697754	10.77504825592041	0.735	0.245	0.225	-1.0	-1.0	41.9605827331543	24.114450454711914	70.18224334716797	-1.0	-1.0
54	1	0	4	0.18	0.21000000000000002	10.669053077697754	10.77504825592041	0.245	inf	0.20500000000000002	0.22999999999999998	0.255	28.631669998168945	inf	33.75653076171875	31.420555114746094	40.3238525390625
55	1	1	0	0.21000000000000002	0.18	10.77504825592041	10.669053077697754	0.18	-1.0	inf	-1.0	-1.0	11.269097328186035	-1.0	inf	-1.0	-1.0
56	1	1	1	0.21000000000000002	0.18	10.77504825592041	10.669053077697754	0.32499999999999996	0.51	0.225	0.47	inf	38.1235466003418	19.88132095336914	70.18224334716797	22.8017520904541	inf
57	1	1	2	0.21000000000000002	0.18	10.77504825592041	10.669053077697754	0.185	0.39	inf	-1.0	-1.0	15.316380500793457	14.507890701293945	inf	-1.0	-1.0
58	1	1	3	0.21000000000000002	0.18	10.77504825592041	10.669053077697754	inf	0.32999999999999996	0.32499999999999996	inf	0.32999999999999996	inf	14.222110748291016	14.715604782104492	inf	13.598366737365723
59	1	1	4	0.21000000000000002	0.18	10.77504825592041	10.669053077697754	inf	0.18	0.16499999999999998	inf	inf	inf	18.026655197143555	11.928266525268555	inf	inf
60	1	2	0	0.21000000000000002	0.18	10.77504825592041	10.669053077697754	inf	inf	-1.0	-1.0	inf	inf	inf	-1.0	-1.0	inf
61	1	2	1	0.21000000000000002	0.18	10.77504825592041	10.669053077697754	0.32	0.46499999999999997	inf	inf	inf	38.68366622924805	18.97659683227539	inf	inf	inf
62	1	2	2	0.21000000000000002	0.18	10.77504825592041	10.669053077697754	inf	inf	0.18	inf	inf	inf	inf	11.269097328186035	inf	inf
63	1	2	3	0.21000000000000002	0.18	10.77504825592041	10.669053077697754	inf	inf	inf	inf	inf	inf	inf	inf	inf	inf
64	1	2	4	0.21000000000000002	0.18	10.77504825592041	10.669053077697754	-1.0	-1.0	inf	inf	0.18	-1.0	-1.0	inf	inf	13.462592124938965
65	1	3	0	0.18	0.21000000000000002	10.669053077697754	10.77504825592041	0.33999999999999997	0.24	0.225	0.19	0.33	11.925400733947754	28.525074005126953	10.154644966125488	40.70722961425781	32.360618591308594
66	1	3	1	0.18	0.21000000000000002	10.669053077697754	10.77504825592041	inf	inf	inf	-1.0	-1.0	inf	inf	inf	-1.0	-1.0
67	1	3	2	0.18	0.21000000000000002	10.669053077697754	10.77504825592041	inf	0.215	inf	inf	inf	inf	51.7965087890625	inf	inf	inf
68	1	3	3	0.18	0.21000000000000002	10.669053077697754	10.77504825592041	inf	inf	inf	inf	0.29000000000000004	inf	inf	inf	inf	17.615093231201172
69	1	3	4	0.18	0.21000000000000002	10.669053077697754	10.77504825592041	-1.0	-1.0	0.16499999999999998	-1.0	-1.0	-1.0	-1.0	12.016182899475098	-1.0	-1.0
70	1	4	0	0.18	0.21000000000000002	10.669053077697754	10.77504825592041	inf	inf	inf	inf	inf	inf	inf	inf	inf	inf
71	1	4	1	0.18	0.21000000000000002	10.669053077697754	10.77504825592041	-1.0	0.245	0.235	0.24	0.24	-1.0	57.48053741455078	10.38302993774414	11.83895492553711	11.415122985839844
72	1	4	2	0.18	0.21000000000000002	10.669053077697754	10.77504825592041	0.345	0.315	0.46499999999999997	inf	0.235	31.744422912597656	24.038829803466797	13.841415405273438	inf	46.20061111450195
73	1	4	3	0.18	0.21000000000000002	10.669053077697754	10.77504825592041	inf	inf	inf	inf	inf	inf	inf	inf	inf	inf
74	1	4	4	0.18	0.21000000000000002	10.669053077697754	10.77504825592041	inf	0.16	inf	inf	0.16999999999999998	inf	20.401721954345703	inf	inf	10.146631240844727
75	1	5	0	0.18	0.16999999999999998	10.669053077697754	10.146631240844727	-1.0	-1.0	-1.0	-1.0	0.215	-1.0	-1.0	-1.0	-1.0	10.309643745422363
76	1	5	1	0.18	0.16999999999999998	10.669053077697754	10.146631240844727	-1.0	0.20500000000000002	0.21	-1.0	-1.0	-1.0	12.344284057617188	15.890547752380371	-1.0	-1.0
77	1	5	2	0.18	0.16999999999999998	10.669053077697754	10.146631240844727	0.5700000000000001	0.43	-1.0	-1.0	0.295	45.51874923706055	13.173565864562988	-1.0	-1.0	38.30958557128906
78	1	5	3	0.18	0.16999999999999998	10.669053077697754	10.146631240844727	inf	inf	inf	inf	inf	inf	inf	inf	inf	inf
79	1	5	4	0.18	0.16999999999999998	10.669053077697754	10.146631240844727	inf	inf	inf	0.14	inf	inf	inf	inf	10.39383602142334	inf
80	1	6	0	0.14	0.16499999999999998	10.39383602142334	11.928266525268555	-1.0	-1.0	-1.0	inf	-1.0	-1.0	-1.0	-1.0	inf	-1.0
81	1	6	1	0.14	0.16499999999999998	10.39383602142334	11.928266525268555	inf	0.19	0.14	0.275	-1.0	inf	13.985688209533691	10.356231689453125	28.57338523864746	-1.0
82	1	6	2	0.14	0.16499999999999998	10.39383602142334	11.928266525268555	0.37	0.92	0.385	0.39	-1.0	11.742897033691406	11.715836524963379	32.238040924072266	31.718740463256836	-1.0
83	1	6	3	0.14	0.16499999999999998	10.39383602142334	11.928266525268555	inf	inf	inf	0.32999999999999996	inf	inf	inf	inf	15.104397773742676	inf
84	1	6	4	0.14	0.16499999999999998	10.39383602142334	11.928266525268555	0.295	0.21000000000000002	0.9	0.2	-1.0	13.9232177734375	8.74555778503418	70.1248779296875	8.967761039733887	-1.0
85	1	7	0	0.2	0.16999999999999998	8.967761039733887	10.146631240844727	inf	0.16999999999999998	0.5549999999999999	-1.0	-1.0	inf	13.185193061828613	34.395904541015625	-1.0	-1.0
86	1	7	1	0.2	0.16999999999999998	8.967761039733887	10.146631240844727	inf	0.295	0.275	inf	inf	inf	11.7908353805542	36.973968505859375	inf	inf
87	1	7	2	0.2	0.16999999999999998	8.967761039733887	10.146631240844727	inf	0.225	0.9	inf	0.225	inf	48.23500442504883	10.328474044799805	inf	36.05166244506836
88	1	7	3	0.2	0.16999999999999998	8.967761039733887	10.146631240844727	0.345	-1.0	-1.0	-1.0	-1.0	20.111364364624023	-1.0	-1.0	-1.0	-1.0
89	1	7	4	0.2	0.16999999999999998	8.967761039733887	10.146631240844727	0.265	-1.0	-1.0	inf	inf	9.4940185546875	-1.0	-1.0	inf	inf
90	1	8	0	0.21000000000000002	0.18	8.74555778503418	10.669053077697754	0.755	-1.0	inf	-1.0	-1.0	41.57949447631836	-1.0	inf	-1.0	-1.0
91	1	8	1	0.21000000000000002	0.18	8.74555778503418	10.669053077697754	inf	inf	inf	inf	inf	inf	inf	inf	inf	inf
92	1	8	2	0.21000000000000002	0.18	8.74555778503418	10.669053077697754	inf	0.225	0.9	inf	0.225	inf	9.310019493103027	70.1248779296875	inf	35.3437385559082
93	1	8	3	0.21000000000000002	0.18	8.74555778503418	10.669053077697754	0.315	-1.0	-1.0	inf	0.215	10.721712112426758	-1.0	-1.0	inf	10.309643745422363
94	1	8	4	0.21000000000000002	0.18	8.74555778503418	10.669053077697754	0.215	0.215	0.2	-1.0	0.215	10.161494255065918	10.554625511169434	10.555562019348145	-1.0	10.536957740783691
95	1	9	0	0.21000000000000002	0.2	8.74555778503418	8.967761039733887	inf	inf	0.36	-1.0	-1.0	inf	inf	13.225404739379883	-1.0	-1.0
96	1	9	1	0.21000000000000002	0.2	8.74555778503418	8.967761039733887	0.255	0.24	0.275	inf	0.28	55.649864196777344	13.4075288772583	40.906009674072266	inf	43.09394836425781
97	1	9	2	0.21000000000000002	0.2	8.74555778503418	8.967761039733887	-1.0	inf	inf	inf	-1.0	-1.0	inf	inf	inf	-1.0
98	1	9	3	0.21000000000000002	0.2	8.74555778503418	8.967761039733887	-1.0	0.29000000000000004	-1.0	-1.0	-1.0	-1.0	11.510902404785156	-1.0	-1.0	-1.0
99	1	9	4	0.21000000000000002	0.2	8.74555778503418	8.967761039733887	0.2	-1.0	0.18	0.235	0.18	8.790019035339355	-1.0	11.269097328186035	58.806156158447266	11.230134963989258
100	2	0	0	0.245	0.29000000000000004	8.744390487670898	8.73425579071045	0.265	0.27	0.245	0.245	-1.0	7.558201313018799	9.081130981445312	8.464962005615234	43.25889587402344	-1.0
101	2	0	1	0.245	0.29000000000000004	8.744390487670898	8.73425579071045	0.39	0.395	0.76	0.395	-1.0	31.812488555908203	34.4210319519043	13.991813659667969	20.67132568359375	-1.0
102	2	0	2	0.245	0.29000000000000004	8.744390487670898	8.73425579071045	inf	inf	inf	inf	0.245	inf	inf	inf	inf	53.585540771484375
103	2	0	3	0.245	0.29000000000000004	8.744390487670898	8.73425579071045	0.275	0.30000000000000004	-1.0	0.31999999999999995	-1.0	10.491710662841797	9.73025131225586	-1.0	10.048163414001465	-1.0
104	2	0	4	0.245	0.29000000000000004	8.744390487670898	8.73425579071045	0.25	0.29000000000000004	0.24	0.31	0.25	33.07359313964844	11.968008995056152	28.098302841186523	14.84158992767334	17.797195434570312
105	2	1	0	0.29000000000000004	0.245	8.73425579071045	8.744390487670898	inf	inf	inf	inf	inf	inf	inf	inf	inf	inf
106	2	1	1	0.29000000000000004	0.245	8.73425579071045	8.744390487670898	0.365	inf	0.355	0.36	inf	12.947807312011719	inf	16.56476402282715	13.225404739379883	inf
107	2	1	2	0.29000000000000004	0.245	8.73425579071045	8.744390487670898	inf	inf	inf	inf	inf	inf	inf	inf	inf	inf
108	2	1	3	0.29000000000000004	0.245	8.73425579071045	8.744390487670898	0.31999999999999995	0.315				8.807534217834473	9.669740676879883			
109	2	1	4	0.29000000000000004	0.245	8.73425579071045	8.744390487670898	inf	inf	0.20500000000000002	0.18	inf	inf	inf	36.69951248168945	40.50484085083008	inf
110	2	2	0	0.29000000000000004	0.245	8.73425579071045	8.744390487670898	0.315	0.325	-1.0	0.275	0.28500000000000003	9.462653160095215	8.946182250976562	-1.0	16.77198600769043	11.347381591796875
111	2	2	1	0.29000000000000004	0.245	8.73425579071045	8.744390487670898	0.245	-1.0	0.265	-1.0	inf	43.25889587402344	-1.0	7.558201313018799	-1.0	inf
112	2	2	2	0.29000000000000004	0.245	8.73425579071045	8.744390487670898	inf	inf	inf	0.305	0.275	inf	inf	inf	34.209407806396484	10.65987491607666
113	2	2	3	0.29000000000000004	0.245	8.73425579071045	8.744390487670898	inf	inf	inf	inf	inf	inf	inf	inf	inf	inf
114	2	2	4	0.29000000000000004	0.245	8.73425579071045	8.744390487670898	inf	inf	inf	inf	inf	inf	inf	inf	inf	inf
115	2	3	0	0.29000000000000004	0.245	8.73425579071045	8.744390487670898	inf	inf	inf	inf		inf	inf	inf	inf	
116	2	3	1	0.29000000000000004	0.245	8.73425579071045	8.744390487670898	inf	0.27	0.385	-1.0	0.52	inf	10.765302658081055	11.683391571044922	-1.0	11.244770050048828
117	2	3	2	0.29000000000000004	0.245	8.73425579071045	8.744390487670898	inf	0.255	inf	inf	0.27	inf	36.888851165771484	inf	inf	48.37370300292969
118	2	3	3	0.29000000000000004	0.245	8.73425579071045	8.744390487670898	inf	inf	inf	inf	inf	inf	inf	inf	inf	inf
119	2	3	4	0.29000000000000004	0.245	8.73425579071045	8.744390487670898	inf	inf	inf	inf	inf	inf	inf	inf	inf	inf
120	2	4	0	0.245	0.29000000000000004	8.744390487670898	8.73425579071045	0.28	0.245	0.245	0.235	0.27	15.25922679901123	21.518108367919922	28.956697463989258	24.478607177734375	19.824308395385742
121	2	4	1	0.245	0.29000000000000004	8.744390487670898	8.73425579071045	inf	0.77	-1.0	0.265	0.775	inf	25.418081283569336	-1.0	36.09696960449219	28.093502044677734
122	2	4	2	0.245	0.29000000000000004	8.744390487670898	8.73425579071045	inf	inf	inf	inf	inf	inf	inf	inf	inf	inf
123	2	4	3	0.245	0.29000000000000004	8.744390487670898	8.73425579071045	inf	inf	inf	inf	inf	inf	inf	inf	inf	inf
124	2	4	4	0.245	0.29000000000000004	8.744390487670898	8.73425579071045	inf	inf	0.30000000000000004	inf	inf	inf	inf	13.780135154724121	inf	inf
125	2	5	0	0.245	0.29000000000000004	8.744390487670898	8.73425579071045	inf	inf	inf	inf	inf	inf	inf	inf	inf	inf
126	2	5	1	0.245	0.29000000000000004	8.744390487670898	8.73425579071045	inf	inf	0.415	inf	-1.0	inf	inf	11.154363632202148	inf	-1.0
127	2	5	2	0.245	0.29000000000000004	8.744390487670898	8.73425579071045	inf	0.24	inf	inf	inf	inf	65.13945007324219	inf	inf	inf
128	2	5	3	0.245	0.29000000000000004	8.744390487670898	8.73425579071045	inf	inf	inf	inf	inf	inf	inf	inf	inf	inf
129	2	5	4	0.245	0.29000000000000004	8.744390487670898	8.73425579071045	inf	inf	inf	inf	inf	inf	inf	inf	inf	inf
130	2	6	0	0.29000000000000004	0.245	8.73425579071045	8.744390487670898	inf	inf	inf	inf	inf	inf	inf	inf	inf	inf
131	2	6	1	0.29000000000000004	0.245	8.73425579071045	8.744390487670898	inf	inf	inf	inf	-1.0	inf	inf	inf	inf	-1.0
132	2	6	2	0.29000000000000004	0.245	8.73425579071045	8.744390487670898	inf	0.38	inf	inf	inf	inf	18.464136123657227	inf	inf	inf
133	2	6	3	0.29000000000000004	0.245	8.73425579071045	8.744390487670898	inf	inf	inf	inf	inf	inf	inf	inf	inf	inf
134	2	6	4	0.29000000000000004	0.245	8.73425579071045	8.744390487670898	inf	inf	inf	inf	inf	inf	inf	inf	inf	inf
135	2	7	0	0.245	0.29000000000000004	8.744390487670898	8.73425579071045	inf	inf	inf	inf	inf	inf	inf	inf	inf	inf
136	2	7	1	0.245	0.29000000000000004	8.744390487670898	8.73425579071045	inf	inf	inf	inf	inf	inf	inf	inf	inf	inf
137	2	7	2	0.245	0.29000000000000004	8.744390487670898	8.73425579071045	inf	inf	inf	inf	0.28500000000000003	inf	inf	inf	inf	12.51220417022705
138	2	7	3	0.245	0.29000000000000004	8.744390487670898	8.73425579071045	inf	inf				inf	inf			
139	2	7	4	0.245	0.29000000000000004	8.744390487670898	8.73425579071045	inf	inf	inf	inf	inf	inf	inf	inf	inf	inf
140	2	8	0	0.245	0.29000000000000004	8.744390487670898	8.73425579071045	inf	inf	inf	inf	inf	inf	inf	inf	inf	inf
141	2	8	1	0.245	0.29000000000000004	8.744390487670898	8.73425579071045	inf	inf	inf	inf	inf	inf	inf	inf	inf	inf
142	2	8	2	0.245	0.29000000000000004	8.744390487670898	8.73425579071045	inf	inf	inf	inf	inf	inf	inf	inf	inf	inf
143	2	8	3	0.245	0.29000000000000004	8.744390487670898	8.73425579071045	inf	inf	inf	inf	inf	inf	inf	inf	inf	inf
144	2	8	4	0.245	0.29000000000000004	8.744390487670898	8.73425579071045	inf	inf	inf	inf	inf	inf	inf	inf	inf	inf
145	2	9	0	0.245	0.29000000000000004	8.744390487670898	8.73425579071045	inf	inf	inf	inf	inf	inf	inf	inf	inf	inf
146	2	9	1	0.245	0.29000000000000004	8.744390487670898	8.73425579071045	inf	inf	inf	inf	inf	inf	inf	inf	inf	inf
147	2	9	2	0.245	0.29000000000000004	8.744390487670898	8.73425579071045	inf	inf	inf	inf	inf	inf	inf	inf	inf	inf
148	2	9	3	0.245	0.29000000000000004	8.744390487670898	8.73425579071045	inf	inf	inf	inf	inf	inf	inf	inf	inf	inf
149	2	9	4	0.245	0.29000000000000004	8.744390487670898	8.73425579071045	inf	inf	inf	inf	inf	inf	inf	inf	inf	inf
