	reset_island_iter	improve_iter	island	program_1_hamming_score	program_2_hamming_score	program_1_neural_score	program_2_neural_score	output_program_1_hamming_score	output_program_2_hamming_score	output_program_3_hamming_score	output_program_4_hamming_score	output_program_5_hamming_score	output_program_1_neural_score	output_program_2_neural_score	output_program_3_neural_score	output_program_4_neural_score	output_program_5_neural_score
0	0	0	0	22.5	22.5	4.380143165588379	4.380143165588379	11.0	-1.0	17.0	-1.0	-1.0	1.4641704559326172	-1.0	3.4897141456604004	-1.0	-1.0
1	0	0	1	22.5	22.5	4.380143165588379	4.380143165588379	9.75	-1.0	-1.0	-1.0	-1.0	1.366578459739685	-1.0	-1.0	-1.0	-1.0
2	0	0	2	22.5	22.5	4.380143165588379	4.380143165588379	17.0	-1.0	-1.0	-1.0	-1.0	3.4897141456604004	-1.0	-1.0	-1.0	-1.0
3	0	0	3	22.5	22.5	4.380143165588379	4.380143165588379	11.0	13.25	20.5	-1.0	inf	1.4641704559326172	2.4891293048858643	6.350558757781982	-1.0	inf
4	0	0	4	22.5	22.5	4.380143165588379	4.380143165588379	17.0	-1.0	-1.0	39.5	-1.0	3.4897141456604004	-1.0	-1.0	67.03382873535156	-1.0
5	0	1	0	17.0	22.5	3.4897141456604004	4.380143165588379	-1.0	-1.0	132.25	inf	-1.0	-1.0	-1.0	5.969919681549072	inf	-1.0
6	0	1	1	17.0	22.5	3.4897141456604004	4.380143165588379	-1.0	inf	-1.0	-1.0	-1.0	-1.0	inf	-1.0	-1.0	-1.0
7	0	1	2	17.0	22.5	3.4897141456604004	4.380143165588379	11.25	97.25	14.5	21.25	-1.0	1.5700674057006836	29.346027374267578	2.8001909255981445	6.424955368041992	-1.0
8	0	1	3	17.0	22.5	3.4897141456604004	4.380143165588379	25.5	-1.0	-1.0	-1.0	inf	2.71288800239563	-1.0	-1.0	-1.0	inf
9	0	1	4	17.0	22.5	3.4897141456604004	4.380143165588379	-1.0	-1.0	-1.0	-1.0	inf	-1.0	-1.0	-1.0	-1.0	inf
10	0	2	0	17.0	22.5	3.4897141456604004	4.380143165588379	-1.0	-1.0	-1.0	-1.0	-1.0	-1.0	-1.0	-1.0	-1.0	-1.0
11	0	2	1	17.0	22.5	3.4897141456604004	4.380143165588379	-1.0	-1.0	-1.0	-1.0	-1.0	-1.0	-1.0	-1.0	-1.0	-1.0
12	0	2	2	17.0	22.5	3.4897141456604004	4.380143165588379	22.25	inf	22.5	-1.0	-1.0	7.065512657165527	inf	4.380143165588379	-1.0	-1.0
13	0	2	3	17.0	22.5	3.4897141456604004	4.380143165588379	22.75	inf	16.5	inf	inf	3.064612865447998	inf	3.1642069816589355	inf	inf
14	0	2	4	17.0	22.5	3.4897141456604004	4.380143165588379	-1.0	inf	inf	-1.0	inf	-1.0	inf	inf	-1.0	inf
15	0	3	0	17.0	22.5	3.4897141456604004	4.380143165588379	-1.0	-1.0	16.75	-1.0	-1.0	-1.0	-1.0	3.4579906463623047	-1.0	-1.0
16	0	3	1	17.0	22.5	3.4897141456604004	4.380143165588379	-1.0	-1.0	-1.0	inf	23.5	-1.0	-1.0	-1.0	inf	27.005538940429688
17	0	3	2	17.0	22.5	3.4897141456604004	4.380143165588379	inf	-1.0	23.25	-1.0	inf	inf	-1.0	5.055166244506836	-1.0	inf
18	0	3	3	17.0	22.5	3.4897141456604004	4.380143165588379	9.75	-1.0	-1.0	-1.0	-1.0	1.366578459739685	-1.0	-1.0	-1.0	-1.0
19	0	3	4	17.0	22.5	3.4897141456604004	4.380143165588379	inf	inf	-1.0	inf	inf	inf	inf	-1.0	inf	inf
20	0	4	0	22.5	22.5	4.380143165588379	4.380143165588379	25.75	-1.0	-1.0	-1.0	-1.0	3.444441556930542	-1.0	-1.0	-1.0	-1.0
21	0	4	1	22.5	22.5	4.380143165588379	4.380143165588379	-1.0					-1.0				
22	0	4	2	22.5	22.5	4.380143165588379	4.380143165588379	-1.0	-1.0	-1.0	25.0	39.5	-1.0	-1.0	-1.0	8.25991153717041	67.03382873535156
23	0	4	3	22.5	22.5	4.380143165588379	4.380143165588379	26.0	-1.0	30.75	-1.0	10.75	3.043147087097168	-1.0	2.8203392028808594	-1.0	1.8873895406723022
24	0	4	4	22.5	22.5	4.380143165588379	4.380143165588379	inf	inf	inf	inf	-1.0	inf	inf	inf	inf	-1.0
25	0	5	0	22.5	17.0	4.380143165588379	3.4897141456604004	22.5	24.5	22.75	28.25	-1.0	4.380143165588379	3.9846901893615723	4.270732402801514	2.721153736114502	-1.0
26	0	5	1	22.5	17.0	4.380143165588379	3.4897141456604004	-1.0	-1.0	-1.0	-1.0	-1.0	-1.0	-1.0	-1.0	-1.0	-1.0
27	0	5	2	22.5	17.0	4.380143165588379	3.4897141456604004	-1.0	-1.0	-1.0	-1.0	inf	-1.0	-1.0	-1.0	-1.0	inf
28	0	5	3	22.5	17.0	4.380143165588379	3.4897141456604004	-1.0	-1.0	-1.0	inf	-1.0	-1.0	-1.0	-1.0	inf	-1.0
29	0	5	4	22.5	17.0	4.380143165588379	3.4897141456604004	inf	inf	inf	inf	inf	inf	inf	inf	inf	inf
30	0	6	0	17.0	22.5	3.4897141456604004	4.380143165588379	39.5	-1.0	inf	inf	-1.0	3.3557589054107666	-1.0	inf	inf	-1.0
31	0	6	1	17.0	22.5	3.4897141456604004	4.380143165588379	-1.0	-1.0	-1.0	inf	inf	-1.0	-1.0	-1.0	inf	inf
32	0	6	2	17.0	22.5	3.4897141456604004	4.380143165588379	-1.0	-1.0	-1.0	94.75	-1.0	-1.0	-1.0	-1.0	31.37476921081543	-1.0
33	0	6	3	17.0	22.5	3.4897141456604004	4.380143165588379	-1.0	-1.0	-1.0	-1.0	-1.0	-1.0	-1.0	-1.0	-1.0	-1.0
34	0	6	4	17.0	22.5	3.4897141456604004	4.380143165588379	inf	inf	inf	-1.0	inf	inf	inf	inf	-1.0	inf
35	0	7	0	22.5	17.0	4.380143165588379	3.4897141456604004	37.75	17.25	-1.0	inf	-1.0	24.13399887084961	2.0004005432128906	-1.0	inf	-1.0
36	0	7	1	22.5	17.0	4.380143165588379	3.4897141456604004	-1.0	inf	-1.0	-1.0	-1.0	-1.0	inf	-1.0	-1.0	-1.0
37	0	7	2	22.5	17.0	4.380143165588379	3.4897141456604004	-1.0	-1.0	-1.0	-1.0	-1.0	-1.0	-1.0	-1.0	-1.0	-1.0
38	0	7	3	22.5	17.0	4.380143165588379	3.4897141456604004	-1.0	-1.0	-1.0	inf	17.0	-1.0	-1.0	-1.0	inf	3.4897141456604004
39	0	7	4	22.5	17.0	4.380143165588379	3.4897141456604004	16.0	15.5	inf	-1.0	-1.0	3.035194158554077	2.826047420501709	inf	-1.0	-1.0
40	0	8	0	16.0	22.5	3.035194158554077	4.380143165588379	9.75	-1.0	-1.0	-1.0	-1.0	1.366578459739685	-1.0	-1.0	-1.0	-1.0
41	0	8	1	16.0	22.5	3.035194158554077	4.380143165588379	-1.0	-1.0	-1.0	23.25	-1.0	-1.0	-1.0	-1.0	3.1152524948120117	-1.0
42	0	8	2	16.0	22.5	3.035194158554077	4.380143165588379	-1.0	-1.0	15.25	-1.0	-1.0	-1.0	-1.0	6.568775653839111	-1.0	-1.0
43	0	8	3	16.0	22.5	3.035194158554077	4.380143165588379	inf	inf	-1.0	-1.0	-1.0	inf	inf	-1.0	-1.0	-1.0
44	0	8	4	16.0	22.5	3.035194158554077	4.380143165588379	inf	-1.0	16.0	18.75	16.5	inf	-1.0	2.89961314201355	3.8802297115325928	3.2327706813812256
45	0	9	0	17.0	16.5	3.4897141456604004	3.2327706813812256	-1.0	-1.0	-1.0	-1.0	inf	-1.0	-1.0	-1.0	-1.0	inf
46	0	9	1	17.0	16.5	3.4897141456604004	3.2327706813812256	-1.0	inf	129.25	-1.0	inf	-1.0	inf	10.818507194519043	-1.0	inf
47	0	9	2	17.0	16.5	3.4897141456604004	3.2327706813812256	-1.0	-1.0	-1.0	-1.0	29.0	-1.0	-1.0	-1.0	-1.0	39.930912017822266
48	0	9	3	17.0	16.5	3.4897141456604004	3.2327706813812256	inf	-1.0	inf	-1.0	-1.0	inf	-1.0	inf	-1.0	-1.0
49	0	9	4	17.0	16.5	3.4897141456604004	3.2327706813812256	inf	-1.0	-1.0	-1.0	-1.0	inf	-1.0	-1.0	-1.0	-1.0
50	1	0	0	25.5	13.25	2.71288800239563	2.4891293048858643	29.5	37.0	-1.0	17.25	-1.0	7.724383354187012	10.311747550964355	-1.0	6.9383697509765625	-1.0
51	1	0	1	25.5	13.25	2.71288800239563	2.4891293048858643	13.75	-1.0	17.0	-1.0	-1.0	2.6656765937805176	-1.0	3.4897141456604004	-1.0	-1.0
52	1	0	2	25.5	13.25	2.71288800239563	2.4891293048858643	9.75	inf	15.5	-1.0	-1.0	1.366578459739685	inf	1.581333041191101	-1.0	-1.0
53	1	0	3	25.5	13.25	2.71288800239563	2.4891293048858643	16.25	-1.0	-1.0	-1.0	-1.0	2.890016794204712	-1.0	-1.0	-1.0	-1.0
54	1	0	4	25.5	13.25	2.71288800239563	2.4891293048858643	22.5	17.0	-1.0	-1.0	-1.0	4.380143165588379	3.4897141456604004	-1.0	-1.0	-1.0
55	1	1	0	25.5	13.25	2.71288800239563	2.4891293048858643	42.75	51.75	-1.0	44.0	78.5	7.241281032562256	10.579599380493164	-1.0	7.8540358543396	14.94809341430664
56	1	1	1	25.5	13.25	2.71288800239563	2.4891293048858643	-1.0	-1.0	-1.0	22.5	-1.0	-1.0	-1.0	-1.0	4.380143165588379	-1.0
57	1	1	2	25.5	13.25	2.71288800239563	2.4891293048858643	inf	-1.0	inf	62.25	inf	inf	-1.0	inf	20.58997344970703	inf
58	1	1	3	25.5	13.25	2.71288800239563	2.4891293048858643	10.5	-1.0	-1.0	-1.0	-1.0	1.719941258430481	-1.0	-1.0	-1.0	-1.0
59	1	1	4	25.5	13.25	2.71288800239563	2.4891293048858643	-1.0	-1.0	-1.0	-1.0	-1.0	-1.0	-1.0	-1.0	-1.0	-1.0
60	1	2	0	25.5	13.25	2.71288800239563	2.4891293048858643	-1.0	-1.0	-1.0	-1.0	-1.0	-1.0	-1.0	-1.0	-1.0	-1.0
61	1	2	1	25.5	13.25	2.71288800239563	2.4891293048858643	inf	inf	27.0	29.75	32.0	inf	inf	9.116668701171875	17.189645767211914	20.453706741333008
62	1	2	2	25.5	13.25	2.71288800239563	2.4891293048858643	-1.0	inf	20.0	-1.0	inf	-1.0	inf	3.5074901580810547	-1.0	inf
63	1	2	3	25.5	13.25	2.71288800239563	2.4891293048858643	-1.0	inf	inf	-1.0	inf	-1.0	inf	inf	-1.0	inf
64	1	2	4	25.5	13.25	2.71288800239563	2.4891293048858643	-1.0	-1.0	inf	-1.0	-1.0	-1.0	-1.0	inf	-1.0	-1.0
65	1	3	0	17.0	13.25	3.4897141456604004	2.4891293048858643	-1.0	-1.0	inf	-1.0	-1.0	-1.0	-1.0	inf	-1.0	-1.0
66	1	3	1	17.0	13.25	3.4897141456604004	2.4891293048858643	inf	inf	30.75	28.75	inf	inf	inf	14.12581729888916	18.87865447998047	inf
67	1	3	2	17.0	13.25	3.4897141456604004	2.4891293048858643	inf	inf	inf	inf	-1.0	inf	inf	inf	inf	-1.0
68	1	3	3	17.0	13.25	3.4897141456604004	2.4891293048858643	-1.0	inf	-1.0	inf	-1.0	-1.0	inf	-1.0	inf	-1.0
69	1	3	4	17.0	13.25	3.4897141456604004	2.4891293048858643	76.75	-1.0	-1.0	-1.0	-1.0	31.24114418029785	-1.0	-1.0	-1.0	-1.0
70	1	4	0	17.0	13.25	3.4897141456604004	2.4891293048858643	inf					inf				
71	1	4	1	17.0	13.25	3.4897141456604004	2.4891293048858643	30.0	inf	31.75	inf	32.25	19.5411434173584	inf	20.02267837524414	inf	20.12042236328125
72	1	4	2	17.0	13.25	3.4897141456604004	2.4891293048858643	inf	22.5	-1.0	-1.0	-1.0	inf	4.380143165588379	-1.0	-1.0	-1.0
73	1	4	3	17.0	13.25	3.4897141456604004	2.4891293048858643	inf	inf	inf	inf	-1.0	inf	inf	inf	inf	-1.0
74	1	4	4	17.0	13.25	3.4897141456604004	2.4891293048858643	16.75	21.75	-1.0	17.25	-1.0	3.4579906463623047	6.745404243469238	-1.0	7.518701076507568	-1.0
75	1	5	0	13.25	25.5	2.4891293048858643	2.71288800239563	inf	-1.0	inf	-1.0	-1.0	inf	-1.0	inf	-1.0	-1.0
76	1	5	1	13.25	25.5	2.4891293048858643	2.71288800239563	-1.0	inf	-1.0	-1.0	31.75	-1.0	inf	-1.0	-1.0	20.630239486694336
77	1	5	2	13.25	25.5	2.4891293048858643	2.71288800239563	inf	-1.0	29.0	inf	41.75	inf	-1.0	9.962264060974121	inf	21.888696670532227
78	1	5	3	13.25	25.5	2.4891293048858643	2.71288800239563	inf	-1.0	-1.0	-1.0	-1.0	inf	-1.0	-1.0	-1.0	-1.0
79	1	5	4	13.25	25.5	2.4891293048858643	2.71288800239563	inf	inf	inf	inf	19.0	inf	inf	inf	inf	3.0215983390808105
80	1	6	0	13.25	25.5	2.4891293048858643	2.71288800239563	inf	-1.0	inf	-1.0	inf	inf	-1.0	inf	-1.0	inf
81	1	6	1	13.25	25.5	2.4891293048858643	2.71288800239563	-1.0	-1.0	-1.0	25.75	-1.0	-1.0	-1.0	-1.0	3.444441556930542	-1.0
82	1	6	2	13.25	25.5	2.4891293048858643	2.71288800239563	inf	-1.0	inf	30.0	inf	inf	-1.0	inf	16.192787170410156	inf
83	1	6	3	13.25	25.5	2.4891293048858643	2.71288800239563	inf	inf	-1.0	-1.0	-1.0	inf	inf	-1.0	-1.0	-1.0
84	1	6	4	13.25	25.5	2.4891293048858643	2.71288800239563	inf	inf	inf	inf	inf	inf	inf	inf	inf	inf
85	1	7	0	25.5	17.0	2.71288800239563	3.4897141456604004	-1.0	-1.0	inf	-1.0	-1.0	-1.0	-1.0	inf	-1.0	-1.0
86	1	7	1	25.5	17.0	2.71288800239563	3.4897141456604004	-1.0	-1.0	-1.0	-1.0	-1.0	-1.0	-1.0	-1.0	-1.0	-1.0
87	1	7	2	25.5	17.0	2.71288800239563	3.4897141456604004	inf	-1.0	-1.0	inf	-1.0	inf	-1.0	-1.0	inf	-1.0
88	1	7	3	25.5	17.0	2.71288800239563	3.4897141456604004	inf	-1.0	-1.0	-1.0	-1.0	inf	-1.0	-1.0	-1.0	-1.0
89	1	7	4	25.5	17.0	2.71288800239563	3.4897141456604004	-1.0	inf	inf	inf	inf	-1.0	inf	inf	inf	inf
90	1	8	0	19.0	17.0	3.0215983390808105	3.4897141456604004	-1.0	-1.0	-1.0	-1.0	-1.0	-1.0	-1.0	-1.0	-1.0	-1.0
91	1	8	1	19.0	17.0	3.0215983390808105	3.4897141456604004	-1.0	-1.0	-1.0	-1.0	-1.0	-1.0	-1.0	-1.0	-1.0	-1.0
92	1	8	2	19.0	17.0	3.0215983390808105	3.4897141456604004	26.75	17.0	-1.0	-1.0	-1.0	34.02397155761719	3.4897141456604004	-1.0	-1.0	-1.0
93	1	8	3	19.0	17.0	3.0215983390808105	3.4897141456604004	-1.0	-1.0	9.75	-1.0	-1.0	-1.0	-1.0	1.366578459739685	-1.0	-1.0
94	1	8	4	19.0	17.0	3.0215983390808105	3.4897141456604004	inf	-1.0	128.75	inf	inf	inf	-1.0	60.498477935791016	inf	inf
95	1	9	0	16.75	25.5	3.4579906463623047	2.71288800239563	26.75	inf	inf	25.0	inf	8.212401390075684	inf	inf	7.086674690246582	inf
96	1	9	1	16.75	25.5	3.4579906463623047	2.71288800239563	-1.0	132.25	-1.0	-1.0	-1.0	-1.0	5.969919681549072	-1.0	-1.0	-1.0
97	1	9	2	16.75	25.5	3.4579906463623047	2.71288800239563	-1.0	-1.0	-1.0	-1.0	inf	-1.0	-1.0	-1.0	-1.0	inf
98	1	9	3	16.75	25.5	3.4579906463623047	2.71288800239563	-1.0	inf	-1.0	-1.0	-1.0	-1.0	inf	-1.0	-1.0	-1.0
99	1	9	4	16.75	25.5	3.4579906463623047	2.71288800239563	inf	inf	inf	46.0	inf	inf	inf	inf	18.367210388183594	inf
100	2	0	0	13.75	13.0	2.3842616081237793	2.3933796882629395	-1.0	-1.0	-1.0	-1.0	-1.0	-1.0	-1.0	-1.0	-1.0	-1.0
101	2	0	1	13.75	13.0	2.3842616081237793	2.3933796882629395	22.75	14.0	-1.0	-1.0	-1.0	8.478926658630371	3.222691535949707	-1.0	-1.0	-1.0
102	2	0	2	13.75	13.0	2.3842616081237793	2.3933796882629395	16.0	-1.0	14.25	-1.0	-1.0	3.2250730991363525	-1.0	2.2788619995117188	-1.0	-1.0
103	2	0	3	13.75	13.0	2.3842616081237793	2.3933796882629395	inf	16.0	17.5	-1.0	inf	inf	3.2250730991363525	3.6916987895965576	-1.0	inf
104	2	0	4	13.75	13.0	2.3842616081237793	2.3933796882629395	inf	13.75	inf	45.75	16.25	inf	2.621286630630493	inf	48.37009811401367	3.6341335773468018
105	2	1	0	13.75	13.0	2.3842616081237793	2.3933796882629395	-1.0	-1.0	22.5	-1.0	-1.0	-1.0	-1.0	4.380143165588379	-1.0	-1.0
106	2	1	1	13.75	13.0	2.3842616081237793	2.3933796882629395	22.5	inf	inf	22.5	inf	8.497541427612305	inf	inf	4.380143165588379	inf
107	2	1	2	13.75	13.0	2.3842616081237793	2.3933796882629395	16.25	13.5	16.5	13.75	-1.0	3.9771955013275146	2.612781047821045	3.980729103088379	2.6150400638580322	-1.0
108	2	1	3	13.75	13.0	2.3842616081237793	2.3933796882629395	-1.0	-1.0	-1.0	22.25	-1.0	-1.0	-1.0	-1.0	11.573568344116211	-1.0
109	2	1	4	13.75	13.0	2.3842616081237793	2.3933796882629395	inf	26.5	17.0	16.25	-1.0	inf	14.43150520324707	2.7746639251708984	2.7972068786621094	-1.0
110	2	2	0	13.75	13.0	2.3842616081237793	2.3933796882629395	-1.0	-1.0	-1.0	-1.0	-1.0	-1.0	-1.0	-1.0	-1.0	-1.0
111	2	2	1	13.75	13.0	2.3842616081237793	2.3933796882629395	17.0	-1.0	7.0	-1.0	-1.0	12.44112491607666	-1.0	1.3140448331832886	-1.0	-1.0
112	2	2	2	13.75	13.0	2.3842616081237793	2.3933796882629395	18.0	23.0	-1.0	-1.0	20.25	2.831186294555664	2.784830093383789	-1.0	-1.0	2.5903024673461914
113	2	2	3	13.75	13.0	2.3842616081237793	2.3933796882629395	15.5	19.5	13.5	14.75	13.25	3.7022626399993896	6.674449443817139	2.485459327697754	2.97906494140625	2.4891293048858643
114	2	2	4	13.75	13.0	2.3842616081237793	2.3933796882629395	16.25	39.5	13.75	492.0	14.5	2.9574174880981445	67.03382873535156	2.39457368850708	9.897771835327148	2.2663142681121826
115	2	3	0	14.5	13.0	2.2663142681121826	2.3933796882629395	10.25	-1.0	-1.0	-1.0	-1.0	1.9334156513214111	-1.0	-1.0	-1.0	-1.0
116	2	3	1	14.5	13.0	2.2663142681121826	2.3933796882629395	15.0	17.0	-1.0	15.75	-1.0	7.840070724487305	9.830883979797363	-1.0	11.456071853637695	-1.0
117	2	3	2	14.5	13.0	2.2663142681121826	2.3933796882629395	15.25	13.25	-1.0	-1.0	16.25	2.7256534099578857	2.4891293048858643	-1.0	-1.0	3.9128482341766357
118	2	3	3	14.5	13.0	2.2663142681121826	2.3933796882629395	29.5	22.75	-1.0	11.25	10.25	3.4702460765838623	2.214860439300537	-1.0	1.616076946258545	1.9334156513214111
119	2	3	4	14.5	13.0	2.2663142681121826	2.3933796882629395	10.25	12.5	39.75	11.75	inf	4.3637614250183105	5.954858303070068	11.642881393432617	4.445954322814941	inf
120	2	4	0	16.25	13.75	3.6341335773468018	2.621286630630493	-1.0	-1.0	13.75	-1.0	-1.0	-1.0	-1.0	1.793471336364746	-1.0	-1.0
121	2	4	1	16.25	13.75	3.6341335773468018	2.621286630630493	inf	inf	inf	19.0	inf	inf	inf	inf	4.506953239440918	inf
122	2	4	2	16.25	13.75	3.6341335773468018	2.621286630630493	-1.0	23.25	-1.0	-1.0	-1.0	-1.0	21.709848403930664	-1.0	-1.0	-1.0
123	2	4	3	16.25	13.75	3.6341335773468018	2.621286630630493	-1.0	-1.0	-1.0	inf	-1.0	-1.0	-1.0	-1.0	inf	-1.0
124	2	4	4	16.25	13.75	3.6341335773468018	2.621286630630493	inf	16.0	-1.0	inf	13.25	inf	2.491311550140381	-1.0	inf	2.4891293048858643
125	2	5	0	13.0	13.75	2.3933796882629395	2.621286630630493	-1.0	-1.0	-1.0	16.0	-1.0	-1.0	-1.0	-1.0	1.801772952079773	-1.0
126	2	5	1	13.0	13.75	2.3933796882629395	2.621286630630493	inf	15.75	-1.0	-1.0	-1.0	inf	2.6827123165130615	-1.0	-1.0	-1.0
127	2	5	2	13.0	13.75	2.3933796882629395	2.621286630630493	-1.0	11.5	-1.0	-1.0	12.75	-1.0	2.331432580947876	-1.0	-1.0	2.4797799587249756
128	2	5	3	13.0	13.75	2.3933796882629395	2.621286630630493	12.75	13.25	-1.0	12.0	inf	2.5865299701690674	3.129014730453491	-1.0	2.1987128257751465	inf
129	2	5	4	13.0	13.75	2.3933796882629395	2.621286630630493	inf	16.25	14.0	inf	-1.0	inf	2.467480182647705	2.7016773223876953	inf	-1.0
130	2	6	0	14.0	13.75	2.7016773223876953	2.3842616081237793	13.25	-1.0	-1.0	-1.0	-1.0	2.4891293048858643	-1.0	-1.0	-1.0	-1.0
131	2	6	1	14.0	13.75	2.7016773223876953	2.3842616081237793	14.75	-1.0	13.25	13.5	-1.0	2.557051181793213	-1.0	2.4891293048858643	2.562840223312378	-1.0
132	2	6	2	14.0	13.75	2.7016773223876953	2.3842616081237793	12.0	12.75	12.0	inf	inf	2.2234787940979004	2.1921544075012207	2.3735883235931396	inf	inf
133	2	6	3	14.0	13.75	2.7016773223876953	2.3842616081237793	13.5	inf	14.0	-1.0	inf	2.2889602184295654	inf	2.2600784301757812	-1.0	inf
134	2	6	4	14.0	13.75	2.7016773223876953	2.3842616081237793	inf	inf	15.25	21.75	15.0	inf	inf	2.615156412124634	11.539624214172363	2.6075992584228516
135	2	7	0	14.5	13.75	2.2663142681121826	2.621286630630493	-1.0	-1.0	-1.0	-1.0	-1.0	-1.0	-1.0	-1.0	-1.0	-1.0
136	2	7	1	14.5	13.75	2.2663142681121826	2.621286630630493	12.75	inf	13.0	13.5	-1.0	1.8455088138580322	inf	1.8758623600006104	1.8824257850646973	-1.0
137	2	7	2	14.5	13.75	2.2663142681121826	2.621286630630493	21.0	22.0	-1.0	inf	267.25	8.798297882080078	9.688305854797363	-1.0	inf	123.17963409423828
138	2	7	3	14.5	13.75	2.2663142681121826	2.621286630630493	16.0	inf	-1.0	inf	-1.0	7.238247394561768	inf	-1.0	inf	-1.0
139	2	7	4	14.5	13.75	2.2663142681121826	2.621286630630493	inf	inf	inf	-1.0	inf	inf	inf	inf	-1.0	inf
140	2	8	0	13.75	13.75	2.39457368850708	2.3842616081237793	10.0	inf	inf	inf	inf	2.546919107437134	inf	inf	inf	inf
141	2	8	1	13.75	13.75	2.39457368850708	2.3842616081237793	inf	15.0	inf	inf	20.5	inf	5.213711738586426	inf	inf	10.854948043823242
142	2	8	2	13.75	13.75	2.39457368850708	2.3842616081237793	13.5	22.75	inf	-1.0	-1.0	3.735339641571045	8.478926658630371	inf	-1.0	-1.0
143	2	8	3	13.75	13.75	2.39457368850708	2.3842616081237793	21.0	inf	15.75	-1.0	16.5	15.474451065063477	inf	4.376228332519531	-1.0	3.573448419570923
144	2	8	4	13.75	13.75	2.39457368850708	2.3842616081237793	17.5	15.75	-1.0	17.75	inf	3.8514046669006348	2.6767144203186035	-1.0	3.8420610427856445	inf
145	2	9	0	15.0	16.25	2.6075992584228516	2.467480182647705	13.5	-1.0	-1.0	-1.0	-1.0	2.4361109733581543	-1.0	-1.0	-1.0	-1.0
146	2	9	1	15.0	16.25	2.6075992584228516	2.467480182647705	inf	inf	17.0	inf	11.5	inf	inf	8.841646194458008	inf	4.2341508865356445
147	2	9	2	15.0	16.25	2.6075992584228516	2.467480182647705	inf	12.0	22.0	-1.0	-1.0	inf	1.7926222085952759	13.588860511779785	-1.0	-1.0
148	2	9	3	15.0	16.25	2.6075992584228516	2.467480182647705	-1.0	inf	-1.0	20.5	17.5	-1.0	inf	-1.0	7.761046409606934	6.213029861450195
149	2	9	4	15.0	16.25	2.6075992584228516	2.467480182647705	inf	20.25	-1.0	inf	-1.0	inf	19.372846603393555	-1.0	inf	-1.0
