	reset_island_iter	improve_iter	island	program_1_hamming_score	program_2_hamming_score	program_1_neural_score	program_2_neural_score	output_program_1_hamming_score	output_program_2_hamming_score	output_program_3_hamming_score	output_program_4_hamming_score	output_program_5_hamming_score	output_program_1_neural_score	output_program_2_neural_score	output_program_3_neural_score	output_program_4_neural_score	output_program_5_neural_score
0	0	0	0	13.0	13.0	26.63454818725586	26.63454818725586	inf	11.0	1.5	87.0	-1.0	inf	13.51163387298584	8.281622886657715	86.85616302490234	-1.0
1	0	0	1	13.0	13.0	26.63454818725586	26.63454818725586	-1.0	4.0	-1.0	inf	-1.0	-1.0	5.125267505645752	-1.0	inf	-1.0
2	0	0	2	13.0	13.0	26.63454818725586	26.63454818725586	0.0	inf	inf	inf	-1.0	0.0	inf	inf	inf	-1.0
3	0	0	3	13.0	13.0	26.63454818725586	26.63454818725586	-1.0	30.5	inf	-1.0	-1.0	-1.0	15.50373649597168	inf	-1.0	-1.0
4	0	0	4	13.0	13.0	26.63454818725586	26.63454818725586	-1.0	-1.0	-1.0	-1.0	-1.0	-1.0	-1.0	-1.0	-1.0	-1.0
5	0	1	0	13.0	13.0	26.63454818725586	26.63454818725586	-1.0	-1.0	13.0	-1.0	-1.0	-1.0	-1.0	26.63454818725586	-1.0	-1.0
6	0	1	1	13.0	13.0	26.63454818725586	26.63454818725586	-1.0	-1.0	inf	19.5	-1.0	-1.0	-1.0	inf	26.425216674804688	-1.0
7	0	1	2	13.0	13.0	26.63454818725586	26.63454818725586	1.5	-1.0	-1.0	-1.0	inf	8.281622886657715	-1.0	-1.0	-1.0	inf
8	0	1	3	13.0	13.0	26.63454818725586	26.63454818725586	inf	inf	2.5	-1.0	4.0	inf	inf	3.8743059635162354	-1.0	9.714299201965332
9	0	1	4	13.0	13.0	26.63454818725586	26.63454818725586	4.0	14.5	-1.0	inf	-1.0	4.96788215637207	8.233304023742676	-1.0	inf	-1.0
10	0	2	0	4.0	13.0	4.96788215637207	26.63454818725586	-1.0	-1.0	-1.0	29.5	-1.0	-1.0	-1.0	-1.0	49.180171966552734	-1.0
11	0	2	1	4.0	13.0	4.96788215637207	26.63454818725586	inf	inf	inf	inf	13.0	inf	inf	inf	inf	8.841979026794434
12	0	2	2	4.0	13.0	4.96788215637207	26.63454818725586	-1.0	inf	-1.0	inf	inf	-1.0	inf	-1.0	inf	inf
13	0	2	3	4.0	13.0	4.96788215637207	26.63454818725586	-1.0	inf	-1.0	-1.0	-1.0	-1.0	inf	-1.0	-1.0	-1.0
14	0	2	4	4.0	13.0	4.96788215637207	26.63454818725586	inf	inf	inf	inf	inf	inf	inf	inf	inf	inf
15	0	3	0	4.0	13.0	4.96788215637207	26.63454818725586	-1.0	-1.0	inf	-1.0	-1.0	-1.0	-1.0	inf	-1.0	-1.0
16	0	3	1	4.0	13.0	4.96788215637207	26.63454818725586	inf	-1.0	-1.0	inf	36.0	inf	-1.0	-1.0	inf	42.70501708984375
17	0	3	2	4.0	13.0	4.96788215637207	26.63454818725586	-1.0	inf	-1.0	inf	inf	-1.0	inf	-1.0	inf	inf
18	0	3	3	4.0	13.0	4.96788215637207	26.63454818725586	inf	-1.0	inf	inf	-1.0	inf	-1.0	inf	inf	-1.0
19	0	3	4	4.0	13.0	4.96788215637207	26.63454818725586	-1.0	inf	10.0	inf	inf	-1.0	inf	7.632833003997803	inf	inf
20	0	4	0	4.0	10.0	4.96788215637207	7.632833003997803	28.0	-1.0	-1.0	-1.0	-1.0	26.786596298217773	-1.0	-1.0	-1.0	-1.0
21	0	4	1	4.0	10.0	4.96788215637207	7.632833003997803	inf	inf	-1.0	-1.0	10.0	inf	inf	-1.0	-1.0	14.21181869506836
22	0	4	2	4.0	10.0	4.96788215637207	7.632833003997803	inf	inf	inf	inf	inf	inf	inf	inf	inf	inf
23	0	4	3	4.0	10.0	4.96788215637207	7.632833003997803	-1.0	inf	14.5	-1.0	6.0	-1.0	inf	17.98741912841797	-1.0	6.787789344787598
24	0	4	4	4.0	10.0	4.96788215637207	7.632833003997803	15.5	inf	-1.0	-1.0	-1.0	18.796018600463867	inf	-1.0	-1.0	-1.0
25	0	5	0	4.0	10.0	4.96788215637207	7.632833003997803	-1.0	-1.0	-1.0	-1.0	-1.0	-1.0	-1.0	-1.0	-1.0	-1.0
26	0	5	1	4.0	10.0	4.96788215637207	7.632833003997803	inf	inf	inf	-1.0	inf	inf	inf	inf	-1.0	inf
27	0	5	2	4.0	10.0	4.96788215637207	7.632833003997803	-1.0	inf	inf	inf	inf	-1.0	inf	inf	inf	inf
28	0	5	3	4.0	10.0	4.96788215637207	7.632833003997803	inf	15.0	9.5	6.0	-1.0	inf	16.629899978637695	15.409897804260254	13.975708961486816	-1.0
29	0	5	4	4.0	10.0	4.96788215637207	7.632833003997803	17.5	18.0	16.5	20.0	-1.0	15.597338676452637	18.63705062866211	15.061349868774414	17.667388916015625	-1.0
30	0	6	0	4.0	10.0	4.96788215637207	7.632833003997803	-1.0	-1.0	-1.0	-1.0	-1.0	-1.0	-1.0	-1.0	-1.0	-1.0
31	0	6	1	4.0	10.0	4.96788215637207	7.632833003997803	inf	-1.0	inf	inf	-1.0	inf	-1.0	inf	inf	-1.0
32	0	6	2	4.0	10.0	4.96788215637207	7.632833003997803	inf	-1.0	inf	inf	-1.0	inf	-1.0	inf	inf	-1.0
33	0	6	3	4.0	10.0	4.96788215637207	7.632833003997803	inf	inf	-1.0	4.0	-1.0	inf	inf	-1.0	4.556265354156494	-1.0
34	0	6	4	4.0	10.0	4.96788215637207	7.632833003997803	-1.0	5.0	-1.0	-1.0	-1.0	-1.0	3.8053927421569824	-1.0	-1.0	-1.0
35	0	7	0	5.0	4.0	3.8053927421569824	4.96788215637207	7.0	-1.0	-1.0	-1.0	inf	15.353114128112793	-1.0	-1.0	-1.0	inf
36	0	7	1	5.0	4.0	3.8053927421569824	4.96788215637207	17.0	inf	inf	14.5	-1.0	24.135324478149414	inf	inf	24.30710220336914	-1.0
37	0	7	2	5.0	4.0	3.8053927421569824	4.96788215637207	inf	inf	inf	-1.0	-1.0	inf	inf	inf	-1.0	-1.0
38	0	7	3	5.0	4.0	3.8053927421569824	4.96788215637207	-1.0	-1.0	-1.0	-1.0	-1.0	-1.0	-1.0	-1.0	-1.0	-1.0
39	0	7	4	5.0	4.0	3.8053927421569824	4.96788215637207	-1.0	-1.0	inf	-1.0	38.5	-1.0	-1.0	inf	-1.0	34.965911865234375
40	0	8	0	4.0	5.0	4.96788215637207	3.8053927421569824	inf	-1.0	-1.0	-1.0	-1.0	inf	-1.0	-1.0	-1.0	-1.0
41	0	8	1	4.0	5.0	4.96788215637207	3.8053927421569824	inf	inf	inf	-1.0	-1.0	inf	inf	inf	-1.0	-1.0
42	0	8	2	4.0	5.0	4.96788215637207	3.8053927421569824	inf	inf	inf	-1.0	-1.0	inf	inf	inf	-1.0	-1.0
43	0	8	3	4.0	5.0	4.96788215637207	3.8053927421569824	inf	8.5	-1.0	inf	-1.0	inf	6.357641696929932	-1.0	inf	-1.0
44	0	8	4	4.0	5.0	4.96788215637207	3.8053927421569824	-1.0	inf	8.5	8.0	-1.0	-1.0	inf	10.372465133666992	4.9606170654296875	-1.0
45	0	9	0	4.0	5.0	4.96788215637207	3.8053927421569824	inf	-1.0	36.0	-1.0	-1.0	inf	-1.0	5.2988104820251465	-1.0	-1.0
46	0	9	1	4.0	5.0	4.96788215637207	3.8053927421569824	inf	-1.0	20.0	inf	-1.0	inf	-1.0	24.391765594482422	inf	-1.0
47	0	9	2	4.0	5.0	4.96788215637207	3.8053927421569824	inf	-1.0	inf	inf	inf	inf	-1.0	inf	inf	inf
48	0	9	3	4.0	5.0	4.96788215637207	3.8053927421569824	inf	-1.0	-1.0	-1.0	-1.0	inf	-1.0	-1.0	-1.0	-1.0
49	0	9	4	4.0	5.0	4.96788215637207	3.8053927421569824	-1.0	-1.0	-1.0	inf	8.5	-1.0	-1.0	-1.0	inf	12.930749893188477
50	1	0	0	4.0	5.0	4.556265354156494	3.8053927421569824	inf	13.5	13.0	inf	51.0	inf	7.012268543243408	26.63454818725586	inf	49.550453186035156
51	1	0	1	4.0	5.0	4.556265354156494	3.8053927421569824	0.0	inf	13.0	-1.0	inf	0.0	inf	26.63454818725586	-1.0	inf
52	1	0	2	4.0	5.0	4.556265354156494	3.8053927421569824	2.5	5.5	7.0	3.5	-1.0	2.2910871505737305	4.967904090881348	6.486247539520264	2.2885122299194336	-1.0
53	1	0	3	4.0	5.0	4.556265354156494	3.8053927421569824	12.5	-1.0	15.0	5.0	-1.0	25.409852981567383	-1.0	12.001517295837402	3.8053927421569824	-1.0
54	1	0	4	4.0	5.0	4.556265354156494	3.8053927421569824	0.0	-1.0	-1.0	inf	-1.0	0.0	-1.0	-1.0	inf	-1.0
55	1	1	0	0.0	4.0	0.0	4.556265354156494	inf	inf	1.5	-1.0	-1.0	inf	inf	8.281622886657715	-1.0	-1.0
56	1	1	1	0.0	4.0	0.0	4.556265354156494	-1.0	inf	-1.0	-1.0	-1.0	-1.0	inf	-1.0	-1.0	-1.0
57	1	1	2	0.0	4.0	0.0	4.556265354156494	3.5	4.5	4.5	11.0	4.0	2.8252336978912354	2.8318378925323486	4.7014031410217285	4.697100639343262	2.895512819290161
58	1	1	3	0.0	4.0	0.0	4.556265354156494	-1.0	-1.0	-1.0	6.0	6.5	-1.0	-1.0	-1.0	11.381434440612793	4.070345878601074
59	1	1	4	0.0	4.0	0.0	4.556265354156494	-1.0	-1.0	-1.0	-1.0	-1.0	-1.0	-1.0	-1.0	-1.0	-1.0
60	1	2	0	0.0	4.0	0.0	4.556265354156494	inf	inf	-1.0	inf	-1.0	inf	inf	-1.0	inf	-1.0
61	1	2	1	0.0	4.0	0.0	4.556265354156494	inf	-1.0	36.0	-1.0	-1.0	inf	-1.0	5.2988104820251465	-1.0	-1.0
62	1	2	2	0.0	4.0	0.0	4.556265354156494	inf	inf	inf	11.5	inf	inf	inf	inf	16.886259078979492	inf
63	1	2	3	0.0	4.0	0.0	4.556265354156494	10.0	inf	5.0	inf	-1.0	4.95358419418335	inf	9.978856086730957	inf	-1.0
64	1	2	4	0.0	4.0	0.0	4.556265354156494	-1.0	-1.0	-1.0	-1.0	51.0	-1.0	-1.0	-1.0	-1.0	49.550453186035156
65	1	3	0	0.0	4.0	0.0	4.556265354156494	inf	-1.0	-1.0	-1.0	-1.0	inf	-1.0	-1.0	-1.0	-1.0
66	1	3	1	0.0	4.0	0.0	4.556265354156494	-1.0	-1.0	-1.0	-1.0	-1.0	-1.0	-1.0	-1.0	-1.0	-1.0
67	1	3	2	0.0	4.0	0.0	4.556265354156494	inf	inf	inf	inf	13.5	inf	inf	inf	inf	17.913145065307617
68	1	3	3	0.0	4.0	0.0	4.556265354156494	9.0	19.5	22.5	-1.0	-1.0	18.40899085998535	21.772924423217773	13.313944816589355	-1.0	-1.0
69	1	3	4	0.0	4.0	0.0	4.556265354156494	-1.0	23.0	inf	2.5	-1.0	-1.0	20.421024322509766	inf	3.8743059635162354	-1.0
70	1	4	0	0.0	2.5	0.0	3.8743059635162354	-1.0	-1.0	inf	inf	-1.0	-1.0	-1.0	inf	inf	-1.0
71	1	4	1	0.0	2.5	0.0	3.8743059635162354	-1.0	-1.0	51.0	-1.0	inf	-1.0	-1.0	49.550453186035156	-1.0	inf
72	1	4	2	0.0	2.5	0.0	3.8743059635162354	inf	27.5	23.5	inf	inf	inf	20.41334342956543	11.664480209350586	inf	inf
73	1	4	3	0.0	2.5	0.0	3.8743059635162354	-1.0	9.0	13.0	-1.0	inf	-1.0	13.862451553344727	26.63454818725586	-1.0	inf
74	1	4	4	0.0	2.5	0.0	3.8743059635162354	-1.0	inf	inf	inf	inf	-1.0	inf	inf	inf	inf
75	1	5	0	0.0	2.5	0.0	3.8743059635162354	inf	12.0	inf	inf	-1.0	inf	8.972702980041504	inf	inf	-1.0
76	1	5	1	0.0	2.5	0.0	3.8743059635162354	inf	inf	inf	inf	inf	inf	inf	inf	inf	inf
77	1	5	2	0.0	2.5	0.0	3.8743059635162354	inf	12.5	inf	inf	inf	inf	9.084773063659668	inf	inf	inf
78	1	5	3	0.0	2.5	0.0	3.8743059635162354	-1.0	inf	-1.0	4.0	inf	-1.0	inf	-1.0	9.714299201965332	inf
79	1	5	4	0.0	2.5	0.0	3.8743059635162354	-1.0	-1.0	-1.0	inf	inf	-1.0	-1.0	-1.0	inf	inf
80	1	6	0	0.0	4.0	0.0	4.556265354156494	-1.0	inf	inf	-1.0	-1.0	-1.0	inf	inf	-1.0	-1.0
81	1	6	1	0.0	4.0	0.0	4.556265354156494	inf	-1.0	inf	inf	38.0	inf	-1.0	inf	inf	5.405735969543457
82	1	6	2	0.0	4.0	0.0	4.556265354156494	16.5	13.0	-1.0	-1.0	-1.0	24.255756378173828	26.63454818725586	-1.0	-1.0	-1.0
83	1	6	3	0.0	4.0	0.0	4.556265354156494	-1.0	inf	-1.0	-1.0	-1.0	-1.0	inf	-1.0	-1.0	-1.0
84	1	6	4	0.0	4.0	0.0	4.556265354156494	-1.0	inf	-1.0	inf	13.0	-1.0	inf	-1.0	inf	26.63454818725586
85	1	7	0	0.0	4.0	0.0	4.556265354156494	inf	inf	-1.0	-1.0	-1.0	inf	inf	-1.0	-1.0	-1.0
86	1	7	1	0.0	4.0	0.0	4.556265354156494	-1.0	-1.0	inf	inf	inf	-1.0	-1.0	inf	inf	inf
87	1	7	2	0.0	4.0	0.0	4.556265354156494	3.5	inf	11.0	100.0	-1.0	3.4951815605163574	inf	6.217336654663086	164.8814697265625	-1.0
88	1	7	3	0.0	4.0	0.0	4.556265354156494	31.0	17.0	-1.0	21.0	-1.0	27.003835678100586	20.823354721069336	-1.0	23.176008224487305	-1.0
89	1	7	4	0.0	4.0	0.0	4.556265354156494	inf	3.0	1.5	5.5	30.5	inf	2.762059450149536	8.281622886657715	9.540090560913086	18.330347061157227
90	1	8	0	0.0	1.5	0.0	8.281622886657715	inf	inf	inf	-1.0	150.5	inf	inf	inf	-1.0	22.77466583251953
91	1	8	1	0.0	1.5	0.0	8.281622886657715	-1.0	inf	-1.0	inf	-1.0	-1.0	inf	-1.0	inf	-1.0
92	1	8	2	0.0	1.5	0.0	8.281622886657715	-1.0	-1.0	-1.0	4.5	95.5	-1.0	-1.0	-1.0	4.329038143157959	37.31800079345703
93	1	8	3	0.0	1.5	0.0	8.281622886657715	inf	inf	inf	21.5	29.5	inf	inf	inf	15.712675094604492	19.19025230407715
94	1	8	4	0.0	1.5	0.0	8.281622886657715	-1.0	inf	-1.0	-1.0	-1.0	-1.0	inf	-1.0	-1.0	-1.0
95	1	9	0	1.5	0.0	8.281622886657715	0.0	inf	-1.0	inf	inf	-1.0	inf	-1.0	inf	inf	-1.0
96	1	9	1	1.5	0.0	8.281622886657715	0.0	inf	-1.0	inf	-1.0	inf	inf	-1.0	inf	-1.0	inf
97	1	9	2	1.5	0.0	8.281622886657715	0.0	3.5	3.5	-1.0	-1.0	3.5	2.539592981338501	2.624602794647217	-1.0	-1.0	2.525181770324707
98	1	9	3	1.5	0.0	8.281622886657715	0.0	inf	4.5	6.0	inf	inf	inf	3.610828399658203	7.696969032287598	inf	inf
99	1	9	4	1.5	0.0	8.281622886657715	0.0	-1.0	inf	-1.0	-1.0	inf	-1.0	inf	-1.0	-1.0	inf
100	2	0	0	2.5	2.5	3.8743059635162354	3.8743059635162354	43.0	-1.0	inf	-1.0	inf	19.35723304748535	-1.0	inf	-1.0	inf
101	2	0	1	2.5	2.5	3.8743059635162354	3.8743059635162354	1.5	-1.0	2.5	-1.0	-1.0	8.281622886657715	-1.0	9.086063385009766	-1.0	-1.0
102	2	0	2	2.5	2.5	3.8743059635162354	3.8743059635162354	-1.0	28.0	0.0	13.5	2.5	-1.0	26.786596298217773	0.0	14.975621223449707	3.8743059635162354
103	2	0	3	2.5	2.5	3.8743059635162354	3.8743059635162354	-1.0	-1.0	32.5	0.0	39.0	-1.0	-1.0	20.748737335205078	0.0	27.658523559570312
104	2	0	4	2.5	2.5	3.8743059635162354	3.8743059635162354	inf	7.0	7.0	inf	-1.0	inf	7.304493427276611	7.862695217132568	inf	-1.0
105	2	1	0	2.5	2.5	3.8743059635162354	3.8743059635162354	inf	inf	inf	-1.0	-1.0	inf	inf	inf	-1.0	-1.0
106	2	1	1	2.5	2.5	3.8743059635162354	3.8743059635162354	-1.0	-1.0	27.0	inf	4.0	-1.0	-1.0	13.83385944366455	inf	9.714298248291016
107	2	1	2	2.5	2.5	3.8743059635162354	3.8743059635162354	-1.0	-1.0	-1.0	-1.0	inf	-1.0	-1.0	-1.0	-1.0	inf
108	2	1	3	2.5	2.5	3.8743059635162354	3.8743059635162354	-1.0	29.5	27.0	-1.0	-1.0	-1.0	18.413166046142578	13.83385944366455	-1.0	-1.0
109	2	1	4	2.5	2.5	3.8743059635162354	3.8743059635162354	-1.0	5.0	-1.0	-1.0	-1.0	-1.0	9.974443435668945	-1.0	-1.0	-1.0
110	2	2	0	2.5	2.5	3.8743059635162354	3.8743059635162354	inf	inf	2.5	-1.0	-1.0	inf	inf	3.8743059635162354	-1.0	-1.0
111	2	2	1	2.5	2.5	3.8743059635162354	3.8743059635162354	29.0	-1.0	inf	inf	inf	13.862761497497559	-1.0	inf	inf	inf
112	2	2	2	2.5	2.5	3.8743059635162354	3.8743059635162354	-1.0	inf	inf	inf	inf	-1.0	inf	inf	inf	inf
113	2	2	3	2.5	2.5	3.8743059635162354	3.8743059635162354	-1.0	-1.0	-1.0	-1.0	-1.0	-1.0	-1.0	-1.0	-1.0	-1.0
114	2	2	4	2.5	2.5	3.8743059635162354	3.8743059635162354	4.0	4.0	5.0	-1.0	20.0	6.904685020446777	9.714298248291016	8.78559398651123	-1.0	29.797157287597656
115	2	3	0	5.0	2.5	9.974443435668945	3.8743059635162354	inf	inf	inf	-1.0	-1.0	inf	inf	inf	-1.0	-1.0
116	2	3	1	5.0	2.5	9.974443435668945	3.8743059635162354	-1.0	-1.0	12.5	-1.0	-1.0	-1.0	-1.0	13.096551895141602	-1.0	-1.0
117	2	3	2	5.0	2.5	9.974443435668945	3.8743059635162354	4.0	-1.0	-1.0	-1.0	inf	9.714298248291016	-1.0	-1.0	-1.0	inf
118	2	3	3	5.0	2.5	9.974443435668945	3.8743059635162354	-1.0	inf	-1.0	inf	-1.0	-1.0	inf	-1.0	inf	-1.0
119	2	3	4	5.0	2.5	9.974443435668945	3.8743059635162354	-1.0	-1.0	-1.0	inf	-1.0	-1.0	-1.0	-1.0	inf	-1.0
120	2	4	0	5.0	2.5	8.78559398651123	3.8743059635162354	inf	-1.0	-1.0	-1.0	-1.0	inf	-1.0	-1.0	-1.0	-1.0
121	2	4	1	5.0	2.5	8.78559398651123	3.8743059635162354	-1.0	-1.0	-1.0	-1.0	-1.0	-1.0	-1.0	-1.0	-1.0	-1.0
122	2	4	2	5.0	2.5	8.78559398651123	3.8743059635162354	-1.0	-1.0	-1.0	-1.0	-1.0	-1.0	-1.0	-1.0	-1.0	-1.0
123	2	4	3	5.0	2.5	8.78559398651123	3.8743059635162354	-1.0	-1.0	2.5	inf	-1.0	-1.0	-1.0	3.8743059635162354	inf	-1.0
124	2	4	4	5.0	2.5	8.78559398651123	3.8743059635162354	inf	-1.0	inf	inf	inf	inf	-1.0	inf	inf	inf
125	2	5	0	2.5	2.5	3.8743059635162354	3.8743059635162354	inf	inf	4.0	-1.0	inf	inf	inf	9.714298248291016	-1.0	inf
126	2	5	1	2.5	2.5	3.8743059635162354	3.8743059635162354	-1.0	-1.0	2.5	2.5	11.5	-1.0	-1.0	3.8743059635162354	9.156329154968262	6.215996265411377
127	2	5	2	2.5	2.5	3.8743059635162354	3.8743059635162354	-1.0	-1.0	-1.0	-1.0	-1.0	-1.0	-1.0	-1.0	-1.0	-1.0
128	2	5	3	2.5	2.5	3.8743059635162354	3.8743059635162354	-1.0	inf	1.0	inf	inf	-1.0	inf	6.605819225311279	inf	inf
129	2	5	4	2.5	2.5	3.8743059635162354	3.8743059635162354	inf	inf	inf	inf	inf	inf	inf	inf	inf	inf
130	2	6	0	2.5	5.0	3.8743059635162354	9.974443435668945	-1.0	inf	inf	inf	-1.0	-1.0	inf	inf	inf	-1.0
131	2	6	1	2.5	5.0	3.8743059635162354	9.974443435668945	-1.0	8.0	-1.0	9.5	-1.0	-1.0	7.123802661895752	-1.0	6.476906776428223	-1.0
132	2	6	2	2.5	5.0	3.8743059635162354	9.974443435668945	-1.0	-1.0	inf	12.5	-1.0	-1.0	-1.0	inf	6.99594259262085	-1.0
133	2	6	3	2.5	5.0	3.8743059635162354	9.974443435668945	-1.0	inf	-1.0	-1.0	-1.0	-1.0	inf	-1.0	-1.0	-1.0
134	2	6	4	2.5	5.0	3.8743059635162354	9.974443435668945	inf	inf	inf	inf	inf	inf	inf	inf	inf	inf
135	2	7	0	2.5	2.5	3.8743059635162354	3.8743059635162354	inf	inf	inf	-1.0	inf	inf	inf	inf	-1.0	inf
136	2	7	1	2.5	2.5	3.8743059635162354	3.8743059635162354	-1.0	-1.0	-1.0	inf	17.5	-1.0	-1.0	-1.0	inf	7.916667461395264
137	2	7	2	2.5	2.5	3.8743059635162354	3.8743059635162354	30.5	inf	inf	inf	-1.0	23.078405380249023	inf	inf	inf	-1.0
138	2	7	3	2.5	2.5	3.8743059635162354	3.8743059635162354	-1.0	-1.0	-1.0	-1.0	0.5	-1.0	-1.0	-1.0	-1.0	3.425549030303955
139	2	7	4	2.5	2.5	3.8743059635162354	3.8743059635162354	-1.0	21.0	-1.0	-1.0	inf	-1.0	22.01386070251465	-1.0	-1.0	inf
140	2	8	0	2.5	2.5	3.8743059635162354	3.8743059635162354	inf	inf	inf	inf	-1.0	inf	inf	inf	inf	-1.0
141	2	8	1	2.5	2.5	3.8743059635162354	3.8743059635162354	-1.0	-1.0	-1.0	-1.0	28.0	-1.0	-1.0	-1.0	-1.0	26.786596298217773
142	2	8	2	2.5	2.5	3.8743059635162354	3.8743059635162354	-1.0	inf	-1.0	-1.0	-1.0	-1.0	inf	-1.0	-1.0	-1.0
143	2	8	3	2.5	2.5	3.8743059635162354	3.8743059635162354	-1.0	-1.0	-1.0	-1.0	-1.0	-1.0	-1.0	-1.0	-1.0	-1.0
144	2	8	4	2.5	2.5	3.8743059635162354	3.8743059635162354	7.5	inf	inf	-1.0	inf	9.591413497924805	inf	inf	-1.0	inf
145	2	9	0	2.5	5.0	3.8743059635162354	9.974443435668945	inf	inf	inf	inf	-1.0	inf	inf	inf	inf	-1.0
146	2	9	1	2.5	5.0	3.8743059635162354	9.974443435668945	-1.0	-1.0	-1.0	-1.0	-1.0	-1.0	-1.0	-1.0	-1.0	-1.0
147	2	9	2	2.5	5.0	3.8743059635162354	9.974443435668945	-1.0	inf	-1.0	-1.0	-1.0	-1.0	inf	-1.0	-1.0	-1.0
148	2	9	3	2.5	5.0	3.8743059635162354	9.974443435668945	inf	-1.0	inf	-1.0	-1.0	inf	-1.0	inf	-1.0	-1.0
149	2	9	4	2.5	5.0	3.8743059635162354	9.974443435668945	-1.0	inf	-1.0	-1.0	-1.0	-1.0	inf	-1.0	-1.0	-1.0
