	reset_island_iter	improve_iter	island	program_1_hamming_score	program_2_hamming_score	program_1_neural_score	program_2_neural_score	output_program_1_hamming_score	output_program_2_hamming_score	output_program_3_hamming_score	output_program_4_hamming_score	output_program_5_hamming_score	output_program_1_neural_score	output_program_2_neural_score	output_program_3_neural_score	output_program_4_neural_score	output_program_5_neural_score
0	0	0	0	70.0	26.25	11.517065048217773	11.697286605834961	5.5	-1.0	inf	inf	-1.0	3.1349263191223145	-1.0	inf	inf	-1.0
1	0	0	1	70.0	26.25	11.517065048217773	11.697286605834961	15.25	14.5	inf	inf	14.75	30.670303344726562	23.638347625732422	inf	inf	23.77243995666504
2	0	0	2	70.0	26.25	11.517065048217773	11.697286605834961	23.75	23.5	15.75	15.5	14.0	5.107283115386963	4.92185640335083	44.427001953125	42.942901611328125	42.522621154785156
3	0	0	3	70.0	26.25	11.517065048217773	11.697286605834961	inf					inf				
4	0	0	4	70.0	26.25	11.517065048217773	11.697286605834961	15.25	inf	-1.0	-1.0	inf	28.914501190185547	inf	-1.0	-1.0	inf
5	0	1	0	70.0	26.25	11.517065048217773	11.697286605834961	inf	-1.0	-1.0	inf	16.75	inf	-1.0	-1.0	inf	33.03290939331055
6	0	1	1	70.0	26.25	11.517065048217773	11.697286605834961	inf	inf	inf	inf	inf	inf	inf	inf	inf	inf
7	0	1	2	70.0	26.25	11.517065048217773	11.697286605834961	15.75	-1.0	-1.0	-1.0	inf	42.591312408447266	-1.0	-1.0	-1.0	inf
8	0	1	3	70.0	26.25	11.517065048217773	11.697286605834961	inf	inf	inf	inf	inf	inf	inf	inf	inf	inf
9	0	1	4	70.0	26.25	11.517065048217773	11.697286605834961	inf	inf	inf	inf	inf	inf	inf	inf	inf	inf
10	0	2	0	70.0	26.25	11.517065048217773	11.697286605834961	inf	-1.0	16.0	-1.0	-1.0	inf	-1.0	30.416723251342773	-1.0	-1.0
11	0	2	1	70.0	26.25	11.517065048217773	11.697286605834961	inf	inf	inf	16.5	-1.0	inf	inf	inf	29.001731872558594	-1.0
12	0	2	2	70.0	26.25	11.517065048217773	11.697286605834961	13.25	11.75	-1.0	-1.0	10.0	33.82686233520508	3.738319158554077	-1.0	-1.0	3.4805009365081787
13	0	2	3	70.0	26.25	11.517065048217773	11.697286605834961	inf	inf	16.0	inf	-1.0	inf	inf	39.56426239013672	inf	-1.0
14	0	2	4	70.0	26.25	11.517065048217773	11.697286605834961	inf	inf	inf	inf	inf	inf	inf	inf	inf	inf
15	0	3	0	70.0	26.25	11.517065048217773	11.697286605834961	inf	4.5	inf	-1.0	inf	inf	3.5153942108154297	inf	-1.0	inf
16	0	3	1	70.0	26.25	11.517065048217773	11.697286605834961	inf	inf	inf	inf	inf	inf	inf	inf	inf	inf
17	0	3	2	70.0	26.25	11.517065048217773	11.697286605834961	9.0	11.75	-1.0	-1.0	inf	12.189241409301758	2.8226258754730225	-1.0	-1.0	inf
18	0	3	3	70.0	26.25	11.517065048217773	11.697286605834961	inf	inf	inf	inf	inf	inf	inf	inf	inf	inf
19	0	3	4	70.0	26.25	11.517065048217773	11.697286605834961	14.0	15.75	-1.0	-1.0	-1.0	42.522621154785156	34.94035720825195	-1.0	-1.0	-1.0
20	0	4	0	26.25	70.0	11.697286605834961	11.517065048217773	15.25	inf	-1.0	4.0	-1.0	41.017086029052734	inf	-1.0	4.113917827606201	-1.0
21	0	4	1	26.25	70.0	11.697286605834961	11.517065048217773	inf	inf	inf	inf	13.75	inf	inf	inf	inf	27.150348663330078
22	0	4	2	26.25	70.0	11.697286605834961	11.517065048217773	-1.0	-1.0	inf	10.0	-1.0	-1.0	-1.0	inf	3.0434868335723877	-1.0
23	0	4	3	26.25	70.0	11.697286605834961	11.517065048217773	inf	inf	inf	inf	inf	inf	inf	inf	inf	inf
24	0	4	4	26.25	70.0	11.697286605834961	11.517065048217773	-1.0	-1.0	-1.0	-1.0	-1.0	-1.0	-1.0	-1.0	-1.0	-1.0
25	0	5	0	26.25	70.0	11.697286605834961	11.517065048217773	inf	inf	inf	inf	14.0	inf	inf	inf	inf	40.728214263916016
26	0	5	1	26.25	70.0	11.697286605834961	11.517065048217773	inf	inf	inf	inf	inf	inf	inf	inf	inf	inf
27	0	5	2	26.25	70.0	11.697286605834961	11.517065048217773	inf	-1.0	-1.0	inf	-1.0	inf	-1.0	-1.0	inf	-1.0
28	0	5	3	26.25	70.0	11.697286605834961	11.517065048217773	inf	inf	inf	16.75	-1.0	inf	inf	inf	39.703067779541016	-1.0
29	0	5	4	26.25	70.0	11.697286605834961	11.517065048217773	21.75	-1.0	-1.0	inf	20.0	12.012027740478516	-1.0	-1.0	inf	12.204254150390625
30	0	6	0	70.0	21.75	11.517065048217773	12.012027740478516	inf	inf	inf	inf	4.0	inf	inf	inf	inf	4.082465171813965
31	0	6	1	70.0	21.75	11.517065048217773	12.012027740478516	inf	inf	inf	15.0	inf	inf	inf	inf	27.82876968383789	inf
32	0	6	2	70.0	21.75	11.517065048217773	12.012027740478516	inf	inf	-1.0	inf	-1.0	inf	inf	-1.0	inf	-1.0
33	0	6	3	70.0	21.75	11.517065048217773	12.012027740478516	17.0	-1.0	inf	inf	16.75	27.22989845275879	-1.0	inf	inf	32.098106384277344
34	0	6	4	70.0	21.75	11.517065048217773	12.012027740478516	inf	inf	21.75	18.25	-1.0	inf	inf	8.342341423034668	22.741737365722656	-1.0
35	0	7	0	21.75	26.25	8.342341423034668	11.697286605834961	inf	inf	inf	inf	inf	inf	inf	inf	inf	inf
36	0	7	1	21.75	26.25	8.342341423034668	11.697286605834961	inf	inf	inf	inf	inf	inf	inf	inf	inf	inf
37	0	7	2	21.75	26.25	8.342341423034668	11.697286605834961	-1.0	inf	-1.0	inf	inf	-1.0	inf	-1.0	inf	inf
38	0	7	3	21.75	26.25	8.342341423034668	11.697286605834961	inf	-1.0	inf	inf	-1.0	inf	-1.0	inf	inf	-1.0
39	0	7	4	21.75	26.25	8.342341423034668	11.697286605834961	inf	21.5	18.0	inf	20.0	inf	9.954769134521484	31.601285934448242	inf	11.062845230102539
40	0	8	0	21.75	21.5	8.342341423034668	9.954769134521484	inf	inf	inf	inf	inf	inf	inf	inf	inf	inf
41	0	8	1	21.75	21.5	8.342341423034668	9.954769134521484	inf	inf	inf	inf	inf	inf	inf	inf	inf	inf
42	0	8	2	21.75	21.5	8.342341423034668	9.954769134521484	inf	inf	-1.0	-1.0	inf	inf	inf	-1.0	-1.0	inf
43	0	8	3	21.75	21.5	8.342341423034668	9.954769134521484	-1.0	inf	inf	-1.0	inf	-1.0	inf	inf	-1.0	inf
44	0	8	4	21.75	21.5	8.342341423034668	9.954769134521484	18.0	22.25	-1.0	14.25	22.5	30.994476318359375	8.37221622467041	-1.0	42.665748596191406	5.829662322998047
45	0	9	0	22.5	21.75	5.829662322998047	8.342341423034668	inf	inf	-1.0	inf	inf	inf	inf	-1.0	inf	inf
46	0	9	1	22.5	21.75	5.829662322998047	8.342341423034668	inf	inf	inf	inf	inf	inf	inf	inf	inf	inf
47	0	9	2	22.5	21.75	5.829662322998047	8.342341423034668	-1.0	inf	-1.0	inf	-1.0	-1.0	inf	-1.0	inf	-1.0
48	0	9	3	22.5	21.75	5.829662322998047	8.342341423034668	inf	inf	inf	inf	-1.0	inf	inf	inf	inf	-1.0
49	0	9	4	22.5	21.75	5.829662322998047	8.342341423034668	11.75	-1.0	inf	-1.0	inf	4.401478290557861	-1.0	inf	-1.0	inf
50	1	0	0	23.5	11.75	4.92185640335083	4.401478290557861	inf	inf	inf	inf	inf	inf	inf	inf	inf	inf
51	1	0	1	23.5	11.75	4.92185640335083	4.401478290557861	-1.0	5.5	4.5	14.5	15.0	-1.0	3.2459616661071777	3.118288993835449	35.343074798583984	34.96287536621094
52	1	0	2	23.5	11.75	4.92185640335083	4.401478290557861	4.0	-1.0	-1.0	-1.0	-1.0	4.113917827606201	-1.0	-1.0	-1.0	-1.0
53	1	0	3	23.5	11.75	4.92185640335083	4.401478290557861	-1.0	-1.0	4.5	-1.0	-1.0	-1.0	-1.0	4.003268718719482	-1.0	-1.0
54	1	0	4	23.5	11.75	4.92185640335083	4.401478290557861	inf	11.75	inf	inf	inf	inf	6.620131015777588	inf	inf	inf
55	1	1	0	11.75	23.5	4.401478290557861	4.92185640335083	inf	inf	inf	inf	inf	inf	inf	inf	inf	inf
56	1	1	1	11.75	23.5	4.401478290557861	4.92185640335083	-1.0	0.0				-1.0	0.0			
