	reset_island_iter	improve_iter	island	program_1_score	program_2_score	output_program_1_score	output_program_2_score	output_program_3_score	output_program_4_score	output_program_5_score
0	0	0	0	11.422934532165527	11.42353630065918	inf	43.47442626953125	13.294390678405762	16.783340454101562	50.54658889770508
1	0	0	1	11.422934532165527	11.42353630065918	41.61748123168945	26.3116397857666	39.37572479248047	25.673503875732422	-1.0
2	0	0	2	11.422934532165527	11.42353630065918	inf	inf	inf	inf	inf
3	0	0	3	11.422934532165527	11.42353630065918	inf	inf			
4	0	0	4	11.422934532165527	11.42353630065918	14.191591262817383	39.37572479248047	-1.0	12.065796852111816	32.08424377441406
5	0	1	0	11.42353630065918	11.422934532165527	inf	inf	inf	inf	inf
6	0	1	1	11.42353630065918	11.422934532165527	21.09820556640625	21.477991104125977	21.430179595947266	inf	-1.0
7	0	1	2	11.42353630065918	11.422934532165527	inf	inf	inf	31.119171142578125	inf
8	0	1	3	11.42353630065918	11.422934532165527	inf	41.42613983154297	inf	inf	41.87717819213867
9	0	1	4	11.42353630065918	11.422934532165527	inf	-1.0	inf	inf	inf
10	0	2	0	11.42353630065918	12.065796852111816	inf	inf	inf	inf	52.397247314453125
11	0	2	1	11.42353630065918	12.065796852111816	42.026466369628906	inf	16.01754379272461	15.683053016662598	13.976378440856934
12	0	2	2	11.42353630065918	12.065796852111816	inf	inf	21.088111877441406	inf	28.882156372070312
13	0	2	3	11.42353630065918	12.065796852111816	14.903042793273926	21.430179595947266	22.814130783081055	15.683053016662598	21.440563201904297
14	0	2	4	11.42353630065918	12.065796852111816	inf	inf	21.50130844116211	41.4640007019043	inf
15	0	3	0	11.422934532165527	11.42353630065918	37.09246826171875	-1.0	inf	inf	inf
16	0	3	1	11.422934532165527	11.42353630065918	inf	52.397247314453125	-1.0	-1.0	-1.0
17	0	3	2	11.422934532165527	11.42353630065918	inf	inf	inf	inf	inf
18	0	3	3	11.422934532165527	11.42353630065918	17.312049865722656	12.219608306884766	-1.0	-1.0	12.065796852111816
19	0	3	4	11.422934532165527	11.42353630065918	inf	21.430179595947266	inf	12.984029769897461	18.396617889404297
20	0	4	0	11.42353630065918	11.422934532165527	-1.0	27.372127532958984	24.403051376342773	44.096961975097656	-1.0
21	0	4	1	11.42353630065918	11.422934532165527	-1.0	inf	inf	13.204129219055176	46.45832443237305
22	0	4	2	11.42353630065918	11.422934532165527	inf	inf	inf	inf	inf
23	0	4	3	11.42353630065918	11.422934532165527	31.379087448120117	24.39828872680664	-1.0	13.149295806884766	52.397247314453125
24	0	4	4	11.42353630065918	11.422934532165527	inf	-1.0	17.716426849365234	50.39456558227539	39.63936996459961
25	0	5	0	11.422934532165527	12.065796852111816	inf	41.61748123168945	-1.0	inf	-1.0
26	0	5	1	11.422934532165527	12.065796852111816	-1.0	inf	inf	-1.0	inf
27	0	5	2	11.422934532165527	12.065796852111816	inf	inf	16.170625686645508	inf	12.984029769897461
28	0	5	3	11.422934532165527	12.065796852111816	12.660788536071777	inf	-1.0	17.992464065551758	24.48666763305664
29	0	5	4	11.422934532165527	12.065796852111816	inf	-1.0	-1.0	21.088111877441406	18.041582107543945
30	0	6	0	11.42353630065918	12.984029769897461	inf	21.09820556640625	21.430179595947266	21.50130844116211	-1.0
31	0	6	1	11.42353630065918	12.984029769897461	31.49962043762207	inf	inf	12.984029769897461	inf
32	0	6	2	11.42353630065918	12.984029769897461	inf	34.08677291870117	inf	32.03079605102539	inf
33	0	6	3	11.42353630065918	12.984029769897461	10.228750228881836	16.783340454101562	-1.0	27.095443725585938	-1.0
34	0	6	4	11.42353630065918	12.984029769897461	inf	18.222848892211914	17.693391799926758	41.61748123168945	inf
35	0	7	0	11.42353630065918	11.422934532165527	-1.0	-1.0	12.966842651367188	15.268439292907715	-1.0
36	0	7	1	11.42353630065918	11.422934532165527	21.088111877441406	inf	-1.0	inf	12.065796852111816
37	0	7	2	11.42353630065918	11.422934532165527	inf	inf	inf	inf	22.88913917541504
38	0	7	3	11.42353630065918	11.422934532165527	-1.0	inf	-1.0	11.820123672485352	inf
39	0	7	4	11.42353630065918	11.422934532165527	inf	inf	13.149295806884766	24.564109802246094	45.46378707885742
40	0	8	0	11.422934532165527	11.42353630065918	inf	-1.0	inf	21.868928909301758	-1.0
41	0	8	1	11.422934532165527	11.42353630065918	-1.0	11.546777725219727	15.851666450500488	45.14043426513672	26.591108322143555
42	0	8	2	11.422934532165527	11.42353630065918	inf	inf	inf	inf	inf
43	0	8	3	11.422934532165527	11.42353630065918	31.94630241394043	inf	37.472320556640625	-1.0	inf
44	0	8	4	11.422934532165527	11.42353630065918	inf	17.7264461517334	inf	-1.0	66.44493103027344
45	0	9	0	11.42353630065918	12.984029769897461	inf	31.379087448120117	inf	31.49962043762207	inf
46	0	9	1	11.42353630065918	12.984029769897461	-1.0	inf	13.149295806884766	18.041582107543945	12.916902542114258
47	0	9	2	11.42353630065918	12.984029769897461	inf	38.937522888183594	inf	inf	inf
48	0	9	3	11.42353630065918	12.984029769897461	-1.0	21.50130844116211	inf	-1.0	inf
49	0	9	4	11.42353630065918	12.984029769897461	inf	14.903042793273926	-1.0	-1.0	-1.0
50	1	0	0	11.422934532165527	11.396783828735352	-1.0	16.783340454101562	-1.0	13.267114639282227	14.05469799041748
51	1	0	1	11.422934532165527	11.396783828735352	21.09820556640625	18.041582107543945	13.149295806884766	17.278688430786133	29.02578353881836
52	1	0	2	11.422934532165527	11.396783828735352	15.219233512878418				
53	1	0	3	11.422934532165527	11.396783828735352	21.09820556640625	21.50130844116211	12.191571235656738	13.149295806884766	18.041582107543945
54	1	0	4	11.422934532165527	11.396783828735352	13.1917142868042	16.256431579589844	16.834125518798828	11.883070945739746	21.430179595947266
55	1	1	0	11.883070945739746	11.422934532165527	11.632015228271484	-1.0	14.445587158203125	-1.0	12.877157211303711
56	1	1	1	11.883070945739746	11.422934532165527	-1.0	52.397247314453125	-1.0	-1.0	12.796180725097656
57	1	1	2	11.883070945739746	11.422934532165527	inf	19.734861373901367	-1.0	-1.0	-1.0
58	1	1	3	11.883070945739746	11.422934532165527	11.382983207702637	14.971343040466309	-1.0	-1.0	19.289104461669922
59	1	1	4	11.883070945739746	11.422934532165527	31.94630241394043	inf	15.393885612487793	52.397247314453125	29.90327262878418
60	1	2	0	11.883070945739746	11.396783828735352	inf	12.405691146850586	19.878061294555664	8.972497940063477	24.721996307373047
61	1	2	1	11.883070945739746	11.396783828735352	-1.0	12.984029769897461	21.430179595947266	inf	inf
62	1	2	2	11.883070945739746	11.396783828735352	inf	inf	inf	inf	inf
63	1	2	3	11.883070945739746	11.396783828735352	-1.0	12.804115295410156	-1.0	12.474562644958496	-1.0
64	1	2	4	11.883070945739746	11.396783828735352	inf	inf	-1.0	12.984029769897461	inf
65	1	3	0	11.396783828735352	11.422934532165527	inf	10.064455032348633	14.270952224731445	-1.0	-1.0
66	1	3	1	11.396783828735352	11.422934532165527	-1.0	inf	13.976378440856934	16.01754379272461	66.44493103027344
67	1	3	2	11.396783828735352	11.422934532165527	inf	12.484477996826172	inf	18.409332275390625	16.975048065185547
68	1	3	3	11.396783828735352	11.422934532165527	11.6917085647583	inf	12.796180725097656	-1.0	inf
69	1	3	4	11.396783828735352	11.422934532165527	inf	-1.0	inf	inf	inf
70	1	4	0	13.1917142868042	11.396783828735352	13.149295806884766	29.33890724182129	18.041582107543945	inf	16.40903091430664
71	1	4	1	13.1917142868042	11.396783828735352	-1.0	-1.0	inf	inf	-1.0
72	1	4	2	13.1917142868042	11.396783828735352	inf	inf	11.840365409851074	inf	inf
73	1	4	3	13.1917142868042	11.396783828735352	inf	inf	inf	15.491249084472656	inf
74	1	4	4	13.1917142868042	11.396783828735352	inf	inf	inf	inf	inf
75	1	5	0	11.422934532165527	11.396783828735352	13.860638618469238	-1.0	15.5650053024292	6.729599475860596	-1.0
76	1	5	1	11.422934532165527	11.396783828735352	-1.0	21.50130844116211	inf	-1.0	inf
77	1	5	2	11.422934532165527	11.396783828735352	inf	12.93959903717041	inf	-1.0	inf
78	1	5	3	11.422934532165527	11.396783828735352	inf	29.351537704467773	13.541089057922363	-1.0	inf
79	1	5	4	11.422934532165527	11.396783828735352	inf	inf	inf	inf	inf
80	1	6	0	11.422934532165527	11.883070945739746	31.334218978881836	inf	29.53065299987793	-1.0	inf
81	1	6	1	11.422934532165527	11.883070945739746	12.515225410461426	38.569095611572266	inf	inf	-1.0
82	1	6	2	11.422934532165527	11.883070945739746	inf	12.474562644958496	inf	inf	-1.0
83	1	6	3	11.422934532165527	11.883070945739746	inf	inf	inf	inf	inf
84	1	6	4	11.422934532165527	11.883070945739746	inf	inf	inf	12.065796852111816	120.84098052978516
85	1	7	0	11.883070945739746	11.422934532165527	inf	-1.0	25.239933013916016	inf	17.184812545776367
86	1	7	1	11.883070945739746	11.422934532165527	inf	inf	inf	inf	inf
87	1	7	2	11.883070945739746	11.422934532165527	-1.0	inf	-1.0	inf	inf
88	1	7	3	11.883070945739746	11.422934532165527	36.858428955078125	-1.0	40.92723846435547	-1.0	-1.0
89	1	7	4	11.883070945739746	11.422934532165527	inf	inf	inf	inf	-1.0
90	1	8	0	13.1917142868042	11.883070945739746	52.397247314453125	inf			
91	1	8	1	13.1917142868042	11.883070945739746	inf	18.190168380737305	-1.0	inf	inf
92	1	8	2	13.1917142868042	11.883070945739746	-1.0	-1.0	inf	-1.0	inf
93	1	8	3	13.1917142868042	11.883070945739746	15.979022026062012	-1.0	12.065796852111816	-1.0	-1.0
94	1	8	4	13.1917142868042	11.883070945739746	inf	inf	inf	inf	inf
95	1	9	0	11.422934532165527	11.396783828735352	inf	14.278924942016602	14.1238374710083	-1.0	12.627521514892578
96	1	9	1	11.422934532165527	11.396783828735352	inf	18.509668350219727	inf	inf	20.306293487548828
97	1	9	2	11.422934532165527	11.396783828735352	inf	12.660788536071777	inf	-1.0	inf
98	1	9	3	11.422934532165527	11.396783828735352	52.397247314453125	-1.0	14.367688179016113	-1.0	21.430179595947266
99	1	9	4	11.422934532165527	11.396783828735352	-1.0	inf	inf	inf	inf
100	2	0	0	10.174251556396484	10.239686965942383	30.91230583190918	inf	24.936594009399414	inf	30.451738357543945
101	2	0	1	10.174251556396484	10.239686965942383	19.233837127685547	37.717857360839844	inf	26.49886131286621	24.62297248840332
102	2	0	2	10.174251556396484	10.239686965942383	10.79553508758545	inf	inf	11.90084457397461	inf
103	2	0	3	10.174251556396484	10.239686965942383	31.177082061767578	30.791980743408203	-1.0	53.16636657714844	15.453856468200684
104	2	0	4	10.174251556396484	10.239686965942383	-1.0	-1.0	18.788423538208008	24.922399520874023	52.397247314453125
105	2	1	0	10.239686965942383	10.174251556396484	28.840970993041992	inf	11.396783828735352	31.66278648376465	-1.0
106	2	1	1	10.239686965942383	10.174251556396484	inf	10.018521308898926	15.693246841430664	21.829917907714844	-1.0
107	2	1	2	10.239686965942383	10.174251556396484	14.493203163146973	-1.0	11.853999137878418	16.290523529052734	15.692923545837402
108	2	1	3	10.239686965942383	10.174251556396484	19.56684684753418	inf	20.71644401550293	17.92047882080078	-1.0
109	2	1	4	10.239686965942383	10.174251556396484	-1.0	inf	-1.0	20.48534393310547	-1.0
110	2	2	0	10.174251556396484	10.239686965942383	inf	20.882291793823242	16.09198760986328	-1.0	inf
111	2	2	1	10.174251556396484	10.239686965942383	14.856661796569824	16.569591522216797	inf	-1.0	15.375144958496094
112	2	2	2	10.174251556396484	10.239686965942383	36.479557037353516	43.52365493774414	18.6862850189209	52.397247314453125	-1.0
113	2	2	3	10.174251556396484	10.239686965942383	30.451738357543945	30.91230583190918	inf	-1.0	-1.0
114	2	2	4	10.174251556396484	10.239686965942383	13.211030960083008	13.625351905822754	-1.0	20.72254753112793	12.515541076660156
115	2	3	0	12.515541076660156	13.211030960083008	inf	30.3499698638916	-1.0	-1.0	-1.0
116	2	3	1	12.515541076660156	13.211030960083008	16.622520446777344	14.38966178894043	inf	inf	15.405057907104492
117	2	3	2	12.515541076660156	13.211030960083008	inf	inf	inf	inf	34.73283386230469
118	2	3	3	12.515541076660156	13.211030960083008	-1.0	-1.0	-1.0	-1.0	-1.0
119	2	3	4	12.515541076660156	13.211030960083008	17.92047882080078	14.734819412231445	30.6665096282959	inf	20.882291793823242
120	2	4	0	10.239686965942383	10.174251556396484	22.029245376586914	17.8818416595459	39.66564178466797	52.397247314453125	-1.0
121	2	4	1	10.239686965942383	10.174251556396484	9.814994812011719	inf	9.146434783935547	-1.0	-1.0
122	2	4	2	10.239686965942383	10.174251556396484	inf	inf	inf	inf	31.371326446533203
123	2	4	3	10.239686965942383	10.174251556396484	11.398448944091797	11.396783828735352	-1.0	32.67428970336914	11.799139976501465
124	2	4	4	10.239686965942383	10.174251556396484	inf	inf	inf	inf	inf
125	2	5	0	10.239686965942383	10.174251556396484	29.684314727783203	15.132702827453613	-1.0	15.656959533691406	-1.0
126	2	5	1	10.239686965942383	10.174251556396484	11.66186809539795	14.39239501953125	inf	15.127981185913086	-1.0
127	2	5	2	10.239686965942383	10.174251556396484	inf	inf	inf	inf	inf
128	2	5	3	10.239686965942383	10.174251556396484	-1.0	28.992029190063477	33.19167709350586	-1.0	19.58795166015625
129	2	5	4	10.239686965942383	10.174251556396484	inf	inf	inf	inf	inf
130	2	6	0	10.239686965942383	10.174251556396484	inf	-1.0	-1.0	-1.0	inf
131	2	6	1	10.239686965942383	10.174251556396484	16.64732551574707	inf	inf	-1.0	inf
132	2	6	2	10.239686965942383	10.174251556396484	20.88265609741211	27.48885154724121	inf	15.445985794067383	29.469812393188477
133	2	6	3	10.239686965942383	10.174251556396484	11.062426567077637	52.397247314453125	-1.0	-1.0	-1.0
134	2	6	4	10.239686965942383	10.174251556396484	inf	inf	inf	inf	inf
135	2	7	0	10.174251556396484	12.515541076660156	-1.0	inf	-1.0	inf	inf
136	2	7	1	10.174251556396484	12.515541076660156	inf	inf	13.212657928466797	inf	inf
137	2	7	2	10.174251556396484	12.515541076660156	inf	inf	inf	inf	14.556159973144531
138	2	7	3	10.174251556396484	12.515541076660156	32.44970703125	inf	44.30866622924805	42.918434143066406	inf
139	2	7	4	10.174251556396484	12.515541076660156	-1.0	inf	inf	33.19167709350586	12.395116806030273
140	2	8	0	10.174251556396484	10.239686965942383	-1.0	inf	12.2063627243042	-1.0	-1.0
141	2	8	1	10.174251556396484	10.239686965942383	inf	inf	inf	inf	inf
142	2	8	2	10.174251556396484	10.239686965942383	inf	23.754497528076172	13.40748405456543	27.541770935058594	35.216819763183594
143	2	8	3	10.174251556396484	10.239686965942383	40.56391906738281	inf	inf	45.7952880859375	inf
144	2	8	4	10.174251556396484	10.239686965942383	30.791980743408203	inf	31.283945083618164	inf	32.04917907714844
145	2	9	0	10.174251556396484	10.239686965942383	-1.0	inf	-1.0	31.177082061767578	-1.0
146	2	9	1	10.174251556396484	10.239686965942383	inf	21.60002899169922	-1.0	inf	inf
147	2	9	2	10.174251556396484	10.239686965942383	inf	11.361753463745117	inf	-1.0	-1.0
148	2	9	3	10.174251556396484	10.239686965942383	-1.0	-1.0	-1.0	-1.0	-1.0
149	2	9	4	10.174251556396484	10.239686965942383	-1.0	12.534622192382812	31.177082061767578	-1.0	24.03046989440918
150	3	0	0	9.814528465270996	9.814994812011719	12.145859718322754	inf	31.071548461914062	inf	inf
151	3	0	1	9.814528465270996	9.814994812011719	30.791980743408203	33.19167709350586	inf	-1.0	31.283945083618164
152	3	0	2	9.814528465270996	9.814994812011719	36.39197540283203	18.411203384399414	30.91230583190918	20.356521606445312	inf
153	3	0	3	9.814528465270996	9.814994812011719	inf	inf	inf	27.849308013916016	20.48534393310547
154	3	0	4	9.814528465270996	9.814994812011719	inf	inf	inf	inf	inf
155	3	1	0	9.814994812011719	9.814528465270996	23.335344314575195	17.8818416595459	inf	-1.0	inf
156	3	1	1	9.814994812011719	9.814528465270996	20.35405158996582	31.177082061767578	17.86199188232422	-1.0	49.23954772949219
157	3	1	2	9.814994812011719	9.814528465270996	inf	inf	inf	inf	inf
158	3	1	3	9.814994812011719	9.814528465270996	15.342547416687012	25.147815704345703	19.323408126831055	-1.0	52.397247314453125
159	3	1	4	9.814994812011719	9.814528465270996	35.362396240234375	inf	inf	30.851661682128906	-1.0
160	3	2	0	9.814528465270996	9.814994812011719	32.44970703125	39.75410461425781	-1.0	16.70917510986328	30.577213287353516
161	3	2	1	9.814528465270996	9.814994812011719	inf	10.931638717651367	inf	11.396783828735352	20.652191162109375
162	3	2	2	9.814528465270996	9.814994812011719	15.200953483581543	-1.0	inf	39.75802230834961	38.946659088134766
163	3	2	3	9.814528465270996	9.814994812011719	32.44970703125	-1.0	21.946115493774414	11.396783828735352	35.026649475097656
164	3	2	4	9.814528465270996	9.814994812011719	-1.0	inf	inf	31.283945083618164	inf
165	3	3	0	9.814528465270996	9.814994812011719	8.292220115661621	10.22902774810791	-1.0	-1.0	-1.0
166	3	3	1	9.814528465270996	9.814994812011719	30.451738357543945	20.8478946685791	inf	inf	117.84199523925781
167	3	3	2	9.814528465270996	9.814994812011719	22.767377853393555	inf	20.882291793823242	30.451738357543945	45.89919662475586
168	3	3	3	9.814528465270996	9.814994812011719	inf	inf	inf	19.53356170654297	inf
169	3	3	4	9.814528465270996	9.814994812011719	inf	inf	inf	inf	inf
170	3	4	0	9.814528465270996	9.814994812011719	16.266565322875977	18.381925582885742	10.320862770080566	12.583956718444824	10.53818130493164
171	3	4	1	9.814528465270996	9.814994812011719	-1.0				
172	3	4	2	9.814528465270996	9.814994812011719	21.639087677001953	17.8818416595459	15.490216255187988	12.441224098205566	24.922399520874023
173	3	4	3	9.814528465270996	9.814994812011719	inf	inf	inf	30.91230583190918	inf
174	3	4	4	9.814528465270996	9.814994812011719	inf	inf	inf	inf	inf
175	3	5	0	9.814528465270996	9.814994812011719	inf	18.5079402923584	inf	inf	11.046382904052734
176	3	5	1	9.814528465270996	9.814994812011719	24.670127868652344	23.641685485839844	19.65738868713379	-1.0	15.430428504943848
177	3	5	2	9.814528465270996	9.814994812011719	inf	16.09198760986328	-1.0	inf	inf
178	3	5	3	9.814528465270996	9.814994812011719	inf	inf	inf	30.451738357543945	inf
179	3	5	4	9.814528465270996	9.814994812011719	inf	inf	inf	inf	inf
180	3	6	0	9.814528465270996	9.814994812011719	inf	inf	inf	inf	inf
181	3	6	1	9.814528465270996	9.814994812011719	inf	19.564498901367188	inf	-1.0	inf
182	3	6	2	9.814528465270996	9.814994812011719	inf	inf	inf	inf	inf
183	3	6	3	9.814528465270996	9.814994812011719	inf	-1.0	inf	-1.0	-1.0
184	3	6	4	9.814528465270996	9.814994812011719	inf	inf	inf	inf	inf
185	3	7	0	9.814528465270996	9.814994812011719	inf	inf	20.782285690307617	inf	inf
186	3	7	1	9.814528465270996	9.814994812011719	24.477182388305664	inf	23.567842483520508	-1.0	inf
187	3	7	2	9.814528465270996	9.814994812011719	inf	inf	inf	inf	inf
188	3	7	3	9.814528465270996	9.814994812011719	inf	-1.0	-1.0	inf	inf
189	3	7	4	9.814528465270996	9.814994812011719	inf	inf	inf	inf	inf
190	3	8	0	9.814528465270996	9.814994812011719	inf	inf	inf	inf	30.513525009155273
191	3	8	1	9.814528465270996	9.814994812011719	inf	inf	23.10831069946289	inf	inf
192	3	8	2	9.814528465270996	9.814994812011719	inf	inf	inf	inf	inf
193	3	8	3	9.814528465270996	9.814994812011719	inf	-1.0	inf	inf	inf
194	3	8	4	9.814528465270996	9.814994812011719	inf	21.36602783203125	18.927268981933594	20.419029235839844	-1.0
195	3	9	0	9.814528465270996	9.814994812011719	inf	16.651376724243164	inf	inf	inf
196	3	9	1	9.814528465270996	9.814994812011719	18.336305618286133	20.090885162353516	17.24620819091797	inf	18.077945709228516
197	3	9	2	9.814528465270996	9.814994812011719	inf	inf	20.72254753112793	-1.0	20.48534393310547
198	3	9	3	9.814528465270996	9.814994812011719	inf	inf	-1.0	12.509439468383789	-1.0
199	3	9	4	9.814528465270996	9.814994812011719	inf	inf	inf	inf	inf
