	reset_island_iter	improve_iter	island	program_1_hamming_score	program_2_hamming_score	program_1_neural_score	program_2_neural_score	output_program_1_hamming_score	output_program_2_hamming_score	output_program_3_hamming_score	output_program_4_hamming_score	output_program_5_hamming_score	output_program_1_neural_score	output_program_2_neural_score	output_program_3_neural_score	output_program_4_neural_score	output_program_5_neural_score
0	0	0	0	0.015	0.01	135.7239227294922	153.66000366210938	inf	0.17	inf	0.17	inf	inf	11.140945434570312	inf	10.510979652404785	inf
1	0	0	1	0.015	0.01	135.7239227294922	153.66000366210938	0.215	-1.0	inf	-1.0	0.215	45.3721809387207	-1.0	inf	-1.0	65.43229675292969
2	0	0	2	0.015	0.01	135.7239227294922	153.66000366210938	0.225	0.225	0.225	0.225	0.225	10.665346145629883	9.310019493103027	10.13379192352295	70.18224334716797	36.518280029296875
3	0	0	3	0.015	0.01	135.7239227294922	153.66000366210938	0.18	-1.0	0.92	0.225	-1.0	11.269097328186035	-1.0	13.207547187805176	70.18224334716797	-1.0
4	0	0	4	0.015	0.01	135.7239227294922	153.66000366210938	0.18	-1.0	-1.0	inf	-1.0	11.269097328186035	-1.0	-1.0	inf	-1.0
5	0	1	0	0.015	0.01	135.7239227294922	153.66000366210938	-1.0	-1.0	-1.0	-1.0	-1.0	-1.0	-1.0	-1.0	-1.0	-1.0
6	0	1	1	0.015	0.01	135.7239227294922	153.66000366210938	0.27	-1.0	0.225	0.24	0.26	39.63002395629883	-1.0	70.18224334716797	43.266868591308594	37.494529724121094
7	0	1	2	0.015	0.01	135.7239227294922	153.66000366210938	0.225	inf	-1.0	-1.0	-1.0	32.06548309326172	inf	-1.0	-1.0	-1.0
8	0	1	3	0.015	0.01	135.7239227294922	153.66000366210938	0.225	-1.0	-1.0	-1.0	-1.0	9.310019493103027	-1.0	-1.0	-1.0	-1.0
9	0	1	4	0.015	0.01	135.7239227294922	153.66000366210938	0.9	0.92	0.225	inf	0.48	9.447168350219727	11.36567497253418	70.18224334716797	inf	16.82481575012207
10	0	2	0	0.015	0.01	135.7239227294922	153.66000366210938	inf	inf	inf	inf	inf	inf	inf	inf	inf	inf
11	0	2	1	0.015	0.01	135.7239227294922	153.66000366210938	0.25	0.475	0.34500000000000003			46.213199615478516	11.97208309173584	29.957996368408203		
12	0	2	2	0.015	0.01	135.7239227294922	153.66000366210938	0.225	-1.0	0.14500000000000002	-1.0	inf	8.969060897827148	-1.0	9.463387489318848	-1.0	inf
13	0	2	3	0.015	0.01	135.7239227294922	153.66000366210938	inf	0.235	0.23	inf	0.245	inf	51.10647201538086	66.89743041992188	inf	52.471466064453125
14	0	2	4	0.015	0.01	135.7239227294922	153.66000366210938	inf	0.19	inf	0.16999999999999998	-1.0	inf	11.14077377319336	inf	12.37792682647705	-1.0
15	0	3	0	0.9	0.225	9.447168350219727	70.18224334716797	inf	inf	inf	0.18	inf	inf	inf	inf	11.269097328186035	inf
16	0	3	1	0.9	0.225	9.447168350219727	70.18224334716797	0.245	inf	0.29500000000000004	0.25	inf	44.563655853271484	inf	42.70180892944336	43.154903411865234	inf
17	0	3	2	0.9	0.225	9.447168350219727	70.18224334716797	0.24	inf	inf	-1.0	-1.0	48.0156135559082	inf	inf	-1.0	-1.0
18	0	3	3	0.9	0.225	9.447168350219727	70.18224334716797	inf	-1.0	inf	0.235	-1.0	inf	-1.0	inf	63.26504135131836	-1.0
19	0	3	4	0.9	0.225	9.447168350219727	70.18224334716797	inf	0.14	0.92	0.9	-1.0	inf	10.39383602142334	60.79375076293945	70.1248779296875	-1.0
20	0	4	0	0.19	0.225	11.14077377319336	70.18224334716797	0.625	0.25	0.515	0.46499999999999997	0.875	21.804569244384766	11.931951522827148	16.603967666625977	14.904644966125488	10.524582862854004
21	0	4	1	0.19	0.225	11.14077377319336	70.18224334716797	inf	0.265	-1.0	-1.0	-1.0	inf	42.39321517944336	-1.0	-1.0	-1.0
22	0	4	2	0.19	0.225	11.14077377319336	70.18224334716797	0.29500000000000004	inf	inf	inf	-1.0	30.242591857910156	inf	inf	inf	-1.0
23	0	4	3	0.19	0.225	11.14077377319336	70.18224334716797	0.18	0.19	-1.0	0.255	-1.0	10.851463317871094	10.990352630615234	-1.0	58.3287467956543	-1.0
24	0	4	4	0.19	0.225	11.14077377319336	70.18224334716797	-1.0	-1.0	0.225	-1.0	-1.0	-1.0	-1.0	9.310019493103027	-1.0	-1.0
25	0	5	0	0.18	0.19	11.269097328186035	11.14077377319336	0.265	0.29000000000000004	-1.0	0.32	0.3	13.315164566040039	37.39015197753906	-1.0	41.82298278808594	45.90464401245117
26	0	5	1	0.18	0.19	11.269097328186035	11.14077377319336	inf	inf	inf	inf	inf	inf	inf	inf	inf	inf
27	0	5	2	0.18	0.19	11.269097328186035	11.14077377319336	0.245	0.46499999999999997	0.315	-1.0	0.415	56.33478927612305	21.429445266723633	31.71822738647461	-1.0	34.78240203857422
28	0	5	3	0.18	0.19	11.269097328186035	11.14077377319336	0.22	-1.0	-1.0	-1.0	0.505	64.90084075927734	-1.0	-1.0	-1.0	12.14917278289795
29	0	5	4	0.18	0.19	11.269097328186035	11.14077377319336	0.20500000000000002	-1.0	inf	0.155	-1.0	61.41975402832031	-1.0	inf	9.638734817504883	-1.0
30	0	6	0	0.225	0.015	9.310019493103027	135.7239227294922	0.26	inf	inf	0.275	0.275	16.168729782104492	inf	inf	14.964516639709473	17.874181747436523
31	0	6	1	0.225	0.015	9.310019493103027	135.7239227294922	-1.0	-1.0	-1.0	-1.0	-1.0	-1.0	-1.0	-1.0	-1.0	-1.0
32	0	6	2	0.225	0.015	9.310019493103027	135.7239227294922	inf	inf	0.225	inf	0.16999999999999998	inf	inf	50.140811920166016	inf	10.87143611907959
33	0	6	3	0.225	0.015	9.310019493103027	135.7239227294922	0.62	0.615	0.755	-1.0	-1.0	12.775571823120117	22.991289138793945	41.57949447631836	-1.0	-1.0
34	0	6	4	0.225	0.015	9.310019493103027	135.7239227294922	inf	inf	inf	0.16	-1.0	inf	inf	inf	12.535514831542969	-1.0
35	0	7	0	0.14	0.01	10.39383602142334	153.66000366210938	0.32	0.395	inf	-1.0	0.38	33.107688903808594	10.35657787322998	inf	-1.0	33.03041076660156
36	0	7	1	0.14	0.01	10.39383602142334	153.66000366210938	inf	0.31	0.18	0.22499999999999998	0.375	inf	20.769466400146484	11.269097328186035	23.776418685913086	8.71076488494873
37	0	7	2	0.14	0.01	10.39383602142334	153.66000366210938	0.305	inf	0.28500000000000003	inf	inf	26.33896827697754	inf	33.4027214050293	inf	inf
38	0	7	3	0.14	0.01	10.39383602142334	153.66000366210938	0.20500000000000002	0.875	-1.0	0.9	inf	9.858098030090332	13.388936042785645	-1.0	13.07432746887207	inf
39	0	7	4	0.14	0.01	10.39383602142334	153.66000366210938	0.225	-1.0	inf	inf	inf	10.395589828491211	-1.0	inf	inf	inf
40	0	8	0	0.18	0.015	11.269097328186035	135.7239227294922	0.32	inf	-1.0	0.305	0.31	41.11417770385742	inf	-1.0	34.232460021972656	33.297157287597656
41	0	8	1	0.18	0.015	11.269097328186035	135.7239227294922	0.225	0.9	0.405	0.335	0.385	62.95645523071289	70.1248779296875	12.540535926818848	14.83609390258789	9.752235412597656
42	0	8	2	0.18	0.015	11.269097328186035	135.7239227294922	inf	0.36	-1.0	0.305	-1.0	inf	10.709909439086914	-1.0	10.9128999710083	-1.0
43	0	8	3	0.18	0.015	11.269097328186035	135.7239227294922	inf	0.345	-1.0	inf	0.225	inf	10.317543983459473	-1.0	inf	33.928367614746094
44	0	8	4	0.18	0.015	11.269097328186035	135.7239227294922	inf	inf	inf	inf	inf	inf	inf	inf	inf	inf
45	0	9	0	0.16999999999999998	0.14	12.37792682647705	10.39383602142334	0.295	0.335	0.315	-1.0	-1.0	35.75435256958008	35.55040740966797	36.46152877807617	-1.0	-1.0
46	0	9	1	0.16999999999999998	0.14	12.37792682647705	10.39383602142334	0.92	0.00909090909090909	inf	0.22999999999999998	0.225	11.36567497253418	133.31784057617188	inf	41.87626266479492	9.310019493103027
47	0	9	2	0.16999999999999998	0.14	12.37792682647705	10.39383602142334	inf	0.28500000000000003	inf	-1.0	-1.0	inf	33.489463806152344	inf	-1.0	-1.0
48	0	9	3	0.16999999999999998	0.14	12.37792682647705	10.39383602142334	inf	0.29000000000000004	0.82	inf	inf	inf	10.634077072143555	52.129817962646484	inf	inf
49	0	9	4	0.16999999999999998	0.14	12.37792682647705	10.39383602142334	0.20500000000000002	inf	-1.0	inf	inf	9.858098030090332	inf	-1.0	inf	inf
50	1	0	0	0.01	0.01	153.66000366210938	153.66000366210938	0.18	inf	inf	-1.0	inf	11.269097328186035	inf	inf	-1.0	inf
51	1	0	1	0.01	0.01	153.66000366210938	153.66000366210938	0.035576923076923075	0.265	0.21000000000000002	-1.0	0.045	101.5345458984375	48.44435119628906	11.88281536102295	-1.0	102.94381713867188
52	1	0	2	0.01	0.01	153.66000366210938	153.66000366210938	0.92	0.14	0.875	0.225	-1.0	11.36567497253418	10.39383602142334	13.388936042785645	70.18224334716797	-1.0
53	1	0	3	0.01	0.01	153.66000366210938	153.66000366210938	0.29000000000000004	inf	0.29000000000000004	0.56	0.52	19.59067153930664	inf	17.79311180114746	12.318814277648926	13.696447372436523
54	1	0	4	0.01	0.01	153.66000366210938	153.66000366210938	0.18	0.255	0.225			11.269097328186035	13.093506813049316	70.18224334716797		
55	1	1	0	0.01	0.18	153.66000366210938	11.269097328186035	inf	inf	-1.0	-1.0	-1.0	inf	inf	-1.0	-1.0	-1.0
56	1	1	1	0.01	0.18	153.66000366210938	11.269097328186035	0.235	-1.0	0.29500000000000004	-1.0	0.265	58.285247802734375	-1.0	42.90131759643555	-1.0	40.045101165771484
57	1	1	2	0.01	0.18	153.66000366210938	11.269097328186035	0.235	0.27	0.385	0.345	0.27	65.4343032836914	41.023353576660156	13.151714324951172	11.898040771484375	49.02284240722656
58	1	1	3	0.01	0.18	153.66000366210938	11.269097328186035	0.245	0.485	0.495	0.18	0.47	26.44963836669922	12.950885772705078	15.224035263061523	11.269097328186035	14.492907524108887
59	1	1	4	0.01	0.18	153.66000366210938	11.269097328186035	0.305	0.27	0.235	0.345	inf	28.156953811645508	47.32791519165039	42.16012954711914	9.778463363647461	inf
60	1	2	0	0.01	0.305	153.66000366210938	28.156953811645508	-1.0	-1.0	-1.0	inf	-1.0	-1.0	-1.0	-1.0	inf	-1.0
61	1	2	1	0.01	0.305	153.66000366210938	28.156953811645508	0.20500000000000002	-1.0	0.175	-1.0	inf	11.046858787536621	-1.0	11.807862281799316	-1.0	inf
62	1	2	2	0.01	0.305	153.66000366210938	28.156953811645508	inf	0.18	inf	inf	-1.0	inf	11.248181343078613	inf	inf	-1.0
63	1	2	3	0.01	0.305	153.66000366210938	28.156953811645508	0.225	inf	-1.0	0.17	-1.0	9.310019493103027	inf	-1.0	10.510979652404785	-1.0
64	1	2	4	0.01	0.305	153.66000366210938	28.156953811645508	0.29500000000000004	0.32	-1.0	0.235	-1.0	11.10760498046875	10.73703670501709	-1.0	9.155593872070312	-1.0
65	1	3	0	0.27	0.345	47.32791519165039	9.778463363647461	inf	inf	inf	inf	-1.0	inf	inf	inf	inf	-1.0
66	1	3	1	0.27	0.345	47.32791519165039	9.778463363647461	inf	inf	inf	inf	inf	inf	inf	inf	inf	inf
67	1	3	2	0.27	0.345	47.32791519165039	9.778463363647461	0.16	-1.0	0.175	0.12	0.2	11.413076400756836	-1.0	14.108290672302246	9.253616333007812	15.544285774230957
68	1	3	3	0.27	0.345	47.32791519165039	9.778463363647461	0.255	-1.0	0.21000000000000002	-1.0	0.22999999999999998	9.999680519104004	-1.0	10.754694938659668	-1.0	11.775429725646973
69	1	3	4	0.27	0.345	47.32791519165039	9.778463363647461	0.245	-1.0	-1.0	-1.0	inf	27.126462936401367	-1.0	-1.0	-1.0	inf
70	1	4	0	0.225	0.345	70.18224334716797	9.778463363647461	inf	inf	-1.0	inf	inf	inf	inf	-1.0	inf	inf
71	1	4	1	0.225	0.345	70.18224334716797	9.778463363647461	inf	inf	inf	inf	inf	inf	inf	inf	inf	inf
72	1	4	2	0.225	0.345	70.18224334716797	9.778463363647461	inf	inf	inf	inf	inf	inf	inf	inf	inf	inf
73	1	4	3	0.225	0.345	70.18224334716797	9.778463363647461	0.16999999999999998	inf	inf	inf	0.21500000000000002	12.37792682647705	inf	inf	inf	10.431947708129883
74	1	4	4	0.225	0.345	70.18224334716797	9.778463363647461	inf	-1.0	-1.0	inf	inf	inf	-1.0	-1.0	inf	inf
75	1	5	0	0.245	0.27	27.126462936401367	47.32791519165039	inf	-1.0	-1.0	-1.0	inf	inf	-1.0	-1.0	-1.0	inf
76	1	5	1	0.245	0.27	27.126462936401367	47.32791519165039	inf	inf	inf	inf	inf	inf	inf	inf	inf	inf
77	1	5	2	0.245	0.27	27.126462936401367	47.32791519165039	inf	inf	inf	inf	inf	inf	inf	inf	inf	inf
78	1	5	3	0.245	0.27	27.126462936401367	47.32791519165039	0.19	0.20500000000000002	inf	-1.0	-1.0	10.637012481689453	10.8600492477417	inf	-1.0	-1.0
79	1	5	4	0.245	0.27	27.126462936401367	47.32791519165039	0.25	inf	inf	0.27	inf	21.557039260864258	inf	inf	23.562664031982422	inf
80	1	6	0	0.25	0.29500000000000004	21.557039260864258	11.10760498046875	inf	inf	-1.0	-1.0	-1.0	inf	inf	-1.0	-1.0	-1.0
81	1	6	1	0.25	0.29500000000000004	21.557039260864258	11.10760498046875	inf	inf	inf	inf	inf	inf	inf	inf	inf	inf
82	1	6	2	0.25	0.29500000000000004	21.557039260864258	11.10760498046875	inf	inf	inf	inf	inf	inf	inf	inf	inf	inf
83	1	6	3	0.25	0.29500000000000004	21.557039260864258	11.10760498046875	0.19	-1.0	0.21	-1.0	-1.0	10.901422500610352	-1.0	18.289133071899414	-1.0	-1.0
84	1	6	4	0.25	0.29500000000000004	21.557039260864258	11.10760498046875	-1.0	-1.0	-1.0	inf	-1.0	-1.0	-1.0	-1.0	inf	-1.0
85	1	7	0	0.245	0.01	27.126462936401367	153.66000366210938	inf	inf	inf	inf	-1.0	inf	inf	inf	inf	-1.0
86	1	7	1	0.245	0.01	27.126462936401367	153.66000366210938	inf	inf	inf	inf	inf	inf	inf	inf	inf	inf
87	1	7	2	0.245	0.01	27.126462936401367	153.66000366210938	inf	inf	inf	inf	inf	inf	inf	inf	inf	inf
88	1	7	3	0.245	0.01	27.126462936401367	153.66000366210938	0.235	inf	0.235	0.255	-1.0	43.97819900512695	inf	9.195452690124512	51.077579498291016	-1.0
89	1	7	4	0.245	0.01	27.126462936401367	153.66000366210938	-1.0	-1.0	0.35	-1.0	-1.0	-1.0	-1.0	10.370986938476562	-1.0	-1.0
90	1	8	0	0.01	0.345	153.66000366210938	9.778463363647461	inf	inf	inf	inf	inf	inf	inf	inf	inf	inf
91	1	8	1	0.01	0.345	153.66000366210938	9.778463363647461	inf	inf	inf	inf	inf	inf	inf	inf	inf	inf
92	1	8	2	0.01	0.345	153.66000366210938	9.778463363647461	inf	inf	inf	inf	inf	inf	inf	inf	inf	inf
93	1	8	3	0.01	0.345	153.66000366210938	9.778463363647461	0.405	0.21000000000000002	0.5	0.45999999999999996	-1.0	19.030004501342773	8.74555778503418	12.974124908447266	15.004425048828125	-1.0
94	1	8	4	0.01	0.345	153.66000366210938	9.778463363647461	0.33499999999999996	0.33999999999999997	0.32	-1.0	-1.0	13.76552677154541	11.248322486877441	21.897897720336914	-1.0	-1.0
95	1	9	0	0.33999999999999997	0.235	11.248322486877441	42.16012954711914	inf	inf	inf	inf	inf	inf	inf	inf	inf	inf
96	1	9	1	0.33999999999999997	0.235	11.248322486877441	42.16012954711914	inf	inf	inf	inf	inf	inf	inf	inf	inf	inf
97	1	9	2	0.33999999999999997	0.235	11.248322486877441	42.16012954711914	inf	inf	inf	inf	0.225	inf	inf	inf	inf	14.838834762573242
98	1	9	3	0.33999999999999997	0.235	11.248322486877441	42.16012954711914	0.22	0.225	0.19	inf	0.225	38.62101745605469	67.50912475585938	35.786800384521484	inf	62.20731735229492
99	1	9	4	0.33999999999999997	0.235	11.248322486877441	42.16012954711914	-1.0	inf	-1.0	-1.0	inf	-1.0	inf	-1.0	-1.0	inf
100	2	0	0	0.0	0.0	154.44496154785156	154.44496154785156	0.245	0.22	inf	0.235	-1.0	42.88522720336914	65.29672241210938	inf	46.63285446166992	-1.0
101	2	0	1	0.0	0.0	154.44496154785156	154.44496154785156	0.315	-1.0	0.29500000000000004	-1.0	-1.0	23.03976058959961	-1.0	31.5213623046875	-1.0	-1.0
102	2	0	2	0.0	0.0	154.44496154785156	154.44496154785156	inf	inf	inf	inf	inf	inf	inf	inf	inf	inf
103	2	0	3	0.0	0.0	154.44496154785156	154.44496154785156	inf	inf	inf	inf	inf	inf	inf	inf	inf	inf
104	2	0	4	0.0	0.0	154.44496154785156	154.44496154785156	inf					inf				
105	2	1	0	0.0	0.0	154.44496154785156	154.44496154785156	0.30500000000000005	0.28500000000000003	0.27	0.265	0.28500000000000003	32.30189895629883	40.02214050292969	43.62531661987305	40.425228118896484	36.70943832397461
106	2	1	1	0.0	0.0	154.44496154785156	154.44496154785156	0.3	-1.0	0.01	-1.0	-1.0	28.236438751220703	-1.0	154.13726806640625	-1.0	-1.0
107	2	1	2	0.0	0.0	154.44496154785156	154.44496154785156	inf	inf	inf	inf	inf	inf	inf	inf	inf	inf
108	2	1	3	0.0	0.0	154.44496154785156	154.44496154785156	inf	inf	inf	inf	inf	inf	inf	inf	inf	inf
109	2	1	4	0.0	0.0	154.44496154785156	154.44496154785156	inf	inf	inf	inf	inf	inf	inf	inf	inf	inf
110	2	2	0	0.0	0.0	154.44496154785156	154.44496154785156	0.265	0.265	0.25	0.245	inf	39.4903450012207	41.145694732666016	52.308692932128906	61.505516052246094	inf
111	2	2	1	0.0	0.0	154.44496154785156	154.44496154785156	inf	inf	inf	0.37	0.41	inf	inf	inf	24.355531692504883	19.73836898803711
112	2	2	2	0.0	0.0	154.44496154785156	154.44496154785156	inf	inf	inf	inf	inf	inf	inf	inf	inf	inf
113	2	2	3	0.0	0.0	154.44496154785156	154.44496154785156	inf	inf	inf	inf	inf	inf	inf	inf	inf	inf
114	2	2	4	0.0	0.0	154.44496154785156	154.44496154785156	inf	inf	inf	inf	inf	inf	inf	inf	inf	inf
115	2	3	0	0.0	0.0	154.44496154785156	154.44496154785156	inf	inf	0.245	-1.0	-1.0	inf	inf	46.87013626098633	-1.0	-1.0
116	2	3	1	0.0	0.0	154.44496154785156	154.44496154785156	0.39	0.01	-1.0	inf	-1.0	21.765506744384766	153.66000366210938	-1.0	inf	-1.0
117	2	3	2	0.0	0.0	154.44496154785156	154.44496154785156	0.01	inf	inf	inf	inf	153.66000366210938	inf	inf	inf	inf
118	2	3	3	0.0	0.0	154.44496154785156	154.44496154785156	inf	inf	inf	inf	inf	inf	inf	inf	inf	inf
119	2	3	4	0.0	0.0	154.44496154785156	154.44496154785156	inf	-1.0	inf	-1.0	inf	inf	-1.0	inf	-1.0	inf
120	2	4	0	0.0	0.0	154.44496154785156	154.44496154785156	0.265	0.29500000000000004	-1.0	0.265	-1.0	37.65541458129883	33.57828903198242	-1.0	39.33708953857422	-1.0
121	2	4	1	0.0	0.0	154.44496154785156	154.44496154785156	inf	inf	0.44	inf	-1.0	inf	inf	15.605850219726562	inf	-1.0
122	2	4	2	0.0	0.0	154.44496154785156	154.44496154785156	inf	inf	inf	inf	inf	inf	inf	inf	inf	inf
123	2	4	3	0.0	0.0	154.44496154785156	154.44496154785156	inf	inf	inf	inf	inf	inf	inf	inf	inf	inf
124	2	4	4	0.0	0.0	154.44496154785156	154.44496154785156	inf	inf	inf	inf	inf	inf	inf	inf	inf	inf
125	2	5	0	0.0	0.0	154.44496154785156	154.44496154785156	0.26	-1.0	0.245	-1.0	0.25	48.68132019042969	-1.0	61.092018127441406	-1.0	51.98460006713867
126	2	5	1	0.0	0.0	154.44496154785156	154.44496154785156	inf	-1.0	inf	-1.0	inf	inf	-1.0	inf	-1.0	inf
127	2	5	2	0.0	0.0	154.44496154785156	154.44496154785156	-1.0	-1.0	-1.0	-1.0	-1.0	-1.0	-1.0	-1.0	-1.0	-1.0
128	2	5	3	0.0	0.0	154.44496154785156	154.44496154785156	0.32999999999999996	-1.0	-1.0	inf	0.4	22.71121597290039	-1.0	-1.0	inf	15.595444679260254
129	2	5	4	0.0	0.0	154.44496154785156	154.44496154785156	inf	inf	inf	inf	inf	inf	inf	inf	inf	inf
130	2	6	0	0.0	0.0	154.44496154785156	154.44496154785156	0.24	0.01	inf	-1.0	-1.0	61.32258224487305	154.13726806640625	inf	-1.0	-1.0
131	2	6	1	0.0	0.0	154.44496154785156	154.44496154785156	-1.0	0.38	-1.0	0.375	0.38	-1.0	23.37763786315918	-1.0	23.196884155273438	23.308002471923828
132	2	6	2	0.0	0.0	154.44496154785156	154.44496154785156	-1.0	-1.0	-1.0	-1.0	-1.0	-1.0	-1.0	-1.0	-1.0	-1.0
133	2	6	3	0.0	0.0	154.44496154785156	154.44496154785156	inf	inf	inf	inf	inf	inf	inf	inf	inf	inf
134	2	6	4	0.0	0.0	154.44496154785156	154.44496154785156	inf	inf	inf	inf	inf	inf	inf	inf	inf	inf
135	2	7	0	0.0	0.0	154.44496154785156	154.44496154785156	0.24	-1.0	0.235	inf	0.235	54.22666931152344	-1.0	52.78762435913086	inf	66.68782043457031
136	2	7	1	0.0	0.0	154.44496154785156	154.44496154785156	0.355	0.275	-1.0	0.225	-1.0	22.95468521118164	46.63951873779297	-1.0	66.76859283447266	-1.0
137	2	7	2	0.0	0.0	154.44496154785156	154.44496154785156	inf	inf	inf	inf	inf	inf	inf	inf	inf	inf
138	2	7	3	0.0	0.0	154.44496154785156	154.44496154785156	inf	0.365	inf	0.305	0.37	inf	20.656909942626953	inf	23.693220138549805	16.292491912841797
139	2	7	4	0.0	0.0	154.44496154785156	154.44496154785156	inf	inf	inf	inf	inf	inf	inf	inf	inf	inf
140	2	8	0	0.0	0.0	154.44496154785156	154.44496154785156	inf	-1.0	inf	-1.0	-1.0	inf	-1.0	inf	-1.0	-1.0
141	2	8	1	0.0	0.0	154.44496154785156	154.44496154785156	0.28500000000000003	0.22999999999999998	0.28500000000000003	-1.0	-1.0	37.6225700378418	63.93216323852539	40.14325714111328	-1.0	-1.0
142	2	8	2	0.0	0.0	154.44496154785156	154.44496154785156	inf	inf	inf	inf	inf	inf	inf	inf	inf	inf
143	2	8	3	0.0	0.0	154.44496154785156	154.44496154785156	inf	inf	inf	inf	inf	inf	inf	inf	inf	inf
144	2	8	4	0.0	0.0	154.44496154785156	154.44496154785156	inf	inf	0.01	inf	-1.0	inf	inf	153.66000366210938	inf	-1.0
145	2	9	0	0.0	0.0	154.44496154785156	154.44496154785156	inf	0.01	inf	inf	inf	inf	153.66000366210938	inf	inf	inf
146	2	9	1	0.0	0.0	154.44496154785156	154.44496154785156	0.275	0.265	-1.0	0.26	0.28500000000000003	37.54601287841797	37.591941833496094	-1.0	44.58844757080078	35.87808609008789
147	2	9	2	0.0	0.0	154.44496154785156	154.44496154785156	inf	inf	inf	inf	inf	inf	inf	inf	inf	inf
148	2	9	3	0.0	0.0	154.44496154785156	154.44496154785156	inf	0.315	0.37	0.36	inf	inf	27.11692237854004	14.678509712219238	16.169469833374023	inf
149	2	9	4	0.0	0.0	154.44496154785156	154.44496154785156	inf	inf	inf	inf	inf	inf	inf	inf	inf	inf
150	3	0	0	0.0	0.0	154.44496154785156	154.44496154785156	0.225	-1.0				70.18223571777344	-1.0			
151	3	0	1	0.0	0.0	154.44496154785156	154.44496154785156	inf	0.26	0.26	0.255	0.26	inf	38.9877815246582	41.71265411376953	39.04497528076172	37.798484802246094
152	3	0	2	0.0	0.0	154.44496154785156	154.44496154785156	0.28500000000000003	0.315	0.305	-1.0	0.32	11.239556312561035	21.318693161010742	22.89828872680664	-1.0	14.75986099243164
153	3	0	3	0.0	0.0	154.44496154785156	154.44496154785156	inf	inf	inf	inf	inf	inf	inf	inf	inf	inf
154	3	0	4	0.0	0.0	154.44496154785156	154.44496154785156	-1.0	-1.0	-1.0	-1.0	-1.0	-1.0	-1.0	-1.0	-1.0	-1.0
155	3	1	0	0.0	0.0	154.44496154785156	154.44496154785156	-1.0	-1.0	-1.0	-1.0	inf	-1.0	-1.0	-1.0	-1.0	inf
156	3	1	1	0.0	0.0	154.44496154785156	154.44496154785156	inf	0.255	inf	inf	inf	inf	40.39799880981445	inf	inf	inf
157	3	1	2	0.0	0.0	154.44496154785156	154.44496154785156	0.265	0.275	-1.0	0.28	0.30500000000000005	39.973609924316406	34.62364196777344	-1.0	40.60969543457031	38.75067138671875
158	3	1	3	0.0	0.0	154.44496154785156	154.44496154785156	inf	inf	inf	inf	inf	inf	inf	inf	inf	inf
159	3	1	4	0.0	0.0	154.44496154785156	154.44496154785156	inf	inf	inf	inf	inf	inf	inf	inf	inf	inf
160	3	2	0	0.0	0.0	154.44496154785156	154.44496154785156	-1.0	-1.0	-1.0	-1.0	-1.0	-1.0	-1.0	-1.0	-1.0	-1.0
161	3	2	1	0.0	0.0	154.44496154785156	154.44496154785156	0.36	0.32	0.3	-1.0	-1.0	14.391731262207031	29.199600219726562	35.965370178222656	-1.0	-1.0
162	3	2	2	0.0	0.0	154.44496154785156	154.44496154785156	inf	inf	inf	inf	inf	inf	inf	inf	inf	inf
163	3	2	3	0.0	0.0	154.44496154785156	154.44496154785156	inf	inf	inf	inf	inf	inf	inf	inf	inf	inf
164	3	2	4	0.0	0.0	154.44496154785156	154.44496154785156	0.27	0.28500000000000003				32.426578521728516	25.70610237121582			
165	3	3	0	0.0	0.0	154.44496154785156	154.44496154785156	-1.0	-1.0	-1.0	inf	-1.0	-1.0	-1.0	-1.0	inf	-1.0
166	3	3	1	0.0	0.0	154.44496154785156	154.44496154785156	0.26	-1.0	0.26	0.26	inf	30.593952178955078	-1.0	30.760351181030273	32.057376861572266	inf
167	3	3	2	0.0	0.0	154.44496154785156	154.44496154785156	0.28500000000000003	0.29500000000000004	inf	-1.0	0.255	28.506179809570312	27.2163028717041	inf	-1.0	45.20471954345703
168	3	3	3	0.0	0.0	154.44496154785156	154.44496154785156	0.345	0.395	0.365	0.28	0.32	18.29933738708496	19.073604583740234	19.556678771972656	29.60718536376953	19.435388565063477
169	3	3	4	0.0	0.0	154.44496154785156	154.44496154785156	-1.0	inf				-1.0	inf			
170	3	4	0	0.0	0.28500000000000003	154.44496154785156	25.70610237121582	-1.0	-1.0	-1.0	inf	-1.0	-1.0	-1.0	-1.0	inf	-1.0
171	3	4	1	0.0	0.28500000000000003	154.44496154785156	25.70610237121582	0.27	-1.0	0.29000000000000004	-1.0	-1.0	28.097606658935547	-1.0	29.312023162841797	-1.0	-1.0
172	3	4	2	0.0	0.28500000000000003	154.44496154785156	25.70610237121582	0.32499999999999996	inf	-1.0	0.31999999999999995	0.315	25.17695426940918	inf	-1.0	41.012237548828125	51.50217056274414
173	3	4	3	0.0	0.28500000000000003	154.44496154785156	25.70610237121582	0.29000000000000004	0.32	inf	-1.0	0.265	34.74699020385742	31.15427589416504	inf	-1.0	40.500762939453125
174	3	4	4	0.0	0.28500000000000003	154.44496154785156	25.70610237121582	inf	inf				inf	inf			
175	3	5	0	0.28500000000000003	0.0	25.70610237121582	154.44496154785156	-1.0	inf	inf	-1.0	-1.0	-1.0	inf	inf	-1.0	-1.0
176	3	5	1	0.28500000000000003	0.0	25.70610237121582	154.44496154785156	0.26	0.28500000000000003	inf	0.33999999999999997	0.225	21.106943130493164	20.439313888549805	inf	10.648962020874023	70.18223571777344
177	3	5	2	0.28500000000000003	0.0	25.70610237121582	154.44496154785156	inf	-1.0	inf	inf	inf	inf	-1.0	inf	inf	inf
178	3	5	3	0.28500000000000003	0.0	25.70610237121582	154.44496154785156	0.275	inf	0.275	0.28	-1.0	32.02589416503906	inf	27.389528274536133	28.31344223022461	-1.0
179	3	5	4	0.28500000000000003	0.0	25.70610237121582	154.44496154785156	inf	0.01	-1.0	inf	inf	inf	154.13726806640625	-1.0	inf	inf
180	3	6	0	0.27	0.0	32.426578521728516	154.44496154785156	inf	inf	inf	inf	inf	inf	inf	inf	inf	inf
181	3	6	1	0.27	0.0	32.426578521728516	154.44496154785156	0.01	inf	0.35	0.345	0.315	153.66000366210938	inf	15.39673900604248	16.229251861572266	30.595699310302734
182	3	6	2	0.27	0.0	32.426578521728516	154.44496154785156	inf	inf	inf	inf	inf	inf	inf	inf	inf	inf
183	3	6	3	0.27	0.0	32.426578521728516	154.44496154785156	inf	0.26	-1.0	inf	inf	inf	32.447021484375	-1.0	inf	inf
184	3	6	4	0.27	0.0	32.426578521728516	154.44496154785156	inf	inf	inf	inf	inf	inf	inf	inf	inf	inf
185	3	7	0	0.27	0.28500000000000003	32.426578521728516	25.70610237121582	inf	inf	inf	0.265	inf	inf	inf	inf	36.66237258911133	inf
186	3	7	1	0.27	0.28500000000000003	32.426578521728516	25.70610237121582	inf	0.235	0.24	0.225	0.245	inf	48.83338928222656	41.2491340637207	47.4085693359375	51.828887939453125
187	3	7	2	0.27	0.28500000000000003	32.426578521728516	25.70610237121582	inf	inf	-1.0	-1.0	0.315	inf	inf	-1.0	-1.0	26.097209930419922
188	3	7	3	0.27	0.28500000000000003	32.426578521728516	25.70610237121582	inf	inf	inf	inf	inf	inf	inf	inf	inf	inf
189	3	7	4	0.27	0.28500000000000003	32.426578521728516	25.70610237121582	inf	inf	inf	inf	inf	inf	inf	inf	inf	inf
190	3	8	0	0.0	0.0	154.44496154785156	154.44496154785156	inf	inf	inf	inf	inf	inf	inf	inf	inf	inf
191	3	8	1	0.0	0.0	154.44496154785156	154.44496154785156	0.33999999999999997	inf	inf	inf	0.365	19.57493019104004	inf	inf	inf	21.64491081237793
192	3	8	2	0.0	0.0	154.44496154785156	154.44496154785156	inf	inf	inf	inf	0.33499999999999996	inf	inf	inf	inf	21.8397216796875
193	3	8	3	0.0	0.0	154.44496154785156	154.44496154785156	inf	inf	inf	0.32999999999999996	inf	inf	inf	inf	26.93549156188965	inf
194	3	8	4	0.0	0.0	154.44496154785156	154.44496154785156	inf	inf	inf	inf	inf	inf	inf	inf	inf	inf
195	3	9	0	0.27	0.01	32.426578521728516	154.13726806640625	inf	inf	inf	inf	inf	inf	inf	inf	inf	inf
196	3	9	1	0.27	0.01	32.426578521728516	154.13726806640625	0.345	0.29500000000000004	-1.0	inf	0.29000000000000004	33.80611801147461	33.15037536621094	-1.0	inf	33.77111053466797
197	3	9	2	0.27	0.01	32.426578521728516	154.13726806640625	inf	-1.0	inf	inf	inf	inf	-1.0	inf	inf	inf
198	3	9	3	0.27	0.01	32.426578521728516	154.13726806640625	-1.0	-1.0	-1.0	inf	inf	-1.0	-1.0	-1.0	inf	inf
199	3	9	4	0.27	0.01	32.426578521728516	154.13726806640625	inf	inf	inf	inf	inf	inf	inf	inf	inf	inf
