	reset_island_iter	improve_iter	island	program_1_hamming_score	program_2_hamming_score	program_1_neural_score	program_2_neural_score	output_program_1_hamming_score	output_program_2_hamming_score	output_program_3_hamming_score	output_program_4_hamming_score	output_program_5_hamming_score	output_program_1_neural_score	output_program_2_neural_score	output_program_3_neural_score	output_program_4_neural_score	output_program_5_neural_score
0	0	0	0	0.005438395714938925	0.003703703703703704	37.62458419799805	141.5476837158203	0.07950937950937952	-1.0	-1.0	0.10394420394420394	inf	28.442201614379883	-1.0	-1.0	24.715185165405273	inf
1	0	0	1	0.005438395714938925	0.003703703703703704	37.62458419799805	141.5476837158203	0.15901875901875903	0.1900913900913901	0.21654641654641651	0.2024050024050024	0.21967291967291966	12.065796852111816	23.782228469848633	16.211380004882812	17.976459503173828	21.430179595947266
2	0	0	2	0.005438395714938925	0.003703703703703704	37.62458419799805	141.5476837158203	0.15901875901875903	-1.0	-1.0	inf	0.15901875901875903	16.297136306762695	-1.0	-1.0	inf	12.902395248413086
3	0	0	3	0.005438395714938925	0.003703703703703704	37.62458419799805	141.5476837158203	inf	0.192015392015392	inf	0.21654641654641651	0.17027417027417027	inf	12.354509353637695	inf	16.211380004882812	32.31205368041992
4	0	0	4	0.005438395714938925	0.003703703703703704	37.62458419799805	141.5476837158203	inf	inf	inf	0.2024050024050024	inf	inf	inf	inf	17.976459503173828	inf
5	0	1	0	0.005438395714938925	0.003703703703703704	37.62458419799805	141.5476837158203	inf	inf	-1.0	inf	0.1376142376142376	inf	inf	-1.0	inf	21.141263961791992
6	0	1	1	0.005438395714938925	0.003703703703703704	37.62458419799805	141.5476837158203	0.14901394901394902	-1.0	0.17835497835497835	inf	0.22664742664742663	41.61748123168945	-1.0	25.673503875732422	inf	17.522586822509766
7	0	1	2	0.005438395714938925	0.003703703703703704	37.62458419799805	141.5476837158203	0.15901875901875903	inf	inf	-1.0	0.20822510822510823	12.957094192504883	inf	inf	-1.0	12.272072792053223
8	0	1	3	0.005438395714938925	0.003703703703703704	37.62458419799805	141.5476837158203	0.1416065416065416	0.1473304473304473	0.2933621933621933	0.21967291967291966	0.18085618085618085	43.053672790527344	31.23661994934082	14.917842864990234	21.430179595947266	31.47805404663086
9	0	1	4	0.005438395714938925	0.003703703703703704	37.62458419799805	141.5476837158203	inf	inf	0.21967291967291966	0.22496392496392495	inf	inf	inf	21.430179595947266	16.396076202392578	inf
10	0	2	0	0.003703703703703704	0.005438395714938925	141.5476837158203	37.62458419799805	inf	inf	inf	inf	0.1264069264069264	inf	inf	inf	inf	47.532108306884766
11	0	2	1	0.003703703703703704	0.005438395714938925	141.5476837158203	37.62458419799805	inf	inf	0.16382876382876382	0.17417027417027417	inf	inf	inf	39.37572479248047	10.350339889526367	inf
12	0	2	2	0.003703703703703704	0.005438395714938925	141.5476837158203	37.62458419799805	0.15901875901875903	inf	inf	-1.0	inf	15.979022026062012	inf	inf	-1.0	inf
13	0	2	3	0.003703703703703704	0.005438395714938925	141.5476837158203	37.62458419799805	0.19807599807599807	inf	0.21967291967291966	inf	0.17835497835497835	13.149295806884766	inf	21.50130844116211	inf	26.3116397857666
14	0	2	4	0.003703703703703704	0.005438395714938925	141.5476837158203	37.62458419799805	inf	inf	inf	0.18576238576238577	0.19273689273689273	inf	inf	inf	27.598918914794922	19.68466567993164
15	0	3	0	0.2024050024050024	0.18576238576238577	17.976459503173828	27.598918914794922	inf	0.11938431938431937	inf	inf	0.10538720538720538	inf	20.69806480407715	inf	inf	22.62714385986328
16	0	3	1	0.2024050024050024	0.18576238576238577	17.976459503173828	27.598918914794922	inf	0.1035016835016835	-1.0	-1.0	inf	inf	33.63740158081055	-1.0	-1.0	inf
17	0	3	2	0.2024050024050024	0.18576238576238577	17.976459503173828	27.598918914794922	0.15901875901875903	inf	-1.0	0.24199134199134198	-1.0	15.86115837097168	inf	-1.0	12.123332023620605	-1.0
18	0	3	3	0.2024050024050024	0.18576238576238577	17.976459503173828	27.598918914794922	-1.0	inf	-1.0	inf	-1.0	-1.0	inf	-1.0	inf	-1.0
19	0	3	4	0.2024050024050024	0.18576238576238577	17.976459503173828	27.598918914794922	-1.0	0.17417027417027417	0.11702741702741702	inf	0.17835497835497835	-1.0	10.350339889526367	52.397247314453125	inf	25.673503875732422
20	0	4	0	0.21967291967291966	0.17835497835497835	21.430179595947266	25.673503875732422	inf	0.0869167869167869	0.7155844155844155	inf	inf	inf	27.217838287353516	32.59576416015625	inf	inf
21	0	4	1	0.21967291967291966	0.17835497835497835	21.430179595947266	25.673503875732422	inf	inf	inf	0.22876382876382872	-1.0	inf	inf	inf	16.01754379272461	-1.0
22	0	4	2	0.21967291967291966	0.17835497835497835	21.430179595947266	25.673503875732422	0.21967291967291966	inf	inf	inf	inf	21.430179595947266	inf	inf	inf	inf
23	0	4	3	0.21967291967291966	0.17835497835497835	21.430179595947266	25.673503875732422	0.16382876382876382	inf	-1.0	0.14901394901394902	0.2162097162097162	39.37572479248047	inf	-1.0	41.61748123168945	22.210262298583984
24	0	4	4	0.21967291967291966	0.17835497835497835	21.430179595947266	25.673503875732422	inf	inf	inf	inf	inf	inf	inf	inf	inf	inf
25	0	5	0	0.003703703703703704	0.21967291967291966	141.5476837158203	21.430179595947266	inf	0.15901875901875903	-1.0	0.14314574314574316	0.13419913419913418	inf	15.979022026062012	-1.0	13.39653205871582	10.726036071777344
26	0	5	1	0.003703703703703704	0.21967291967291966	141.5476837158203	21.430179595947266	-1.0	inf	inf	inf	inf	-1.0	inf	inf	inf	inf
27	0	5	2	0.003703703703703704	0.21967291967291966	141.5476837158203	21.430179595947266	inf	0.2099086099086099	0.18484848484848482	inf	inf	inf	12.963150978088379	8.762192726135254	inf	inf
28	0	5	3	0.003703703703703704	0.21967291967291966	141.5476837158203	21.430179595947266	-1.0	0.11702741702741702	0.1852332852332852	-1.0	0.1742183742183742	-1.0	52.397247314453125	29.562732696533203	-1.0	10.881983757019043
29	0	5	4	0.003703703703703704	0.21967291967291966	141.5476837158203	21.430179595947266	inf	inf	inf	inf	inf	inf	inf	inf	inf	inf
30	0	6	0	0.21967291967291966	0.003703703703703704	21.430179595947266	141.5476837158203	inf	-1.0	-1.0	inf	inf	inf	-1.0	-1.0	inf	inf
31	0	6	1	0.21967291967291966	0.003703703703703704	21.430179595947266	141.5476837158203	0.12159692159692159	inf	0.19316979316979319	-1.0	inf	44.152530670166016	inf	23.781307220458984	-1.0	inf
32	0	6	2	0.21967291967291966	0.003703703703703704	21.430179595947266	141.5476837158203	inf	0.21967291967291966	inf	inf	0.1614237614237614	inf	21.50130844116211	inf	inf	27.482463836669922
33	0	6	3	0.21967291967291966	0.003703703703703704	21.430179595947266	141.5476837158203	0.14295334295334294	-1.0	-1.0	inf	0.17113997113997115	38.26750564575195	-1.0	-1.0	inf	11.74342155456543
34	0	6	4	0.21967291967291966	0.003703703703703704	21.430179595947266	141.5476837158203	inf	inf	inf	inf	inf	inf	inf	inf	inf	inf
35	0	7	0	0.2024050024050024	0.003703703703703704	17.976459503173828	141.5476837158203	inf	0.3587782587782588	inf	inf	0.2677729677729678	inf	13.463153839111328	inf	inf	13.543119430541992
36	0	7	1	0.2024050024050024	0.003703703703703704	17.976459503173828	141.5476837158203	0.1851851851851852	-1.0	inf	0.13823953823953825	-1.0	31.379087448120117	-1.0	inf	32.383609771728516	-1.0
37	0	7	2	0.2024050024050024	0.003703703703703704	17.976459503173828	141.5476837158203	inf	inf	inf	inf	0.21255411255411258	inf	inf	inf	inf	12.873287200927734
38	0	7	3	0.2024050024050024	0.003703703703703704	17.976459503173828	141.5476837158203	-1.0	-1.0	-1.0	inf	0.13689273689273687	-1.0	-1.0	-1.0	inf	38.324302673339844
39	0	7	4	0.2024050024050024	0.003703703703703704	17.976459503173828	141.5476837158203	inf	inf	inf	inf	0.13578643578643576	inf	inf	inf	inf	42.797855377197266
40	0	8	0	0.21967291967291966	0.18576238576238577	21.430179595947266	27.598918914794922	0.1287157287157287	0.10303030303030303	-1.0	inf	-1.0	7.763982772827148	13.541089057922363	-1.0	inf	-1.0
41	0	8	1	0.21967291967291966	0.18576238576238577	21.430179595947266	27.598918914794922	-1.0	-1.0	-1.0	inf	inf	-1.0	-1.0	-1.0	inf	inf
42	0	8	2	0.21967291967291966	0.18576238576238577	21.430179595947266	27.598918914794922	inf	inf	inf	inf	inf	inf	inf	inf	inf	inf
43	0	8	3	0.21967291967291966	0.18576238576238577	21.430179595947266	27.598918914794922	inf	inf	-1.0	inf	inf	inf	inf	-1.0	inf	inf
44	0	8	4	0.21967291967291966	0.18576238576238577	21.430179595947266	27.598918914794922	inf	inf	inf	inf	inf	inf	inf	inf	inf	inf
45	0	9	0	0.11702741702741702	0.17417027417027417	52.397247314453125	10.350339889526367	-1.0	inf	0.16873496873496874	inf	inf	-1.0	inf	10.026265144348145	inf	inf
46	0	9	1	0.11702741702741702	0.17417027417027417	52.397247314453125	10.350339889526367	inf	-1.0	inf	inf	0.17455507455507455	inf	-1.0	inf	inf	12.984029769897461
47	0	9	2	0.11702741702741702	0.17417027417027417	52.397247314453125	10.350339889526367	inf	inf	inf	inf	inf	inf	inf	inf	inf	inf
48	0	9	3	0.11702741702741702	0.17417027417027417	52.397247314453125	10.350339889526367	inf	inf	inf	inf	inf	inf	inf	inf	inf	inf
49	0	9	4	0.11702741702741702	0.17417027417027417	52.397247314453125	10.350339889526367	inf	inf	inf	inf	inf	inf	inf	inf	inf	inf
50	1	0	0	0.003703703703703704	0.005438395714938925	141.5476837158203	37.62458419799805	0.1698893698893699	0.21967291967291966	0.17455507455507455	0.21967291967291966	0.22876382876382872	33.37515640258789	21.430179595947266	12.984029769897461	21.50130844116211	18.041582107543945
51	1	0	1	0.003703703703703704	0.005438395714938925	141.5476837158203	37.62458419799805	0.09841269841269841	0.15295815295815296	0.15901875901875903	0.21924001924001923	0.12198172198172198	9.273441314697266	12.875041007995605	12.065796852111816	10.228750228881836	10.21751880645752
52	1	0	2	0.003703703703703704	0.005438395714938925	141.5476837158203	37.62458419799805	0.22126022126022127	0.22876382876382872	inf	0.21967291967291966	0.15387205387205385	7.64761209487915	18.278398513793945	inf	21.430179595947266	40.20652389526367
53	1	0	3	0.003703703703703704	0.005438395714938925	141.5476837158203	37.62458419799805	0.21317941317941316	-1.0	inf	-1.0	-1.0	22.973217010498047	-1.0	inf	-1.0	-1.0
54	1	0	4	0.003703703703703704	0.005438395714938925	141.5476837158203	37.62458419799805	inf	0.19807599807599807	inf	inf	inf	inf	13.149295806884766	inf	inf	inf
55	1	1	0	0.005438395714938925	0.003703703703703704	37.62458419799805	141.5476837158203	-1.0	-1.0	-1.0	inf	0.1976911976911977	-1.0	-1.0	-1.0	inf	17.278688430786133
56	1	1	1	0.005438395714938925	0.003703703703703704	37.62458419799805	141.5476837158203	0.21135161135161132	0.23208273208273208	0.21394901394901392	0.19278499278499275	0.11702741702741702	21.8812255859375	21.49946403503418	13.976378440856934	21.537336349487305	52.397247314453125
57	1	1	2	0.005438395714938925	0.003703703703703704	37.62458419799805	141.5476837158203	0.21289081289081288	0.11700074616741284	inf	0.16565656565656564	0.15901875901875903	15.512701034545898	15.826709747314453	inf	25.568771362304688	12.065796852111816
58	1	1	3	0.005438395714938925	0.003703703703703704	37.62458419799805	141.5476837158203	0.14901394901394902	-1.0	-1.0	-1.0	inf	41.28562927246094	-1.0	-1.0	-1.0	inf
59	1	1	4	0.005438395714938925	0.003703703703703704	37.62458419799805	141.5476837158203	0.21394901394901392	inf	-1.0	-1.0	-1.0	13.976378440856934	inf	-1.0	-1.0	-1.0
60	1	2	0	0.21394901394901392	0.19807599807599807	13.976378440856934	13.149295806884766	0.19807599807599807	inf	inf	inf	inf	13.149295806884766	inf	inf	inf	inf
61	1	2	1	0.21394901394901392	0.19807599807599807	13.976378440856934	13.149295806884766	-1.0	0.14901394901394902	-1.0	0.21587301587301586	0.16815776815776814	-1.0	41.32853317260742	-1.0	20.602935791015625	17.166709899902344
62	1	2	2	0.21394901394901392	0.19807599807599807	13.976378440856934	13.149295806884766	0.18326118326118324	0.19692159692159691	-1.0	-1.0	-1.0	13.1917142868042	18.04625701904297	-1.0	-1.0	-1.0
63	1	2	3	0.21394901394901392	0.19807599807599807	13.976378440856934	13.149295806884766	inf					inf				
64	1	2	4	0.21394901394901392	0.19807599807599807	13.976378440856934	13.149295806884766	-1.0	0.22876382876382872	inf	-1.0	-1.0	-1.0	14.903042793273926	inf	-1.0	-1.0
65	1	3	0	0.21394901394901392	0.003703703703703704	13.976378440856934	141.5476837158203	0.19427609427609427	inf	0.15185185185185185	-1.0	inf	17.793834686279297	inf	30.391427993774414	-1.0	inf
66	1	3	1	0.21394901394901392	0.003703703703703704	13.976378440856934	141.5476837158203	-1.0	0.19807599807599807	-1.0	-1.0	0.18556998556998558	-1.0	13.149295806884766	-1.0	-1.0	12.638092041015625
67	1	3	2	0.21394901394901392	0.003703703703703704	13.976378440856934	141.5476837158203	-1.0	0.16382876382876382	0.18493827160493825	0.21664261664261664	0.21967291967291966	-1.0	39.37572479248047	18.5445499420166	22.573747634887695	21.09820556640625
68	1	3	3	0.21394901394901392	0.003703703703703704	13.976378440856934	141.5476837158203	0.14901394901394902	inf	inf	inf	inf	41.33607864379883	inf	inf	inf	inf
69	1	3	4	0.21394901394901392	0.003703703703703704	13.976378440856934	141.5476837158203	-1.0	-1.0	-1.0	inf	0.21284271284271283	-1.0	-1.0	-1.0	inf	13.76146411895752
70	1	4	0	0.22876382876382872	0.21394901394901392	14.903042793273926	13.976378440856934	inf	0.07293149358508837	0.21289081289081288	0.07905739657786441	inf	inf	22.952064514160156	14.131001472473145	19.95069122314453	inf
71	1	4	1	0.22876382876382872	0.21394901394901392	14.903042793273926	13.976378440856934	0.17835497835497835	0.14901394901394902	0.1568061568061568	0.21967291967291966	0.2372775372775373	25.673503875732422	40.18495559692383	35.962921142578125	21.430179595947266	9.881186485290527
72	1	4	2	0.22876382876382872	0.21394901394901392	14.903042793273926	13.976378440856934	-1.0	inf	0.22876382876382872	inf	0.17455507455507455	-1.0	inf	18.041582107543945	inf	12.984029769897461
73	1	4	3	0.22876382876382872	0.21394901394901392	14.903042793273926	13.976378440856934	inf	inf	inf	inf	inf	inf	inf	inf	inf	inf
74	1	4	4	0.22876382876382872	0.21394901394901392	14.903042793273926	13.976378440856934	0.14901394901394902	inf	0.22876382876382872	0.1611171080002249	0.21967291967291966	41.61748123168945	inf	18.041582107543945	16.306129455566406	21.430179595947266
75	1	5	0	0.21394901394901392	0.005438395714938925	13.976378440856934	37.62458419799805	0.16382876382876382	0.17835497835497835	inf	-1.0	0.11702741702741702	39.37572479248047	25.673503875732422	inf	-1.0	52.397247314453125
76	1	5	1	0.21394901394901392	0.005438395714938925	13.976378440856934	37.62458419799805	-1.0	0.21967291967291966	-1.0	-1.0	-1.0	-1.0	21.09820556640625	-1.0	-1.0	-1.0
77	1	5	2	0.21394901394901392	0.005438395714938925	13.976378440856934	37.62458419799805	-1.0	0.00923845755014586	-1.0	-1.0	-1.0	-1.0	39.10776138305664	-1.0	-1.0	-1.0
78	1	5	3	0.21394901394901392	0.005438395714938925	13.976378440856934	37.62458419799805	inf	inf	inf	inf	inf	inf	inf	inf	inf	inf
79	1	5	4	0.21394901394901392	0.005438395714938925	13.976378440856934	37.62458419799805	-1.0	-1.0	-1.0	inf	-1.0	-1.0	-1.0	-1.0	inf	-1.0
80	1	6	0	0.22876382876382872	0.005438395714938925	18.041582107543945	37.62458419799805	0.18576238576238577	-1.0	inf	inf	inf	27.598918914794922	-1.0	inf	inf	inf
81	1	6	1	0.22876382876382872	0.005438395714938925	18.041582107543945	37.62458419799805	-1.0	0.1851851851851852	0.2024050024050024	0.1842231842231842	-1.0	-1.0	31.379087448120117	17.976459503173828	13.004324913024902	-1.0
82	1	6	2	0.22876382876382872	0.005438395714938925	18.041582107543945	37.62458419799805	0.15772005772005773	0.22496392496392495	-1.0	-1.0	-1.0	26.8306884765625	21.753313064575195	-1.0	-1.0	-1.0
83	1	6	3	0.22876382876382872	0.005438395714938925	18.041582107543945	37.62458419799805	0.19918229918229916	inf	-1.0	inf	inf	20.884544372558594	inf	-1.0	inf	inf
84	1	6	4	0.22876382876382872	0.005438395714938925	18.041582107543945	37.62458419799805	-1.0	0.20336700336700334	-1.0	0.26031746031746034	0.20610870610870613	-1.0	15.269509315490723	-1.0	14.848986625671387	9.592823028564453
85	1	7	0	0.21284271284271283	0.005438395714938925	13.76146411895752	37.62458419799805	0.14935064935064934	inf	0.19639249639249637	-1.0	inf	22.46133804321289	inf	11.108574867248535	-1.0	inf
86	1	7	1	0.21284271284271283	0.005438395714938925	13.76146411895752	37.62458419799805	0.17835497835497835	0.14901394901394902	-1.0	-1.0	-1.0	24.98641586303711	41.625205993652344	-1.0	-1.0	-1.0
87	1	7	2	0.21284271284271283	0.005438395714938925	13.76146411895752	37.62458419799805	0.21924001924001923	inf	inf	0.22135642135642133	-1.0	16.292667388916016	inf	inf	12.786534309387207	-1.0
88	1	7	3	0.21284271284271283	0.005438395714938925	13.76146411895752	37.62458419799805	-1.0	-1.0	0.11702741702741702	inf	inf	-1.0	-1.0	52.397247314453125	inf	inf
89	1	7	4	0.21284271284271283	0.005438395714938925	13.76146411895752	37.62458419799805	-1.0	0.16382876382876382	0.21967291967291966	-1.0	inf	-1.0	39.37572479248047	21.09820556640625	-1.0	inf
90	1	8	0	0.26031746031746034	0.21284271284271283	14.848986625671387	13.76146411895752	inf	-1.0	inf	inf	0.10962000962000962	inf	-1.0	inf	inf	55.20883560180664
91	1	8	1	0.26031746031746034	0.21284271284271283	14.848986625671387	13.76146411895752	inf	-1.0	inf	inf	inf	inf	-1.0	inf	inf	inf
92	1	8	2	0.26031746031746034	0.21284271284271283	14.848986625671387	13.76146411895752	0.18754208754208754	0.21394901394901392	0.19807599807599807	0.1653198653198653	0.22799422799422797	29.18010139465332	13.976378440856934	13.149295806884766	35.087928771972656	18.651140213012695
93	1	8	3	0.26031746031746034	0.21284271284271283	14.848986625671387	13.76146411895752	0.19918229918229916	-1.0	inf	inf	-1.0	21.00370216369629	-1.0	inf	inf	-1.0
94	1	8	4	0.26031746031746034	0.21284271284271283	14.848986625671387	13.76146411895752	-1.0	0.1851851851851852	0.21967291967291966	inf	-1.0	-1.0	31.94630241394043	21.50130844116211	inf	-1.0
95	1	9	0	0.20610870610870613	0.1611171080002249	9.592823028564453	16.306129455566406	-1.0	inf	0.22876382876382872	inf	-1.0	-1.0	inf	14.903042793273926	inf	-1.0
96	1	9	1	0.20610870610870613	0.1611171080002249	9.592823028564453	16.306129455566406	0.1851851851851852	0.16392496392496392	0.2177970177970178	-1.0	0.21515151515151512	31.94630241394043	39.63936996459961	12.451154708862305	-1.0	13.929028511047363
97	1	9	2	0.20610870610870613	0.1611171080002249	9.592823028564453	16.306129455566406	-1.0	-1.0	inf	inf	-1.0	-1.0	-1.0	inf	inf	-1.0
98	1	9	3	0.20610870610870613	0.1611171080002249	9.592823028564453	16.306129455566406	inf	0.17455507455507455	0.19870129870129868	inf	-1.0	inf	12.984029769897461	13.332027435302734	inf	-1.0
99	1	9	4	0.20610870610870613	0.1611171080002249	9.592823028564453	16.306129455566406	-1.0	inf	0.029256854256854255	0.21394901394901392	inf	-1.0	inf	29.6680850982666	12.886591911315918	inf
100	2	0	0	0.0	0.0	141.7423095703125	141.7423095703125	0.10004329004329005	-1.0	-1.0	-1.0	-1.0	52.337425231933594	-1.0	-1.0	-1.0	-1.0
101	2	0	1	0.0	0.0	141.7423095703125	141.7423095703125	0.08809523809523807	0.11190476190476191	0.0880952380952381	0.08333333333333333	0.07380952380952381	20.7202205657959	19.70362663269043	25.80045509338379	31.415058135986328	23.788225173950195
102	2	0	2	0.0	0.0	141.7423095703125	141.7423095703125	0.10269841269841269	inf	0.0967099567099567	0.10603174603174603	-1.0	50.52252960205078	inf	50.38371276855469	52.48067855834961	-1.0
103	2	0	3	0.0	0.0	141.7423095703125	141.7423095703125	inf	inf	inf	inf	inf	inf	inf	inf	inf	inf
104	2	0	4	0.0	0.0	141.7423095703125	141.7423095703125	0.10355596784168213	0.083704390847248	0.08540507111935684	0.08540507111935684	-1.0	26.225828170776367	39.06584167480469	36.066097259521484	34.0198974609375	-1.0
105	2	1	0	0.10355596784168213	0.08540507111935684	26.225828170776367	36.066097259521484	0.09333333333333334	0.10888888888888888	0.09333333333333334	-1.0	0.11111111111111112	14.501991271972656	22.267162322998047	15.427759170532227	-1.0	15.744466781616211
106	2	1	1	0.10355596784168213	0.08540507111935684	26.225828170776367	36.066097259521484	0.14285714285714288	-1.0	inf	0.15714285714285714	-1.0	17.474092483520508	-1.0	inf	19.106496810913086	-1.0
107	2	1	2	0.10355596784168213	0.08540507111935684	26.225828170776367	36.066097259521484	0.47095238095238096	0.5242857142857144	0.5276190476190477	-1.0	0.4876190476190476	18.410907745361328	19.850440979003906	17.80883026123047	-1.0	18.789854049682617
108	2	1	3	0.10355596784168213	0.08540507111935684	26.225828170776367	36.066097259521484	inf	inf	inf	inf	inf	inf	inf	inf	inf	inf
109	2	1	4	0.10355596784168213	0.08540507111935684	26.225828170776367	36.066097259521484	inf	inf	-1.0	inf	0.08914656771799628	inf	inf	-1.0	inf	38.87074279785156
110	2	2	0	0.10355596784168213	0.08540507111935684	26.225828170776367	34.0198974609375	0.12936507936507935	0.132010582010582	-1.0	-1.0	-1.0	15.903911590576172	14.995731353759766	-1.0	-1.0	-1.0
111	2	2	1	0.10355596784168213	0.08540507111935684	26.225828170776367	34.0198974609375	0.1261904761904762	-1.0	inf	-1.0	0.09761904761904762	15.12913990020752	-1.0	inf	-1.0	43.159217834472656
112	2	2	2	0.10355596784168213	0.08540507111935684	26.225828170776367	34.0198974609375	0.10978835978835978	0.11455026455026456	-1.0	0.11005291005291006	-1.0	17.11009979248047	14.362042427062988	-1.0	20.304946899414062	-1.0
113	2	2	3	0.10355596784168213	0.08540507111935684	26.225828170776367	34.0198974609375	inf	inf	inf	inf	inf	inf	inf	inf	inf	inf
114	2	2	4	0.10355596784168213	0.08540507111935684	26.225828170776367	34.0198974609375	0.08914656771799628	inf	0.0867656153370439	-1.0	inf	40.22895050048828	inf	41.887939453125	-1.0	inf
115	2	3	0	0.083704390847248	0.08914656771799628	39.06584167480469	40.22895050048828	0.1894179894179894	0.18192239858906525	0.1849206349206349	inf	0.2171957671957672	12.04428482055664	16.688589096069336	13.361711502075195	inf	10.85578441619873
116	2	3	1	0.083704390847248	0.08914656771799628	39.06584167480469	40.22895050048828	0.10714285714285715	0.08571428571428573	inf	0.12857142857142856	0.0976190476190476	15.244502067565918	34.94635009765625	inf	22.447574615478516	23.659687042236328
117	2	3	2	0.083704390847248	0.08914656771799628	39.06584167480469	40.22895050048828	0.10978835978835978	-1.0	0.10358900358900358	0.11005291005291006	-1.0	15.603081703186035	-1.0	33.369266510009766	16.380765914916992	-1.0
118	2	3	3	0.083704390847248	0.08914656771799628	39.06584167480469	40.22895050048828	inf	inf	inf	inf	inf	inf	inf	inf	inf	inf
119	2	3	4	0.083704390847248	0.08914656771799628	39.06584167480469	40.22895050048828	inf	inf	inf	0.08871366728509585	inf	inf	inf	inf	32.85517501831055	inf
120	2	4	0	0.0	0.08540507111935684	141.7423095703125	36.066097259521484	inf	inf	inf	0.1598639455782313	-1.0	inf	inf	inf	10.773046493530273	-1.0
121	2	4	1	0.0	0.08540507111935684	141.7423095703125	36.066097259521484	0.20714285714285716	inf	inf	inf	-1.0	15.98673152923584	inf	inf	inf	-1.0
122	2	4	2	0.0	0.08540507111935684	141.7423095703125	36.066097259521484	0.10502645502645502	-1.0	0.11402116402116402	0.10714285714285714	-1.0	22.854707717895508	-1.0	16.0026912689209	21.018558502197266	-1.0
123	2	4	3	0.0	0.08540507111935684	141.7423095703125	36.066097259521484	inf	0.14444444444444443	inf	inf	-1.0	inf	9.050813674926758	inf	inf	-1.0
124	2	4	4	0.0	0.08540507111935684	141.7423095703125	36.066097259521484	inf	inf	inf	inf	inf	inf	inf	inf	inf	inf
125	2	5	0	0.08871366728509585	0.0	32.85517501831055	141.7423095703125	inf	0.1280952380952381	inf	inf	inf	inf	21.338411331176758	inf	inf	inf
126	2	5	1	0.08871366728509585	0.0	32.85517501831055	141.7423095703125	0.1119047619047619	0.10714285714285714	-1.0	-1.0	-1.0	31.41549301147461	35.0560417175293	-1.0	-1.0	-1.0
127	2	5	2	0.08871366728509585	0.0	32.85517501831055	141.7423095703125	0.10608465608465607	-1.0	0.10264550264550265	0.10026455026455026	0.10502645502645502	33.89106750488281	-1.0	36.96633529663086	40.90707778930664	35.06624221801758
128	2	5	3	0.08871366728509585	0.0	32.85517501831055	141.7423095703125	inf	0.10148148148148149	inf	0.11469135802469137	inf	inf	29.389400482177734	inf	10.659326553344727	inf
129	2	5	4	0.08871366728509585	0.0	32.85517501831055	141.7423095703125	0.07804576376004947	-1.0	inf	-1.0	-1.0	33.00358200073242	-1.0	inf	-1.0	-1.0
130	2	6	0	0.08871366728509585	0.07804576376004947	32.85517501831055	33.00358200073242	inf	0.14285714285714288	0.14285714285714288	inf	0.1357142857142857	inf	11.967291831970215	13.162029266357422	inf	16.430315017700195
131	2	6	1	0.08871366728509585	0.07804576376004947	32.85517501831055	33.00358200073242	inf					inf				
132	2	6	2	0.08871366728509585	0.07804576376004947	32.85517501831055	33.00358200073242	0.10238095238095239	0.10952380952380952	inf	0.0976190476190476	0.10952380952380952	35.23011779785156	27.985158920288086	inf	38.38685989379883	26.73948860168457
133	2	6	3	0.08871366728509585	0.07804576376004947	32.85517501831055	33.00358200073242	inf	inf	0.10185185185185186	-1.0	0.09666666666666668	inf	inf	21.009496688842773	-1.0	25.769460678100586
134	2	6	4	0.08871366728509585	0.07804576376004947	32.85517501831055	33.00358200073242	inf	0.09236239950525665	0.08472479901051329	0.09066171923314781	-1.0	inf	28.41990852355957	27.80754852294922	27.32162857055664	-1.0
135	2	7	0	0.0867656153370439	0.08472479901051329	41.887939453125	27.80754852294922	inf	0.14761904761904762	inf	-1.0	0.14047619047619048	inf	12.706619262695312	inf	-1.0	12.936052322387695
136	2	7	1	0.0867656153370439	0.08472479901051329	41.887939453125	27.80754852294922	0.0880952380952381					52.770599365234375				
137	2	7	2	0.0867656153370439	0.08472479901051329	41.887939453125	27.80754852294922	inf	0.08528138528138529	-1.0	0.13463203463203463	0.10940574576938213	inf	24.250112533569336	-1.0	37.59840774536133	23.64527702331543
138	2	7	3	0.0867656153370439	0.08472479901051329	41.887939453125	27.80754852294922	inf	inf	0.08428571428571428	inf	-1.0	inf	inf	33.96183395385742	inf	-1.0
139	2	7	4	0.0867656153370439	0.08472479901051329	41.887939453125	27.80754852294922	0.08809523809523807	0.09304267161410018	inf	-1.0	-1.0	28.76314926147461	29.537242889404297	inf	-1.0	-1.0
140	2	8	0	0.0867656153370439	0.08472479901051329	41.887939453125	27.80754852294922	0.04404761904761904	inf	inf	inf	inf	26.76390838623047	inf	inf	inf	inf
141	2	8	1	0.0867656153370439	0.08472479901051329	41.887939453125	27.80754852294922	-1.0	0.0976190476190476	-1.0	0.0976190476190476	inf	-1.0	43.975929260253906	-1.0	44.94589614868164	inf
142	2	8	2	0.0867656153370439	0.08472479901051329	41.887939453125	27.80754852294922	0.1119047619047619	0.13256373256373255	0.13722943722943723	0.13265512265512266	0.10064935064935066	26.804271697998047	34.46131896972656	10.594738006591797	33.697669982910156	37.292110443115234
143	2	8	3	0.0867656153370439	0.08472479901051329	41.887939453125	27.80754852294922	inf	inf	inf	0.09444444444444444	inf	inf	inf	inf	19.87112808227539	inf
144	2	8	4	0.0867656153370439	0.08472479901051329	41.887939453125	27.80754852294922	inf	inf	inf	inf	inf	inf	inf	inf	inf	inf
145	2	9	0	0.0	0.09304267161410018	141.7423095703125	29.537242889404297	inf	inf	inf	inf	inf	inf	inf	inf	inf	inf
146	2	9	1	0.0	0.09304267161410018	141.7423095703125	29.537242889404297	inf	inf				inf	inf			
147	2	9	2	0.0	0.09304267161410018	141.7423095703125	29.537242889404297	0.09999999999999999	0.09523809523809523	-1.0	-1.0	-1.0	28.856586456298828	33.30162048339844	-1.0	-1.0	-1.0
148	2	9	3	0.0	0.09304267161410018	141.7423095703125	29.537242889404297	inf	0.10049382716049382	inf	inf	0.09777777777777778	inf	19.74883460998535	inf	inf	20.796546936035156
149	2	9	4	0.0	0.09304267161410018	141.7423095703125	29.537242889404297	inf	inf	inf	inf	0.10238095238095236	inf	inf	inf	inf	29.613710403442383
150	3	0	0	0.0	0.0	141.7423095703125	141.7423095703125	inf	inf	inf	inf	inf	inf	inf	inf	inf	inf
151	3	0	1	0.0	0.0	141.7423095703125	141.7423095703125	0.14444444444444443	0.1931216931216931	0.1656084656084656	-1.0	inf	15.54963207244873	12.638603210449219	13.030515670776367	-1.0	inf
152	3	0	2	0.0	0.0	141.7423095703125	141.7423095703125	0.08888888888888889	-1.0	-1.0	-1.0	-1.0	42.19002151489258	-1.0	-1.0	-1.0	-1.0
153	3	0	3	0.0	0.0	141.7423095703125	141.7423095703125	inf	0.16298701298701299	-1.0	-1.0	-1.0	inf	22.221879959106445	-1.0	-1.0	-1.0
154	3	0	4	0.0	0.0	141.7423095703125	141.7423095703125	0.11402597402597403	0.10069264069264068	0.11402597402597403	-1.0	-1.0	41.977542877197266	49.26722717285156	42.252960205078125	-1.0	-1.0
155	3	1	0	0.0	0.11402597402597403	141.7423095703125	41.977542877197266	inf	inf	inf	inf	inf	inf	inf	inf	inf	inf
156	3	1	1	0.0	0.11402597402597403	141.7423095703125	41.977542877197266	inf	0.25396825396825395	0.05238095238095238	inf	inf	inf	29.398340225219727	5.578810691833496	inf	inf
157	3	1	2	0.0	0.11402597402597403	141.7423095703125	41.977542877197266	0.09047619047619047	-1.0	inf	inf	inf	13.245414733886719	-1.0	inf	inf	inf
158	3	1	3	0.0	0.11402597402597403	141.7423095703125	41.977542877197266	0.13386243386243388	inf	inf	inf	0.12857142857142856	11.732385635375977	inf	inf	inf	11.635254859924316
159	3	1	4	0.0	0.11402597402597403	141.7423095703125	41.977542877197266	0.09612244897959184	-1.0	-1.0	-1.0	inf	18.037778854370117	-1.0	-1.0	-1.0	inf
160	3	2	0	0.10069264069264068	0.09612244897959184	49.26722717285156	18.037778854370117	inf	inf	inf	inf	inf	inf	inf	inf	inf	inf
161	3	2	1	0.10069264069264068	0.09612244897959184	49.26722717285156	18.037778854370117	inf	inf	inf	inf	inf	inf	inf	inf	inf	inf
162	3	2	2	0.10069264069264068	0.09612244897959184	49.26722717285156	18.037778854370117	0.09047619047619047	0.09523809523809523	inf	inf	inf	17.19428253173828	15.627763748168945	inf	inf	inf
163	3	2	3	0.10069264069264068	0.09612244897959184	49.26722717285156	18.037778854370117	0.1164021164021164	inf	inf	0.1015873015873016	0.1015873015873016	10.494997024536133	inf	inf	20.911325454711914	19.20859718322754
164	3	2	4	0.10069264069264068	0.09612244897959184	49.26722717285156	18.037778854370117	0.11619047619047618	inf	0.12095238095238096	0.1253968253968254	0.12095238095238096	16.58313751220703	inf	16.347732543945312	17.890182495117188	16.79485511779785
165	3	3	0	0.0	0.0	141.7423095703125	141.7423095703125	inf	inf	inf	inf	0.09923941798941799	inf	inf	inf	inf	29.015457153320312
166	3	3	1	0.0	0.0	141.7423095703125	141.7423095703125	inf	-1.0	-1.0	inf	-1.0	inf	-1.0	-1.0	inf	-1.0
167	3	3	2	0.0	0.0	141.7423095703125	141.7423095703125	inf	inf	inf	inf	inf	inf	inf	inf	inf	inf
168	3	3	3	0.0	0.0	141.7423095703125	141.7423095703125	0.12433862433862435	0.12195767195767195	0.14947089947089945	-1.0	-1.0	12.196822166442871	12.941904067993164	14.702649116516113	-1.0	-1.0
169	3	3	4	0.0	0.0	141.7423095703125	141.7423095703125	inf	inf	0.09761904761904762	inf	inf	inf	inf	41.76493453979492	inf	inf
170	3	4	0	0.11619047619047618	0.09612244897959184	16.58313751220703	18.037778854370117	-1.0	inf	inf	0.09923941798941799	0.09923941798941799	-1.0	inf	inf	30.783706665039062	32.41828918457031
171	3	4	1	0.11619047619047618	0.09612244897959184	16.58313751220703	18.037778854370117	inf	0.13285233285233286	0.13285233285233286	inf	-1.0	inf	13.34518814086914	17.396648406982422	inf	-1.0
172	3	4	2	0.11619047619047618	0.09612244897959184	16.58313751220703	18.037778854370117	inf	inf	inf	inf	inf	inf	inf	inf	inf	inf
173	3	4	3	0.11619047619047618	0.09612244897959184	16.58313751220703	18.037778854370117	0.10952380952380952	0.11666666666666665	inf	0.11428571428571428	inf	14.713507652282715	12.910005569458008	inf	15.24338436126709	inf
174	3	4	4	0.11619047619047618	0.09612244897959184	16.58313751220703	18.037778854370117	inf	0.1261904761904762	inf	inf	0.12	inf	17.55506134033203	inf	inf	26.97681427001953
175	3	5	0	0.09761904761904762	0.12095238095238096	41.76493453979492	16.79485511779785	inf	0.1595238095238095	inf	0.13333333333333333	inf	inf	22.990943908691406	inf	30.727323532104492	inf
176	3	5	1	0.09761904761904762	0.12095238095238096	41.76493453979492	16.79485511779785	0.13174603174603175	0.1344155844155844	0.13412698412698412	0.13783068783068783	-1.0	16.942121505737305	19.35199737548828	16.165729522705078	19.734495162963867	-1.0
177	3	5	2	0.09761904761904762	0.12095238095238096	41.76493453979492	16.79485511779785	inf	inf	inf	inf	inf	inf	inf	inf	inf	inf
178	3	5	3	0.09761904761904762	0.12095238095238096	41.76493453979492	16.79485511779785	0.10476190476190476	-1.0	0.09999999999999999	0.19324194324194324	inf	15.035765647888184	-1.0	17.186397552490234	21.717519760131836	inf
179	3	5	4	0.09761904761904762	0.12095238095238096	41.76493453979492	16.79485511779785	inf	inf	inf	0.18333333333333335	0.14857142857142858	inf	inf	inf	15.471151351928711	27.260251998901367
180	3	6	0	0.11402597402597403	0.0	41.977542877197266	141.7423095703125	inf	inf	inf	inf	inf	inf	inf	inf	inf	inf
181	3	6	1	0.11402597402597403	0.0	41.977542877197266	141.7423095703125	inf					inf				
182	3	6	2	0.11402597402597403	0.0	41.977542877197266	141.7423095703125	inf	inf	inf	inf	inf	inf	inf	inf	inf	inf
183	3	6	3	0.11402597402597403	0.0	41.977542877197266	141.7423095703125	inf	inf	inf	inf	inf	inf	inf	inf	inf	inf
184	3	6	4	0.11402597402597403	0.0	41.977542877197266	141.7423095703125	inf	inf	inf	inf	inf	inf	inf	inf	inf	inf
185	3	7	0	0.12095238095238096	0.11619047619047618	16.347732543945312	16.58313751220703	0.22142857142857145	0.20476190476190478	inf	inf	0.15238095238095237	12.49017333984375	13.50278377532959	inf	inf	15.84347152709961
186	3	7	1	0.12095238095238096	0.11619047619047618	16.347732543945312	16.58313751220703	0.1298220298220298	0.14304954304954307	-1.0	-1.0	0.14194324194324193	11.23833179473877	10.60947036743164	-1.0	-1.0	12.632500648498535
187	3	7	2	0.12095238095238096	0.11619047619047618	16.347732543945312	16.58313751220703	inf	inf	inf	inf	inf	inf	inf	inf	inf	inf
188	3	7	3	0.12095238095238096	0.11619047619047618	16.347732543945312	16.58313751220703	inf	inf	inf	inf	0.13333333333333333	inf	inf	inf	inf	36.573570251464844
189	3	7	4	0.12095238095238096	0.11619047619047618	16.347732543945312	16.58313751220703	inf	0.0976190476190476	inf	inf	inf	inf	15.848368644714355	inf	inf	inf
190	3	8	0	0.12	0.11619047619047618	26.97681427001953	16.58313751220703	0.3166666666666667	0.3261904761904762	0.30714285714285716	0.2119047619047619	0.13809523809523808	17.909297943115234	16.277219772338867	17.955209732055664	14.09160041809082	15.219286918640137
191	3	8	1	0.12	0.11619047619047618	26.97681427001953	16.58313751220703	0.11296296296296297	0.14718614718614717	0.12534391534391534	-1.0	inf	11.93843936920166	12.00322151184082	8.614532470703125	-1.0	inf
192	3	8	2	0.12	0.11619047619047618	26.97681427001953	16.58313751220703	inf	inf	inf	inf	inf	inf	inf	inf	inf	inf
193	3	8	3	0.12	0.11619047619047618	26.97681427001953	16.58313751220703	inf	inf	0.10714285714285714	inf	inf	inf	inf	22.832870483398438	inf	inf
194	3	8	4	0.12	0.11619047619047618	26.97681427001953	16.58313751220703	inf	inf	0.10238095238095239	inf	inf	inf	inf	17.685199737548828	inf	inf
195	3	9	0	0.12095238095238096	0.11402597402597403	16.79485511779785	42.252960205078125	0.10476190476190476	0.14047619047619048	0.13095238095238096	0.1119047619047619	0.10952380952380952	14.733720779418945	19.9432430267334	17.546672821044922	14.00792407989502	14.591165542602539
196	3	9	1	0.12095238095238096	0.11402597402597403	16.79485511779785	42.252960205078125	0.10004329004329005	inf	-1.0	inf	inf	52.337425231933594	inf	-1.0	inf	inf
197	3	9	2	0.12095238095238096	0.11402597402597403	16.79485511779785	42.252960205078125	inf	inf	inf	inf	inf	inf	inf	inf	inf	inf
198	3	9	3	0.12095238095238096	0.11402597402597403	16.79485511779785	42.252960205078125	0.11666666666666665	inf	inf	0.12142857142857143	-1.0	19.82337760925293	inf	inf	18.47221565246582	-1.0
199	3	9	4	0.12095238095238096	0.11402597402597403	16.79485511779785	42.252960205078125	0.1119047619047619	inf	inf	-1.0	0.1119047619047619	19.322219848632812	inf	inf	-1.0	19.930688858032227
