	reset_island_iter	improve_iter	island	program_1_hamming_score	program_2_hamming_score	program_1_neural_score	program_2_neural_score	output_program_1_hamming_score	output_program_2_hamming_score	output_program_3_hamming_score	output_program_4_hamming_score	output_program_5_hamming_score	output_program_1_neural_score	output_program_2_neural_score	output_program_3_neural_score	output_program_4_neural_score	output_program_5_neural_score
0	0	0	0	3.5	3.5	16.45052146911621	16.45052146911621	inf	inf	inf	inf	inf	inf	inf	inf	inf	inf
1	0	0	1	3.5	3.5	16.45052146911621	16.45052146911621	4.0	4.75	3.75	4.0	inf	6.742300510406494	5.352553367614746	8.043274879455566	8.2847318649292	inf
2	0	0	2	3.5	3.5	16.45052146911621	16.45052146911621	6.0	15.75	16.5	inf	4.5	25.38003921508789	73.99739837646484	74.44279479980469	inf	3.7471373081207275
3	0	0	3	3.5	3.5	16.45052146911621	16.45052146911621	4.5	3.5	3.5	3.75	inf	3.768106698989868	8.57701301574707	3.4196512699127197	5.718990325927734	inf
4	0	0	4	3.5	3.5	16.45052146911621	16.45052146911621	4.25	4.25	-1.0	-1.0	5.0	2.563530206680298	3.1696605682373047	-1.0	-1.0	3.02549409866333
5	0	1	0	3.5	4.25	16.45052146911621	2.563530206680298	inf	4.5	inf	inf	6.0	inf	3.3337669372558594	inf	inf	25.38003921508789
6	0	1	1	3.5	4.25	16.45052146911621	2.563530206680298	4.5	inf	3.5	3.5	3.75	4.456028461456299	inf	3.922459125518799	2.521998167037964	6.851104259490967
7	0	1	2	3.5	4.25	16.45052146911621	2.563530206680298	6.0	inf	-1.0	4.5	inf	24.870588302612305	inf	-1.0	2.509215831756592	inf
8	0	1	3	3.5	4.25	16.45052146911621	2.563530206680298	inf	-1.0	-1.0	-1.0	4.0	inf	-1.0	-1.0	-1.0	8.74746322631836
9	0	1	4	3.5	4.25	16.45052146911621	2.563530206680298	4.0	3.0	4.5	4.5	5.0	2.690073251724243	3.782345771789551	3.6553988456726074	3.1586010456085205	25.477113723754883
10	0	2	0	4.5	3.0	3.6553988456726074	3.782345771789551	4.0	4.25	5.5	-1.0	4.5	2.8473196029663086	4.877830505371094	25.22420310974121	-1.0	4.1648969650268555
11	0	2	1	4.5	3.0	3.6553988456726074	3.782345771789551	4.5	inf	4.25	4.75	3.25	2.892320394515991	inf	6.636207103729248	2.9268853664398193	4.140275478363037
12	0	2	2	4.5	3.0	3.6553988456726074	3.782345771789551	inf	inf	inf	inf	3.25	inf	inf	inf	inf	15.624076843261719
13	0	2	3	4.5	3.0	3.6553988456726074	3.782345771789551	inf	-1.0	-1.0	-1.0	-1.0	inf	-1.0	-1.0	-1.0	-1.0
14	0	2	4	4.5	3.0	3.6553988456726074	3.782345771789551	4.5	3.5	3.75	4.0	inf	3.742856025695801	8.451011657714844	3.974292755126953	11.9320650100708	inf
15	0	3	0	4.0	4.25	11.9320650100708	2.563530206680298	4.25	4.5	inf	inf	inf	4.544625282287598	3.2541840076446533	inf	inf	inf
16	0	3	1	4.0	4.25	11.9320650100708	2.563530206680298	3.5	-1.0	2.75	-1.0	3.5	3.707451105117798	-1.0	3.4086685180664062	-1.0	3.441838502883911
17	0	3	2	4.0	4.25	11.9320650100708	2.563530206680298	inf	inf	inf	14.5	inf	inf	inf	inf	22.411224365234375	inf
18	0	3	3	4.0	4.25	11.9320650100708	2.563530206680298	4.0	inf	3.5	4.0	-1.0	7.800457000732422	inf	7.719019412994385	7.337032318115234	-1.0
19	0	3	4	4.0	4.25	11.9320650100708	2.563530206680298	inf	4.5	-1.0	-1.0	-1.0	inf	3.2541840076446533	-1.0	-1.0	-1.0
20	0	4	0	3.5	3.5	16.45052146911621	16.45052146911621	-1.0	inf	4.75	3.5	inf	-1.0	inf	3.8322625160217285	16.45052146911621	inf
21	0	4	1	3.5	3.5	16.45052146911621	16.45052146911621	3.5	4.0	4.25	-1.0	4.0	11.915608406066895	3.661714553833008	3.6910758018493652	-1.0	3.292179584503174
22	0	4	2	3.5	3.5	16.45052146911621	16.45052146911621	inf	inf	inf	inf	inf	inf	inf	inf	inf	inf
23	0	4	3	3.5	3.5	16.45052146911621	16.45052146911621	3.5	-1.0	-1.0	-1.0	-1.0	7.610973834991455	-1.0	-1.0	-1.0	-1.0
24	0	4	4	3.5	3.5	16.45052146911621	16.45052146911621	inf	inf	inf			inf	inf	inf		
25	0	5	0	4.25	4.5	2.563530206680298	3.742856025695801	inf	inf	inf	inf	inf	inf	inf	inf	inf	inf
26	0	5	1	4.25	4.5	2.563530206680298	3.742856025695801	4.0	4.5	4.0	inf	4.5	3.257662057876587	3.2541840076446533	3.050863027572632	inf	2.9182591438293457
27	0	5	2	4.25	4.5	2.563530206680298	3.742856025695801	inf	inf				inf	inf			
28	0	5	3	4.25	4.5	2.563530206680298	3.742856025695801	4.5	inf	5.5	-1.0	3.25	4.180935859680176	inf	24.753698348999023	-1.0	2.8233344554901123
29	0	5	4	4.25	4.5	2.563530206680298	3.742856025695801	3.25	4.25	3.0	4.25	-1.0	2.8233344554901123	4.841839790344238	2.9416885375976562	3.3949644565582275	-1.0
30	0	6	0	4.25	3.5	4.841839790344238	16.45052146911621	3.75	inf	inf	inf	inf	6.847292900085449	inf	inf	inf	inf
31	0	6	1	4.25	3.5	4.841839790344238	16.45052146911621	-1.0	-1.0	-1.0	-1.0	-1.0	-1.0	-1.0	-1.0	-1.0	-1.0
32	0	6	2	4.25	3.5	4.841839790344238	16.45052146911621	inf	inf	8.0	inf	inf	inf	inf	45.96076202392578	inf	inf
33	0	6	3	4.25	3.5	4.841839790344238	16.45052146911621	3.25	-1.0	4.0	-1.0	-1.0	3.2118728160858154	-1.0	8.079947471618652	-1.0	-1.0
34	0	6	4	4.25	3.5	4.841839790344238	16.45052146911621	-1.0	-1.0	-1.0	-1.0	-1.0	-1.0	-1.0	-1.0	-1.0	-1.0
35	0	7	0	4.0	3.0	11.9320650100708	3.782345771789551	4.0	inf	inf	3.5	inf	3.348172664642334	inf	inf	2.512920379638672	inf
36	0	7	1	4.0	3.0	11.9320650100708	3.782345771789551	-1.0	4.5	-1.0	3.5	-1.0	-1.0	2.834045648574829	-1.0	16.45052146911621	-1.0
37	0	7	2	4.0	3.0	11.9320650100708	3.782345771789551	4.0					3.385263204574585				
38	0	7	3	4.0	3.0	11.9320650100708	3.782345771789551	4.25	4.5	4.25	inf	4.25	5.750688552856445	3.2541840076446533	3.956307888031006	inf	3.902092933654785
39	0	7	4	4.0	3.0	11.9320650100708	3.782345771789551	-1.0	-1.0	-1.0	-1.0	-1.0	-1.0	-1.0	-1.0	-1.0	-1.0
40	0	8	0	3.5	3.5	8.451011657714844	16.45052146911621	inf	4.5	inf	4.25	-1.0	inf	2.9616847038269043	inf	3.609694480895996	-1.0
41	0	8	1	3.5	3.5	8.451011657714844	16.45052146911621	3.25	-1.0	4.0	-1.0	3.75	2.4692115783691406	-1.0	5.439135551452637	-1.0	4.598171234130859
42	0	8	2	3.5	3.5	8.451011657714844	16.45052146911621	4.0	4.75	4.0	7.0	6.5	3.0553088188171387	4.992875576019287	5.761739253997803	46.541954040527344	27.303234100341797
43	0	8	3	3.5	3.5	8.451011657714844	16.45052146911621	-1.0	3.5	-1.0	-1.0	-1.0	-1.0	10.12328052520752	-1.0	-1.0	-1.0
44	0	8	4	3.5	3.5	8.451011657714844	16.45052146911621	3.5	-1.0	-1.0	3.5	-1.0	8.759490966796875	-1.0	-1.0	7.926450729370117	-1.0
45	0	9	0	3.25	3.75	2.8233344554901123	3.974292755126953	4.75	-1.0	4.25	6.25	4.25	2.8220701217651367	-1.0	3.1696605682373047	8.583097457885742	3.4880151748657227
46	0	9	1	3.25	3.75	2.8233344554901123	3.974292755126953	3.0	3.5	4.5	-1.0	-1.0	3.685243606567383	3.5654592514038086	5.46207857131958	-1.0	-1.0
47	0	9	2	3.25	3.75	2.8233344554901123	3.974292755126953	4.5	4.75	4.0	4.75	-1.0	6.149075984954834	4.487924098968506	11.583281517028809	5.352553367614746	-1.0
48	0	9	3	3.25	3.75	2.8233344554901123	3.974292755126953	3.75	3.75	-1.0	-1.0	3.5	4.964924335479736	3.623406171798706	-1.0	-1.0	2.9632115364074707
49	0	9	4	3.25	3.75	2.8233344554901123	3.974292755126953	2.75	3.75	-1.0	4.75	-1.0	3.5095345973968506	2.236180305480957	-1.0	3.604856252670288	-1.0
50	1	0	0	3.25	3.25	14.166848182678223	3.2118728160858154	6.0	-1.0	-1.0	-1.0	5.25	19.443592071533203	-1.0	-1.0	-1.0	19.20635986328125
51	1	0	1	3.25	3.25	14.166848182678223	3.2118728160858154	-1.0	-1.0	2.5	3.0	3.25	-1.0	-1.0	2.1241109371185303	4.567604064941406	3.573739528656006
52	1	0	2	3.25	3.25	14.166848182678223	3.2118728160858154	-1.0	-1.0	2.5	2.75	-1.0	-1.0	-1.0	3.3389265537261963	2.8509819507598877	-1.0
53	1	0	3	3.25	3.25	14.166848182678223	3.2118728160858154	3.75	4.5	inf	inf	-1.0	5.102312088012695	5.02186393737793	inf	inf	-1.0
54	1	0	4	3.25	3.25	14.166848182678223	3.2118728160858154	3.0	2.75	3.5	inf	-1.0	3.6183066368103027	3.621872901916504	5.639318943023682	inf	-1.0
55	1	1	0	3.0	2.75	3.6183066368103027	3.621872901916504	5.75	-1.0	4.25	-1.0	-1.0	2.6538503170013428	-1.0	2.1800057888031006	-1.0	-1.0
56	1	1	1	3.0	2.75	3.6183066368103027	3.621872901916504	3.75	3.5	3.25	3.5	3.5	6.851104259490967	3.5654592514038086	2.8233344554901123	1.9166573286056519	3.106158971786499
57	1	1	2	3.0	2.75	3.6183066368103027	3.621872901916504	3.5	4.0	-1.0	-1.0	-1.0	3.5654592514038086	3.7210640907287598	-1.0	-1.0	-1.0
58	1	1	3	3.0	2.75	3.6183066368103027	3.621872901916504	4.5	4.25	inf	3.5	-1.0	4.177248954772949	6.5739922523498535	inf	16.45052146911621	-1.0
59	1	1	4	3.0	2.75	3.6183066368103027	3.621872901916504	inf	3.5	4.5	4.5	4.25	inf	3.5654592514038086	4.088638782501221	3.2541840076446533	3.008242130279541
60	1	2	0	3.25	3.25	14.166848182678223	3.2118728160858154	4.75					3.9920308589935303				
61	1	2	1	3.25	3.25	14.166848182678223	3.2118728160858154	-1.0	4.0	3.5	-1.0	3.75	-1.0	8.2847318649292	3.441838502883911	-1.0	8.043274879455566
62	1	2	2	3.25	3.25	14.166848182678223	3.2118728160858154	4.25	4.5	-1.0	4.25	4.25	4.841839790344238	2.952361822128296	-1.0	7.11905574798584	6.995281219482422
63	1	2	3	3.25	3.25	14.166848182678223	3.2118728160858154	4.25	inf	5.25	inf	-1.0	4.145702362060547	inf	3.6305618286132812	inf	-1.0
64	1	2	4	3.25	3.25	14.166848182678223	3.2118728160858154	inf	inf	inf	-1.0	3.25	inf	inf	inf	-1.0	4.07477331161499
65	1	3	0	3.0	3.5	3.6183066368103027	5.639318943023682	inf	3.5	inf	inf	inf	inf	2.7898852825164795	inf	inf	inf
66	1	3	1	3.0	3.5	3.6183066368103027	5.639318943023682	-1.0	4.5	-1.0	3.5	-1.0	-1.0	3.4957587718963623	-1.0	3.9807186126708984	-1.0
67	1	3	2	3.0	3.5	3.6183066368103027	5.639318943023682	-1.0	4.0	-1.0	inf	3.0	-1.0	3.4981136322021484	-1.0	inf	2.404946804046631
68	1	3	3	3.0	3.5	3.6183066368103027	5.639318943023682	inf	inf	inf	inf	4.75	inf	inf	inf	inf	25.267824172973633
69	1	3	4	3.0	3.5	3.6183066368103027	5.639318943023682	4.75	4.5	4.5	3.5	inf	5.403571605682373	4.180935859680176	3.935859441757202	8.236109733581543	inf
70	1	4	0	3.25	4.5	4.07477331161499	3.935859441757202	4.75	4.0	inf	inf	-1.0	3.317180633544922	3.0676028728485107	inf	inf	-1.0
71	1	4	1	3.25	4.5	4.07477331161499	3.935859441757202	-1.0	3.75	4.0	4.25	4.0	-1.0	7.875114440917969	4.618539333343506	6.636207103729248	3.0172719955444336
72	1	4	2	3.25	4.5	4.07477331161499	3.935859441757202	-1.0	4.0	-1.0	3.25	-1.0	-1.0	3.0676028728485107	-1.0	2.8233344554901123	-1.0
73	1	4	3	3.25	4.5	4.07477331161499	3.935859441757202	4.75	inf	5.0	inf	inf	3.3591158390045166	inf	3.534238576889038	inf	inf
74	1	4	4	3.25	4.5	4.07477331161499	3.935859441757202	inf	3.0	3.0	3.0	inf	inf	2.549832820892334	4.011074542999268	3.2417619228363037	inf
75	1	5	0	2.75	3.0	3.621872901916504	3.6183066368103027	4.5	-1.0	8.25	-1.0	-1.0	2.952361822128296	-1.0	81.52616882324219	-1.0	-1.0
76	1	5	1	2.75	3.0	3.621872901916504	3.6183066368103027	4.25	4.5	4.25	4.75	-1.0	6.284623146057129	4.481250762939453	5.223223686218262	4.323055744171143	-1.0
77	1	5	2	2.75	3.0	3.621872901916504	3.6183066368103027	4.5	-1.0	4.0	-1.0	-1.0	2.7755043506622314	-1.0	2.7088801860809326	-1.0	-1.0
78	1	5	3	2.75	3.0	3.621872901916504	3.6183066368103027	inf	inf	inf	4.5	4.25	inf	inf	inf	4.138901710510254	10.799559593200684
79	1	5	4	2.75	3.0	3.621872901916504	3.6183066368103027	inf	3.5	-1.0	-1.0	-1.0	inf	5.395747184753418	-1.0	-1.0	-1.0
80	1	6	0	3.0	4.5	3.2417619228363037	3.935859441757202	inf	5.0	4.25	3.75	4.75	inf	3.879119873046875	4.074462890625	3.580930471420288	3.6752877235412598
81	1	6	1	3.0	4.5	3.2417619228363037	3.935859441757202	2.75	-1.0	4.5	3.5	4.25	2.203071117401123	-1.0	3.570652723312378	2.777095317840576	3.546300172805786
82	1	6	2	3.0	4.5	3.2417619228363037	3.935859441757202	4.5	3.75	-1.0	-1.0	3.5	3.2541840076446533	3.8785128593444824	-1.0	-1.0	16.45052146911621
83	1	6	3	3.0	4.5	3.2417619228363037	3.935859441757202	3.25	4.25	inf	5.0	inf	10.431041717529297	6.850724697113037	inf	3.192546844482422	inf
84	1	6	4	3.0	4.5	3.2417619228363037	3.935859441757202	inf	inf	4.0	inf	4.5	inf	inf	4.618539333343506	inf	7.870294094085693
85	1	7	0	3.0	3.5	3.2417619228363037	5.639318943023682	inf	inf	inf	inf	inf	inf	inf	inf	inf	inf
86	1	7	1	3.0	3.5	3.2417619228363037	5.639318943023682	-1.0	-1.0	-1.0	-1.0	4.5	-1.0	-1.0	-1.0	-1.0	3.0646512508392334
87	1	7	2	3.0	3.5	3.2417619228363037	5.639318943023682	4.5	-1.0	4.5	4.25	3.0	3.0610640048980713	-1.0	3.1586010456085205	3.3949644565582275	2.4559731483459473
88	1	7	3	3.0	3.5	3.2417619228363037	5.639318943023682	4.5	3.5	3.75	-1.0	inf	3.0308899879455566	6.972244739532471	3.89715838432312	-1.0	inf
89	1	7	4	3.0	3.5	3.2417619228363037	5.639318943023682	inf	4.25	inf	4.25	4.75	inf	6.284623146057129	inf	5.960184574127197	4.73026180267334
90	1	8	0	2.75	3.25	3.621872901916504	3.2118728160858154	4.25	inf	4.5	-1.0	-1.0	3.7597711086273193	inf	3.2541840076446533	-1.0	-1.0
91	1	8	1	2.75	3.25	3.621872901916504	3.2118728160858154	4.0	3.5	-1.0	4.75	3.5	2.979109525680542	2.9632115364074707	-1.0	4.73026180267334	3.418797254562378
92	1	8	2	2.75	3.25	3.621872901916504	3.2118728160858154	-1.0	-1.0	3.5	-1.0	-1.0	-1.0	-1.0	3.441838502883911	-1.0	-1.0
93	1	8	3	2.75	3.25	3.621872901916504	3.2118728160858154	3.5	inf	inf	-1.0	inf	2.9632115364074707	inf	inf	-1.0	inf
94	1	8	4	2.75	3.25	3.621872901916504	3.2118728160858154	3.75	inf	inf	-1.0	3.75	6.851104259490967	inf	inf	-1.0	4.265354156494141
95	1	9	0	3.75	3.5	6.851104259490967	5.639318943023682	5.0	-1.0	-1.0	4.5	-1.0	3.5857114791870117	-1.0	-1.0	2.509215831756592	-1.0
96	1	9	1	3.75	3.5	6.851104259490967	5.639318943023682	4.5	-1.0	-1.0	3.0	-1.0	3.0610640048980713	-1.0	-1.0	2.9416885375976562	-1.0
97	1	9	2	3.75	3.5	6.851104259490967	5.639318943023682	4.75	5.25	-1.0	5.25	inf	4.6274895668029785	4.285961151123047	-1.0	3.9988229274749756	inf
98	1	9	3	3.75	3.5	6.851104259490967	5.639318943023682	3.0	inf	inf	-1.0	4.25	13.042913436889648	inf	inf	-1.0	9.37474250793457
99	1	9	4	3.75	3.5	6.851104259490967	5.639318943023682	4.0	inf	inf	2.75	-1.0	8.2847318649292	inf	inf	13.189908027648926	-1.0
100	2	0	0	2.5	2.5	5.689099311828613	8.922804832458496	3.0	3.5	3.0	3.0	2.5	6.78692102432251	4.033445835113525	6.791812419891357	3.685243606567383	3.4662909507751465
101	2	0	1	2.5	2.5	5.689099311828613	8.922804832458496	-1.0	-1.0	-1.0	1.75	-1.0	-1.0	-1.0	-1.0	3.709413766860962	-1.0
102	2	0	2	2.5	2.5	5.689099311828613	8.922804832458496	inf	2.75	3.0	-1.0	2.75	inf	4.018224716186523	3.472273588180542	-1.0	3.496890068054199
103	2	0	3	2.5	2.5	5.689099311828613	8.922804832458496	3.0	3.25	-1.0	-1.0	3.0	3.8867690563201904	7.4055867195129395	-1.0	-1.0	3.685243606567383
104	2	0	4	2.5	2.5	5.689099311828613	8.922804832458496	3.0	3.0	2.5	3.5	3.5	8.717391967773438	4.698655605316162	5.456411838531494	8.535161972045898	4.121601581573486
105	2	1	0	2.5	2.5	5.689099311828613	5.456411838531494	-1.0	3.5	inf	-1.0	-1.0	-1.0	16.45052146911621	inf	-1.0	-1.0
106	2	1	1	2.5	2.5	5.689099311828613	5.456411838531494	-1.0	-1.0	3.75	2.25	3.0	-1.0	-1.0	4.145596504211426	2.83583402633667	10.588713645935059
107	2	1	2	2.5	2.5	5.689099311828613	5.456411838531494	inf	inf	3.0	5.25	4.75	inf	inf	3.3416008949279785	3.864187717437744	3.6338956356048584
108	2	1	3	2.5	2.5	5.689099311828613	5.456411838531494	4.0	4.25	2.25	-1.0	-1.0	5.854369163513184	5.535440921783447	3.826314926147461	-1.0	-1.0
109	2	1	4	2.5	2.5	5.689099311828613	5.456411838531494	3.75	2.25	3.0	3.5	-1.0	4.308046817779541	3.826314926147461	3.685243606567383	4.936861038208008	-1.0
110	2	2	0	2.5	2.5	5.456411838531494	5.689099311828613	-1.0	-1.0	-1.0	-1.0	-1.0	-1.0	-1.0	-1.0	-1.0	-1.0
111	2	2	1	2.5	2.5	5.456411838531494	5.689099311828613	3.25	2.5	-1.0	4.25	3.75	9.029532432556152	3.3538827896118164	-1.0	8.641931533813477	8.943607330322266
112	2	2	2	2.5	2.5	5.456411838531494	5.689099311828613	inf	inf	inf	inf	3.0	inf	inf	inf	inf	4.105210304260254
113	2	2	3	2.5	2.5	5.456411838531494	5.689099311828613	inf	3.25	4.75	3.0	inf	inf	9.720991134643555	9.466357231140137	8.689260482788086	inf
114	2	2	4	2.5	2.5	5.456411838531494	5.689099311828613	4.0	4.25	3.0	-1.0	2.5	3.6428496837615967	5.319713592529297	3.3809821605682373	-1.0	3.444446086883545
115	2	3	0	3.5	3.5	4.936861038208008	8.535161972045898	-1.0	-1.0	-1.0	-1.0	3.0	-1.0	-1.0	-1.0	-1.0	3.3809821605682373
116	2	3	1	3.5	3.5	4.936861038208008	8.535161972045898	2.75	1.75	2.0	4.0	-1.0	4.287256240844727	3.6150684356689453	5.72573184967041	5.386608123779297	-1.0
117	2	3	2	3.5	3.5	4.936861038208008	8.535161972045898	-1.0	-1.0	-1.0	inf	-1.0	-1.0	-1.0	-1.0	inf	-1.0
118	2	3	3	3.5	3.5	4.936861038208008	8.535161972045898	inf	inf	inf	inf	inf	inf	inf	inf	inf	inf
119	2	3	4	3.5	3.5	4.936861038208008	8.535161972045898	3.0	3.0	-1.0	-1.0	-1.0	8.103198051452637	8.104002952575684	-1.0	-1.0	-1.0
120	2	4	0	2.5	3.0	5.689099311828613	3.685243606567383	4.0	4.5				5.462563991546631	5.534305572509766			
121	2	4	1	2.5	3.0	5.689099311828613	3.685243606567383	-1.0	-1.0	2.5	-1.0	-1.0	-1.0	-1.0	3.2247745990753174	-1.0	-1.0
122	2	4	2	2.5	3.0	5.689099311828613	3.685243606567383	3.5	-1.0	-1.0	-1.0	inf	3.5192794799804688	-1.0	-1.0	-1.0	inf
123	2	4	3	2.5	3.0	5.689099311828613	3.685243606567383	inf	inf	inf	-1.0	inf	inf	inf	inf	-1.0	inf
124	2	4	4	2.5	3.0	5.689099311828613	3.685243606567383	-1.0	-1.0	-1.0	inf	2.0	-1.0	-1.0	-1.0	inf	3.3087050914764404
125	2	5	0	2.5	2.0	3.444446086883545	3.3087050914764404	4.0	-1.0	-1.0	3.0	inf	8.493712425231934	-1.0	-1.0	4.105210304260254	inf
126	2	5	1	2.5	2.0	3.444446086883545	3.3087050914764404	-1.0	3.0	-1.0	2.25	-1.0	-1.0	4.374293804168701	-1.0	3.643773078918457	-1.0
127	2	5	2	2.5	2.0	3.444446086883545	3.3087050914764404	2.75	-1.0	-1.0	-1.0	inf	2.829824686050415	-1.0	-1.0	-1.0	inf
128	2	5	3	2.5	2.0	3.444446086883545	3.3087050914764404	inf	inf	inf	inf	inf	inf	inf	inf	inf	inf
129	2	5	4	2.5	2.0	3.444446086883545	3.3087050914764404	2.75	2.5	3.25	2.0	2.5	6.02958869934082	7.894206523895264	6.756680011749268	2.7956349849700928	4.7807936668396
130	2	6	0	3.0	3.0	3.3809821605682373	3.685243606567383	inf	inf	5.25	inf	inf	inf	inf	3.938910961151123	inf	inf
131	2	6	1	3.0	3.0	3.3809821605682373	3.685243606567383	-1.0	-1.0	2.75	-1.0	2.75	-1.0	-1.0	7.732069492340088	-1.0	12.177366256713867
132	2	6	2	3.0	3.0	3.3809821605682373	3.685243606567383	3.0	2.25	-1.0	-1.0	inf	4.168089389801025	3.962325096130371	-1.0	-1.0	inf
133	2	6	3	3.0	3.0	3.3809821605682373	3.685243606567383	3.25	-1.0	-1.0	2.75	-1.0	4.54573392868042	-1.0	-1.0	3.242861032485962	-1.0
134	2	6	4	3.0	3.0	3.3809821605682373	3.685243606567383	2.75	3.0	3.75	3.5	3.25	2.884605884552002	4.293102741241455	3.8864166736602783	3.16282320022583	3.607913017272949
135	2	7	0	2.0	2.0	2.7956349849700928	3.3087050914764404	inf	inf	inf	3.75	-1.0	inf	inf	inf	3.6951136589050293	-1.0
136	2	7	1	2.0	2.0	2.7956349849700928	3.3087050914764404	-1.0	3.5	2.5	inf	-1.0	-1.0	16.45052146911621	3.2850403785705566	inf	-1.0
137	2	7	2	2.0	2.0	2.7956349849700928	3.3087050914764404	-1.0	-1.0	inf	inf	-1.0	-1.0	-1.0	inf	inf	-1.0
138	2	7	3	2.0	2.0	2.7956349849700928	3.3087050914764404	3.0	-1.0	inf	-1.0	-1.0	4.105210304260254	-1.0	inf	-1.0	-1.0
139	2	7	4	2.0	2.0	2.7956349849700928	3.3087050914764404	-1.0	2.75	2.75	-1.0	-1.0	-1.0	3.9485409259796143	8.431260108947754	-1.0	-1.0
140	2	8	0	3.0	2.25	8.104002952575684	3.826314926147461	-1.0	-1.0	-1.0	-1.0	-1.0	-1.0	-1.0	-1.0	-1.0	-1.0
141	2	8	1	3.0	2.25	8.104002952575684	3.826314926147461	-1.0	-1.0	-1.0	-1.0	-1.0	-1.0	-1.0	-1.0	-1.0	-1.0
142	2	8	2	3.0	2.25	8.104002952575684	3.826314926147461	2.5	inf	inf	2.25	-1.0	2.0631659030914307	inf	inf	2.1287858486175537	-1.0
143	2	8	3	3.0	2.25	8.104002952575684	3.826314926147461	inf	inf	-1.0			inf	inf	-1.0		
144	2	8	4	3.0	2.25	8.104002952575684	3.826314926147461	3.5	3.5	4.25	2.5	3.0	5.821961879730225	7.872722625732422	4.759835720062256	7.462142467498779	5.4718146324157715
145	2	9	0	2.5	2.25	7.894206523895264	3.826314926147461	3.0	-1.0	-1.0	3.0	-1.0	5.763076305389404	-1.0	-1.0	5.832607269287109	-1.0
146	2	9	1	2.5	2.25	7.894206523895264	3.826314926147461	3.5					3.7219293117523193				
147	2	9	2	2.5	2.25	7.894206523895264	3.826314926147461	2.5	-1.0	3.5	inf	-1.0	2.3418688774108887	-1.0	3.576000690460205	inf	-1.0
148	2	9	3	2.5	2.25	7.894206523895264	3.826314926147461	inf	-1.0	-1.0	-1.0	-1.0	inf	-1.0	-1.0	-1.0	-1.0
149	2	9	4	2.5	2.25	7.894206523895264	3.826314926147461	3.25	3.0	3.0	3.25	-1.0	5.934075355529785	4.56871223449707	3.336909294128418	6.6146955490112305	-1.0
