	reset_island_iter	improve_iter	island	program_1_score	program_2_score	output_program_1_score	output_program_2_score	output_program_3_score	output_program_4_score	output_program_5_score
0	0	0	0	10.35660457611084	9.944334030151367	10.974034309387207	8.34194278717041	32.3250617980957	23.28336524963379	-1.0
1	0	0	1	10.35660457611084	9.944334030151367	42.16701889038086	33.59041976928711	inf	23.28336524963379	-1.0
2	0	0	2	10.35660457611084	9.944334030151367	22.469045639038086	11.164088249206543	-1.0	23.492815017700195	23.28336524963379
3	0	0	3	10.35660457611084	9.944334030151367	inf	inf	inf	inf	22.086669921875
4	0	0	4	10.35660457611084	9.944334030151367	32.3250617980957	32.35285949707031	-1.0	31.704872131347656	-1.0
5	0	1	0	9.944334030151367	10.35660457611084	32.3021240234375	60.69718551635742	-1.0	-1.0	-1.0
6	0	1	1	9.944334030151367	10.35660457611084	-1.0	-1.0	-1.0	61.03898620605469	inf
7	0	1	2	9.944334030151367	10.35660457611084	-1.0	24.14690589904785	inf	20.654605865478516	22.864755630493164
8	0	1	3	9.944334030151367	10.35660457611084	inf	inf	inf	inf	inf
9	0	1	4	9.944334030151367	10.35660457611084	16.750991821289062	23.28336524963379	-1.0	32.788734436035156	11.164088249206543
10	0	2	0	9.944334030151367	11.164088249206543	21.50528907775879	30.071901321411133	-1.0	-1.0	35.141361236572266
11	0	2	1	9.944334030151367	11.164088249206543	-1.0	17.169734954833984	-1.0	-1.0	-1.0
12	0	2	2	9.944334030151367	11.164088249206543	15.907109260559082	34.40841293334961	30.78704071044922	24.674663543701172	17.15629005432129
13	0	2	3	9.944334030151367	11.164088249206543	41.84434509277344	inf	-1.0	42.125186920166016	inf
14	0	2	4	9.944334030151367	11.164088249206543	26.94194793701172	30.071901321411133	16.559255599975586	7.710465908050537	11.835057258605957
15	0	3	0	9.944334030151367	7.710465908050537	-1.0	-1.0	-1.0	-1.0	-1.0
16	0	3	1	9.944334030151367	7.710465908050537	inf	-1.0	inf	10.509236335754395	13.781827926635742
17	0	3	2	9.944334030151367	7.710465908050537	inf	32.3250617980957	24.119871139526367	-1.0	-1.0
18	0	3	3	9.944334030151367	7.710465908050537	inf	inf	inf	inf	20.941688537597656
19	0	3	4	9.944334030151367	7.710465908050537	18.75624656677246	16.390426635742188	-1.0	16.46452522277832	-1.0
20	0	4	0	7.710465908050537	10.35660457611084	11.471505165100098	inf	inf	inf	10.314189910888672
21	0	4	1	7.710465908050537	10.35660457611084	36.98381042480469	19.948577880859375	37.8842658996582	5.646981716156006	17.813451766967773
22	0	4	2	7.710465908050537	10.35660457611084	inf	-1.0	-1.0	inf	inf
23	0	4	3	7.710465908050537	10.35660457611084	22.312429428100586	inf	inf	-1.0	-1.0
24	0	4	4	7.710465908050537	10.35660457611084	-1.0	-1.0	-1.0	35.3593864440918	-1.0
25	0	5	0	7.710465908050537	9.944334030151367	inf	inf	inf	inf	inf
26	0	5	1	7.710465908050537	9.944334030151367	5.629131317138672	20.409095764160156	-1.0	-1.0	-1.0
27	0	5	2	7.710465908050537	9.944334030151367	-1.0	-1.0	-1.0	32.46172332763672	-1.0
28	0	5	3	7.710465908050537	9.944334030151367	inf	inf	inf	inf	inf
29	0	5	4	7.710465908050537	9.944334030151367	23.22566795349121	6.9702630043029785	41.2421760559082	20.59589195251465	22.917766571044922
30	0	6	0	7.710465908050537	10.35660457611084	inf	31.813457489013672	inf	inf	-1.0
31	0	6	1	7.710465908050537	10.35660457611084	19.549448013305664	14.37099838256836	19.224580764770508	-1.0	7.575467109680176
32	0	6	2	7.710465908050537	10.35660457611084	11.036535263061523	-1.0	9.710848808288574	-1.0	-1.0
33	0	6	3	7.710465908050537	10.35660457611084	inf	inf	inf	inf	37.834373474121094
34	0	6	4	7.710465908050537	10.35660457611084	27.17816925048828	-1.0	31.844539642333984	-1.0	-1.0
35	0	7	0	6.9702630043029785	7.710465908050537	inf	-1.0	inf	-1.0	inf
36	0	7	1	6.9702630043029785	7.710465908050537	17.686918258666992	-1.0	-1.0	16.726757049560547	19.346532821655273
37	0	7	2	6.9702630043029785	7.710465908050537	16.559255599975586	-1.0	10.565047264099121	-1.0	32.60111618041992
38	0	7	3	6.9702630043029785	7.710465908050537	inf	inf	inf	inf	23.28336524963379
39	0	7	4	6.9702630043029785	7.710465908050537	13.474662780761719	-1.0	inf	-1.0	-1.0
40	0	8	0	7.710465908050537	9.944334030151367	inf	inf	inf	inf	inf
41	0	8	1	7.710465908050537	9.944334030151367	-1.0	-1.0	-1.0	14.322208404541016	inf
42	0	8	2	7.710465908050537	9.944334030151367	-1.0	-1.0	14.43908977508545	inf	-1.0
43	0	8	3	7.710465908050537	9.944334030151367	inf	-1.0	inf	inf	23.584365844726562
44	0	8	4	7.710465908050537	9.944334030151367	-1.0	inf	-1.0	inf	26.173988342285156
45	0	9	0	7.710465908050537	6.9702630043029785	inf	inf	inf	inf	inf
46	0	9	1	7.710465908050537	6.9702630043029785	6.9830121994018555	11.48409652709961	9.552043914794922	12.436956405639648	18.460813522338867
47	0	9	2	7.710465908050537	6.9702630043029785	-1.0	-1.0	25.99797821044922	inf	-1.0
48	0	9	3	7.710465908050537	6.9702630043029785	inf	inf	22.808223724365234	inf	57.06349563598633
49	0	9	4	7.710465908050537	6.9702630043029785	14.515804290771484	-1.0	-1.0	58.737510681152344	14.43908977508545
50	1	0	0	8.683460235595703	8.683460235595703	-1.0	20.653348922729492	23.28336524963379	18.201923370361328	10.353499412536621
51	1	0	1	8.683460235595703	8.683460235595703	8.771293640136719	10.232584953308105	22.5210018157959	8.424224853515625	-1.0
52	1	0	2	8.683460235595703	8.683460235595703	inf	9.41094970703125	45.30389404296875	23.28336524963379	-1.0
53	1	0	3	8.683460235595703	8.683460235595703	inf	32.3250617980957	22.469045639038086	7.714025974273682	31.938875198364258
54	1	0	4	8.683460235595703	8.683460235595703	23.28336524963379	-1.0	-1.0	-1.0	-1.0
55	1	1	0	8.683460235595703	8.683460235595703	4.793095111846924	15.247403144836426	16.760116577148438	32.81555938720703	32.84319305419922
56	1	1	1	8.683460235595703	8.683460235595703	10.29094123840332	19.51441764831543	11.546087265014648	18.641775131225586	19.25532341003418
57	1	1	2	8.683460235595703	8.683460235595703	inf	43.07947540283203	35.31980514526367	43.856136322021484	inf
58	1	1	3	8.683460235595703	8.683460235595703	23.28336524963379	-1.0	inf	-1.0	-1.0
59	1	1	4	8.683460235595703	8.683460235595703	-1.0	inf	-1.0	15.9870023727417	10.124079704284668
60	1	2	0	8.683460235595703	8.683460235595703	15.157052993774414	40.26955795288086	41.92543029785156	16.920635223388672	inf
61	1	2	1	8.683460235595703	8.683460235595703	7.240992069244385	13.869071960449219	18.815013885498047	15.599320411682129	27.598752975463867
62	1	2	2	8.683460235595703	8.683460235595703	inf	7.913887023925781	inf	-1.0	11.246535301208496
63	1	2	3	8.683460235595703	8.683460235595703	14.43908977508545	7.792657852172852	inf	-1.0	-1.0
64	1	2	4	8.683460235595703	8.683460235595703	inf				
65	1	3	0	8.683460235595703	8.683460235595703	5.026627540588379	42.987361907958984	33.174278259277344	-1.0	35.029747009277344
66	1	3	1	8.683460235595703	8.683460235595703	27.961706161499023	-1.0	11.569899559020996	13.791239738464355	22.23390769958496
67	1	3	2	8.683460235595703	8.683460235595703	inf	inf	inf	inf	17.734724044799805
68	1	3	3	8.683460235595703	8.683460235595703	inf	-1.0	-1.0	inf	-1.0
69	1	3	4	8.683460235595703	8.683460235595703	-1.0	-1.0	-1.0	-1.0	-1.0
70	1	4	0	8.683460235595703	8.683460235595703	11.546087265014648	8.48253059387207	inf	7.408459663391113	inf
71	1	4	1	8.683460235595703	8.683460235595703	16.302997589111328	10.50416088104248	20.267560958862305	18.1793155670166	inf
72	1	4	2	8.683460235595703	8.683460235595703	-1.0	inf	inf	-1.0	inf
73	1	4	3	8.683460235595703	8.683460235595703	inf	20.50955581665039	inf	15.41098403930664	57.07513427734375
74	1	4	4	8.683460235595703	8.683460235595703	-1.0	32.28898620605469	19.94097900390625	34.96400833129883	32.3250617980957
75	1	5	0	8.683460235595703	8.683460235595703	5.453834533691406	5.7918877601623535	11.81900405883789	-1.0	-1.0
76	1	5	1	8.683460235595703	8.683460235595703	20.415918350219727	-1.0	-1.0	-1.0	23.28336524963379
77	1	5	2	8.683460235595703	8.683460235595703	-1.0	-1.0	-1.0	13.646431922912598	11.48409652709961
78	1	5	3	8.683460235595703	8.683460235595703	inf	inf	inf	inf	inf
79	1	5	4	8.683460235595703	8.683460235595703	-1.0	-1.0			
80	1	6	0	8.683460235595703	8.683460235595703	-1.0	7.551675796508789			
81	1	6	1	8.683460235595703	8.683460235595703	10.523308753967285	14.43908977508545	-1.0	22.469045639038086	-1.0
82	1	6	2	8.683460235595703	8.683460235595703	32.3250617980957	12.011565208435059	32.386653900146484	8.34194278717041	-1.0
83	1	6	3	8.683460235595703	8.683460235595703	-1.0	-1.0	16.46452522277832	22.98012924194336	-1.0
84	1	6	4	8.683460235595703	8.683460235595703	-1.0	12.693241119384766	-1.0	23.40489959716797	29.777822494506836
85	1	7	0	8.683460235595703	8.683460235595703	13.413392066955566	-1.0	inf	-1.0	-1.0
86	1	7	1	8.683460235595703	8.683460235595703	22.243833541870117	30.071901321411133	-1.0	18.694744110107422	12.102450370788574
87	1	7	2	8.683460235595703	8.683460235595703	17.14402198791504	20.294706344604492	-1.0	20.941688537597656	-1.0
88	1	7	3	8.683460235595703	8.683460235595703	19.91156578063965	40.91117477416992	32.75096893310547	42.13454055786133	42.29924011230469
89	1	7	4	8.683460235595703	8.683460235595703	-1.0	33.60007858276367	-1.0	9.710848808288574	10.550992012023926
90	1	8	0	8.683460235595703	8.683460235595703	20.59575843811035	11.018186569213867	-1.0	17.668821334838867	-1.0
91	1	8	1	8.683460235595703	8.683460235595703	8.181539535522461	15.432181358337402	-1.0	8.9088773727417	-1.0
92	1	8	2	8.683460235595703	8.683460235595703	-1.0	32.250606536865234	39.28648376464844	29.791269302368164	14.16838264465332
93	1	8	3	8.683460235595703	8.683460235595703	32.51735305786133	8.052643775939941	42.15818405151367	31.844539642333984	30.071901321411133
94	1	8	4	8.683460235595703	8.683460235595703	34.93265914916992	-1.0	7.679388046264648	-1.0	inf
95	1	9	0	7.679388046264648	9.710848808288574	-1.0	-1.0	11.437601089477539	-1.0	11.496208190917969
96	1	9	1	7.679388046264648	9.710848808288574	14.335169792175293	10.864419937133789	32.3250617980957	-1.0	28.29804801940918
97	1	9	2	7.679388046264648	9.710848808288574	10.172782897949219	-1.0	8.86240005493164	8.27307415008545	15.948753356933594
98	1	9	3	7.679388046264648	9.710848808288574	23.065210342407227	-1.0	-1.0	-1.0	-1.0
99	1	9	4	7.679388046264648	9.710848808288574	inf	12.896245956420898	32.122314453125	38.03886795043945	15.423505783081055
100	2	0	0	7.207819938659668	7.201213359832764	inf	34.33289337158203	34.678680419921875	inf	38.17197036743164
101	2	0	1	7.207819938659668	7.201213359832764	25.831966400146484	40.43452835083008	39.09858322143555	42.62808609008789	-1.0
102	2	0	2	7.207819938659668	7.201213359832764	9.814656257629395				
103	2	0	3	7.207819938659668	7.201213359832764	52.48237228393555	49.51800537109375	-1.0	inf	inf
104	2	0	4	7.207819938659668	7.201213359832764	56.85752868652344	57.10390853881836	40.45525360107422	33.52962112426758	22.593013763427734
105	2	1	0	7.207819938659668	7.201213359832764	39.359615325927734	-1.0	-1.0	-1.0	32.90133285522461
106	2	1	1	7.207819938659668	7.201213359832764	15.009313583374023	15.51417350769043	32.3957633972168	25.27638053894043	27.90787124633789
107	2	1	2	7.207819938659668	7.201213359832764	39.57523727416992	39.38893127441406	35.42798614501953	31.47848892211914	10.80561351776123
108	2	1	3	7.207819938659668	7.201213359832764	inf	38.08833312988281	-1.0	18.99077796936035	19.393733978271484
109	2	1	4	7.207819938659668	7.201213359832764	14.290925979614258	32.07579040527344	14.650164604187012	-1.0	14.889594078063965
110	2	2	0	7.207819938659668	7.201213359832764	34.6148567199707	-1.0	-1.0	-1.0	-1.0
111	2	2	1	7.207819938659668	7.201213359832764	48.59464645385742	7.710465908050537	26.518661499023438	34.678680419921875	-1.0
112	2	2	2	7.207819938659668	7.201213359832764	15.202934265136719	inf	13.427581787109375	8.468295097351074	33.73746109008789
113	2	2	3	7.207819938659668	7.201213359832764	32.07579040527344	43.453182220458984	inf	-1.0	41.45941162109375
114	2	2	4	7.207819938659668	7.201213359832764	inf	inf	inf	inf	inf
115	2	3	0	7.201213359832764	7.207819938659668	inf	34.3275146484375	60.69718551635742	-1.0	-1.0
116	2	3	1	7.201213359832764	7.207819938659668	20.693450927734375	13.639769554138184	16.392580032348633	25.434860229492188	34.6148567199707
117	2	3	2	7.201213359832764	7.207819938659668	23.79950523376465	inf	inf	23.02421760559082	inf
118	2	3	3	7.201213359832764	7.207819938659668	42.94559097290039	-1.0	32.257469177246094	inf	inf
119	2	3	4	7.201213359832764	7.207819938659668	inf	inf	inf	-1.0	inf
120	2	4	0	7.201213359832764	7.207819938659668	inf	inf	inf	-1.0	inf
121	2	4	1	7.201213359832764	7.207819938659668	-1.0	26.4387149810791	32.075103759765625	12.550802230834961	inf
122	2	4	2	7.201213359832764	7.207819938659668	38.89236068725586	48.59464645385742	-1.0	-1.0	13.315509796142578
123	2	4	3	7.201213359832764	7.207819938659668	59.56224822998047	38.390159606933594	inf	16.866548538208008	111.99940490722656
124	2	4	4	7.201213359832764	7.207819938659668	inf	14.65180778503418	inf	32.77690887451172	inf
125	2	5	0	7.201213359832764	7.207819938659668	inf	inf	inf	-1.0	inf
126	2	5	1	7.201213359832764	7.207819938659668	-1.0	inf	-1.0	inf	-1.0
127	2	5	2	7.201213359832764	7.207819938659668	11.92797565460205	54.106998443603516	12.1542387008667	52.39650344848633	10.251120567321777
128	2	5	3	7.201213359832764	7.207819938659668	inf	60.69718551635742	16.41718292236328	inf	18.5467472076416
129	2	5	4	7.201213359832764	7.207819938659668	inf	inf	23.79950523376465	42.27515411376953	-1.0
130	2	6	0	7.207819938659668	7.201213359832764	37.00381851196289	inf	inf	inf	-1.0
131	2	6	1	7.207819938659668	7.201213359832764	inf	inf	10.941556930541992	32.99593734741211	23.304147720336914
132	2	6	2	7.207819938659668	7.201213359832764	9.064665794372559	14.569734573364258	32.99611282348633	-1.0	-1.0
133	2	6	3	7.207819938659668	7.201213359832764	16.538850784301758	17.529695510864258	-1.0	-1.0	11.258660316467285
134	2	6	4	7.207819938659668	7.201213359832764	inf	inf	9.293649673461914	inf	inf
135	2	7	0	7.201213359832764	7.207819938659668	inf	inf	inf	inf	inf
136	2	7	1	7.201213359832764	7.207819938659668	inf	inf	inf	inf	inf
137	2	7	2	7.201213359832764	7.207819938659668	34.20315170288086	-1.0	-1.0	-1.0	-1.0
138	2	7	3	7.201213359832764	7.207819938659668	49.67247009277344	7.72711706161499	-1.0	7.786455154418945	inf
139	2	7	4	7.201213359832764	7.207819938659668	inf	inf	inf	inf	inf
140	2	8	0	7.207819938659668	7.201213359832764	inf	inf	inf	inf	7.710465908050537
141	2	8	1	7.207819938659668	7.201213359832764	inf	9.541060447692871	inf	15.509565353393555	9.310956954956055
142	2	8	2	7.207819938659668	7.201213359832764	9.019485473632812	8.826354026794434	-1.0	17.004064559936523	7.710465908050537
143	2	8	3	7.207819938659668	7.201213359832764	47.195430755615234	47.96321105957031	-1.0	-1.0	-1.0
144	2	8	4	7.207819938659668	7.201213359832764	inf	inf	inf	inf	inf
145	2	9	0	7.201213359832764	7.207819938659668	inf	inf	inf	inf	inf
146	2	9	1	7.201213359832764	7.207819938659668	inf	-1.0	-1.0	38.48469161987305	inf
147	2	9	2	7.201213359832764	7.207819938659668	inf	15.306436538696289	9.79384994506836	42.69084930419922	inf
148	2	9	3	7.201213359832764	7.207819938659668	34.6148567199707	27.03941535949707	42.20137023925781	14.032224655151367	26.772926330566406
149	2	9	4	7.201213359832764	7.207819938659668	inf	7.710465908050537	inf	inf	inf
150	3	0	0	7.207819938659668	7.201213359832764	36.839473724365234	34.20315170288086	inf	-1.0	inf
151	3	0	1	7.207819938659668	7.201213359832764	inf	34.3275146484375	inf	34.6148567199707	inf
152	3	0	2	7.207819938659668	7.201213359832764	inf	17.330062866210938	inf	inf	inf
153	3	0	3	7.207819938659668	7.201213359832764	15.50534725189209	-1.0			
154	3	0	4	7.207819938659668	7.201213359832764	15.648468017578125	20.52511978149414	25.825485229492188	7.164059162139893	7.710465908050537
155	3	1	0	7.201213359832764	7.710465908050537	inf	44.699493408203125	49.51816177368164	59.385501861572266	inf
156	3	1	1	7.201213359832764	7.710465908050537	inf	inf	-1.0	inf	inf
157	3	1	2	7.201213359832764	7.710465908050537	inf	7.710465908050537	inf	inf	-1.0
158	3	1	3	7.201213359832764	7.710465908050537	48.659210205078125	30.913219451904297			
159	3	1	4	7.201213359832764	7.710465908050537	14.65180778503418	-1.0	41.45941162109375	37.49956512451172	-1.0
160	3	2	0	7.207819938659668	7.710465908050537	34.8919677734375	7.773048400878906	35.42798614501953	7.710465908050537	-1.0
161	3	2	1	7.207819938659668	7.710465908050537	-1.0	inf	inf	inf	inf
162	3	2	2	7.207819938659668	7.710465908050537	inf	inf	inf	inf	inf
163	3	2	3	7.207819938659668	7.710465908050537	42.94559097290039	23.305896759033203	-1.0	-1.0	58.31692123413086
164	3	2	4	7.207819938659668	7.710465908050537	22.70416259765625	inf	10.593238830566406	10.328219413757324	21.903690338134766
165	3	3	0	7.207819938659668	7.164059162139893	34.6148567199707	34.3275146484375	49.5760383605957	-1.0	32.97321701049805
166	3	3	1	7.207819938659668	7.164059162139893	26.114824295043945	-1.0	17.555824279785156	-1.0	20.071908950805664
167	3	3	2	7.207819938659668	7.164059162139893	inf	41.934513092041016	31.366634368896484	-1.0	inf
168	3	3	3	7.207819938659668	7.164059162139893	17.761159896850586	8.425530433654785	7.710465908050537	-1.0	-1.0
169	3	3	4	7.207819938659668	7.164059162139893	27.170589447021484	-1.0	33.73746109008789	42.25461196899414	39.104103088378906
170	3	4	0	7.201213359832764	7.164059162139893	11.60033893585205	7.527160167694092	inf	11.335150718688965	inf
171	3	4	1	7.201213359832764	7.164059162139893	21.15683937072754	inf	30.673458099365234	20.905532836914062	26.85578727722168
172	3	4	2	7.201213359832764	7.164059162139893	34.20315170288086	inf	inf	inf	-1.0
173	3	4	3	7.201213359832764	7.164059162139893	inf	34.3275146484375	inf	34.6148567199707	37.49956512451172
174	3	4	4	7.201213359832764	7.164059162139893	inf	21.813840866088867	22.94055938720703	-1.0	66.70596313476562
175	3	5	0	7.207819938659668	7.710465908050537	16.634124755859375	10.942835807800293	26.13873291015625	37.3050537109375	29.011043548583984
176	3	5	1	7.207819938659668	7.710465908050537	14.290925979614258	-1.0	60.69718551635742	inf	7.710465908050537
177	3	5	2	7.207819938659668	7.710465908050537	7.9452128410339355	inf	inf	36.19184112548828	inf
178	3	5	3	7.207819938659668	7.710465908050537	inf	inf	-1.0	inf	inf
179	3	5	4	7.207819938659668	7.710465908050537	51.88410186767578	43.453182220458984	-1.0	-1.0	-1.0
180	3	6	0	7.201213359832764	7.710465908050537	-1.0	-1.0	7.268182277679443	36.15496063232422	-1.0
181	3	6	1	7.201213359832764	7.710465908050537	-1.0	32.07579040527344	14.13715934753418	-1.0	-1.0
182	3	6	2	7.201213359832764	7.710465908050537	inf	inf	-1.0	-1.0	inf
183	3	6	3	7.201213359832764	7.710465908050537	-1.0	inf	13.87922191619873	-1.0	-1.0
184	3	6	4	7.201213359832764	7.710465908050537	21.589317321777344	inf	7.880545616149902	inf	12.520563125610352
185	3	7	0	7.201213359832764	7.164059162139893	inf	39.359615325927734	29.924449920654297	inf	inf
186	3	7	1	7.201213359832764	7.164059162139893	-1.0	16.70427703857422	-1.0	-1.0	50.278411865234375
187	3	7	2	7.201213359832764	7.164059162139893	inf	inf	inf	inf	inf
188	3	7	3	7.201213359832764	7.164059162139893	-1.0	inf	40.99246597290039	-1.0	-1.0
189	3	7	4	7.201213359832764	7.164059162139893	38.48469161987305	inf	23.338768005371094	-1.0	39.54002380371094
190	3	8	0	7.207819938659668	7.710465908050537	inf	23.915300369262695	18.53833770751953	inf	inf
191	3	8	1	7.207819938659668	7.710465908050537	34.78582000732422	51.51909255981445	55.464839935302734	-1.0	-1.0
192	3	8	2	7.207819938659668	7.710465908050537	inf	inf	inf	inf	inf
193	3	8	3	7.207819938659668	7.710465908050537	31.7216739654541	-1.0	inf	inf	-1.0
194	3	8	4	7.207819938659668	7.710465908050537	inf	-1.0	-1.0	inf	inf
195	3	9	0	7.710465908050537	7.880545616149902	inf	30.742319107055664	-1.0	38.09331130981445	29.704885482788086
196	3	9	1	7.710465908050537	7.880545616149902	49.51800537109375	inf	58.22060775756836	inf	52.48237228393555
197	3	9	2	7.710465908050537	7.880545616149902	inf	inf	inf	inf	inf
198	3	9	3	7.710465908050537	7.880545616149902	inf	inf	-1.0	inf	inf
199	3	9	4	7.710465908050537	7.880545616149902	-1.0	-1.0	inf	inf	-1.0
