	reset_island_iter	improve_iter	island	program_1_hamming_score	program_2_hamming_score	program_1_neural_score	program_2_neural_score	output_program_1_hamming_score	output_program_2_hamming_score	output_program_3_hamming_score	output_program_4_hamming_score	output_program_5_hamming_score	output_program_1_neural_score	output_program_2_neural_score	output_program_3_neural_score	output_program_4_neural_score	output_program_5_neural_score
0	0	0	0	3.3333333333333335	3.3333333333333335	7.213125705718994	5.817329406738281	inf	inf	inf	inf	inf	inf	inf	inf	inf	inf
1	0	0	1	3.3333333333333335	3.3333333333333335	7.213125705718994	5.817329406738281	1.6666666666666667	3.3333333333333335	-1.0	3.3333333333333335	-1.0	3.668868064880371	4.178605079650879	-1.0	8.526434898376465	-1.0
2	0	0	2	3.3333333333333335	3.3333333333333335	7.213125705718994	5.817329406738281	1.6666666666666667	inf	2.3333333333333335	2.6666666666666665	4.0	3.668868064880371	inf	3.9579355716705322	4.889156818389893	7.311729431152344
3	0	0	3	3.3333333333333335	3.3333333333333335	7.213125705718994	5.817329406738281	-1.0	-1.0	inf	-1.0	-1.0	-1.0	-1.0	inf	-1.0	-1.0
4	0	0	4	3.3333333333333335	3.3333333333333335	7.213125705718994	5.817329406738281	inf	4.333333333333333	-1.0	inf	-1.0	inf	12.979333877563477	-1.0	inf	-1.0
5	0	1	0	3.3333333333333335	3.3333333333333335	7.213125705718994	5.817329406738281	inf	inf	3.3333333333333335	inf	inf	inf	inf	4.026809215545654	inf	inf
6	0	1	1	3.3333333333333335	3.3333333333333335	7.213125705718994	5.817329406738281	-1.0	2.0	-1.0	-1.0	3.3333333333333335	-1.0	3.7579171657562256	-1.0	-1.0	7.213125705718994
7	0	1	2	3.3333333333333335	3.3333333333333335	7.213125705718994	5.817329406738281	-1.0	3.6666666666666665	3.3333333333333335	inf	-1.0	-1.0	9.131237983703613	8.424766540527344	inf	-1.0
8	0	1	3	3.3333333333333335	3.3333333333333335	7.213125705718994	5.817329406738281	inf	6.0	-1.0	inf	inf	inf	22.619970321655273	-1.0	inf	inf
9	0	1	4	3.3333333333333335	3.3333333333333335	7.213125705718994	5.817329406738281	4.0	inf	-1.0	4.333333333333333	inf	11.572701454162598	inf	-1.0	9.225470542907715	inf
10	0	2	0	3.3333333333333335	4.0	5.817329406738281	11.572701454162598	inf	-1.0	inf	inf	3.3333333333333335	inf	-1.0	inf	inf	7.228494167327881
11	0	2	1	3.3333333333333335	4.0	5.817329406738281	11.572701454162598	inf	-1.0	inf	-1.0	inf	inf	-1.0	inf	-1.0	inf
12	0	2	2	3.3333333333333335	4.0	5.817329406738281	11.572701454162598	-1.0	3.3333333333333335	-1.0	-1.0	inf	-1.0	3.1975595951080322	-1.0	-1.0	inf
13	0	2	3	3.3333333333333335	4.0	5.817329406738281	11.572701454162598	6.666666666666667	-1.0	4.333333333333333	-1.0	-1.0	19.535051345825195	-1.0	7.780021667480469	-1.0	-1.0
14	0	2	4	3.3333333333333335	4.0	5.817329406738281	11.572701454162598	-1.0	6.0	-1.0	5.333333333333333	-1.0	-1.0	22.619970321655273	-1.0	7.146437644958496	-1.0
15	0	3	0	4.333333333333333	3.3333333333333335	9.225470542907715	7.213125705718994	inf	-1.0	5.333333333333333	-1.0	-1.0	inf	-1.0	30.5471134185791	-1.0	-1.0
16	0	3	1	4.333333333333333	3.3333333333333335	9.225470542907715	7.213125705718994	0.0					0.0				
