	reset_island_iter	improve_iter	island	program_1_hamming_score	program_2_hamming_score	program_1_neural_score	program_2_neural_score	output_program_1_hamming_score	output_program_2_hamming_score	output_program_3_hamming_score	output_program_4_hamming_score	output_program_5_hamming_score	output_program_1_neural_score	output_program_2_neural_score	output_program_3_neural_score	output_program_4_neural_score	output_program_5_neural_score
0	0	0	0	8.0	8.0	10.791802406311035	10.791802406311035	21.5	10.5	8.5	19.5	-1.0	27.422460556030273	17.447837829589844	24.661161422729492	16.409912109375	-1.0
1	0	0	1	8.0	8.0	10.791802406311035	10.791802406311035	inf	inf	inf	12.5	-1.0	inf	inf	inf	11.723036766052246	-1.0
2	0	0	2	8.0	8.0	10.791802406311035	10.791802406311035	7.0	inf	9.0	85.0	11.5	22.175050735473633	inf	13.689078330993652	22.93527603149414	27.187091827392578
3	0	0	3	8.0	8.0	10.791802406311035	10.791802406311035	7.0	-1.0	-1.0	inf	-1.0	29.310420989990234	-1.0	-1.0	inf	-1.0
4	0	0	4	8.0	8.0	10.791802406311035	10.791802406311035	inf	5.0	inf	-1.0	inf	inf	16.152278900146484	inf	-1.0	inf
5	0	1	0	8.0	8.0	10.791802406311035	10.791802406311035	inf	7.0	7.0	inf	-1.0	inf	29.310420989990234	37.38267517089844	inf	-1.0
6	0	1	1	8.0	8.0	10.791802406311035	10.791802406311035	-1.0	inf	-1.0	-1.0	-1.0	-1.0	inf	-1.0	-1.0	-1.0
7	0	1	2	8.0	8.0	10.791802406311035	10.791802406311035	10.5	inf	inf	8.5	inf	17.134197235107422	inf	inf	16.577360153198242	inf
8	0	1	3	8.0	8.0	10.791802406311035	10.791802406311035	inf	-1.0	inf	-1.0	inf	inf	-1.0	inf	-1.0	inf
9	0	1	4	8.0	8.0	10.791802406311035	10.791802406311035	inf	inf	-1.0	-1.0	6.5	inf	inf	-1.0	-1.0	17.676542282104492
10	0	2	0	8.0	8.0	10.791802406311035	10.791802406311035	inf	9.0	inf	-1.0	12.0	inf	13.583545684814453	inf	-1.0	16.422096252441406
11	0	2	1	8.0	8.0	10.791802406311035	10.791802406311035	-1.0	-1.0	-1.0	-1.0	-1.0	-1.0	-1.0	-1.0	-1.0	-1.0
12	0	2	2	8.0	8.0	10.791802406311035	10.791802406311035	inf	inf	inf	-1.0	-1.0	inf	inf	inf	-1.0	-1.0
13	0	2	3	8.0	8.0	10.791802406311035	10.791802406311035	inf	-1.0	inf	inf	inf	inf	-1.0	inf	inf	inf
14	0	2	4	8.0	8.0	10.791802406311035	10.791802406311035	inf	-1.0	inf	inf	-1.0	inf	-1.0	inf	inf	-1.0
15	0	3	0	8.0	8.0	10.791802406311035	10.791802406311035	inf	inf	10.5	-1.0	inf	inf	inf	12.622383117675781	-1.0	inf
16	0	3	1	8.0	8.0	10.791802406311035	10.791802406311035	inf	10.5	-1.0	inf	inf	inf	17.7972412109375	-1.0	inf	inf
17	0	3	2	8.0	8.0	10.791802406311035	10.791802406311035	inf	inf	11.5	9.5	7.5	inf	inf	19.51034927368164	14.332184791564941	15.805135726928711
18	0	3	3	8.0	8.0	10.791802406311035	10.791802406311035	inf	inf	inf	-1.0	inf	inf	inf	inf	-1.0	inf
19	0	3	4	8.0	8.0	10.791802406311035	10.791802406311035	-1.0	4.0	-1.0	-1.0	-1.0	-1.0	23.937925338745117	-1.0	-1.0	-1.0
20	0	4	0	8.0	8.0	10.791802406311035	10.791802406311035	inf	8.0	-1.0	10.0	inf	inf	13.315205574035645	-1.0	12.71447467803955	inf
21	0	4	1	8.0	8.0	10.791802406311035	10.791802406311035	inf	inf	inf	-1.0	-1.0	inf	inf	inf	-1.0	-1.0
22	0	4	2	8.0	8.0	10.791802406311035	10.791802406311035	inf	9.5	8.0	inf	inf	inf	12.289214134216309	17.949567794799805	inf	inf
23	0	4	3	8.0	8.0	10.791802406311035	10.791802406311035	-1.0	-1.0	inf	inf	inf	-1.0	-1.0	inf	inf	inf
24	0	4	4	8.0	8.0	10.791802406311035	10.791802406311035	8.5	-1.0	-1.0	-1.0	8.0	21.597286224365234	-1.0	-1.0	-1.0	19.220569610595703
25	0	5	0	8.0	8.0	10.791802406311035	10.791802406311035	inf	10.5	inf	5.0	7.0	inf	15.870757102966309	inf	9.135046005249023	10.97376823425293
26	0	5	1	8.0	8.0	10.791802406311035	10.791802406311035	inf	inf	inf	inf	inf	inf	inf	inf	inf	inf
27	0	5	2	8.0	8.0	10.791802406311035	10.791802406311035	inf	inf	inf	19.5	-1.0	inf	inf	inf	22.038286209106445	-1.0
28	0	5	3	8.0	8.0	10.791802406311035	10.791802406311035	inf	inf	inf	inf	inf	inf	inf	inf	inf	inf
29	0	5	4	8.0	8.0	10.791802406311035	10.791802406311035	inf	inf	inf	inf	inf	inf	inf	inf	inf	inf
30	0	6	0	8.0	8.0	10.791802406311035	10.791802406311035	inf	15.0	5.0	inf	inf	inf	14.17529010772705	29.67826271057129	inf	inf
31	0	6	1	8.0	8.0	10.791802406311035	10.791802406311035	inf	11.0	-1.0	-1.0	-1.0	inf	17.25390625	-1.0	-1.0	-1.0
32	0	6	2	8.0	8.0	10.791802406311035	10.791802406311035	-1.0	inf	-1.0	-1.0	-1.0	-1.0	inf	-1.0	-1.0	-1.0
33	0	6	3	8.0	8.0	10.791802406311035	10.791802406311035	inf	inf	inf	inf	inf	inf	inf	inf	inf	inf
34	0	6	4	8.0	8.0	10.791802406311035	10.791802406311035	inf	inf	12.5	inf	14.5	inf	inf	11.723036766052246	inf	11.191943168640137
35	0	7	0	8.0	8.0	10.791802406311035	10.791802406311035	-1.0	inf	16.0	inf	inf	-1.0	inf	26.41314697265625	inf	inf
36	0	7	1	8.0	8.0	10.791802406311035	10.791802406311035	inf	inf	inf	9.5	-1.0	inf	inf	inf	11.982317924499512	-1.0
37	0	7	2	8.0	8.0	10.791802406311035	10.791802406311035	inf	8.5	-1.0	-1.0	inf	inf	15.303117752075195	-1.0	-1.0	inf
38	0	7	3	8.0	8.0	10.791802406311035	10.791802406311035	6.0	-1.0	inf	-1.0	-1.0	29.455432891845703	-1.0	inf	-1.0	-1.0
39	0	7	4	8.0	8.0	10.791802406311035	10.791802406311035	inf	-1.0	-1.0	-1.0	-1.0	inf	-1.0	-1.0	-1.0	-1.0
40	0	8	0	8.0	8.0	10.791802406311035	10.791802406311035	2.0	inf	7.0	-1.0	-1.0	15.065073013305664	inf	19.5054931640625	-1.0	-1.0
41	0	8	1	8.0	8.0	10.791802406311035	10.791802406311035	inf	6.5	8.5	inf	inf	inf	20.758424758911133	21.35053062438965	inf	inf
42	0	8	2	8.0	8.0	10.791802406311035	10.791802406311035	-1.0	-1.0	7.5	inf	inf	-1.0	-1.0	15.116249084472656	inf	inf
43	0	8	3	8.0	8.0	10.791802406311035	10.791802406311035	-1.0	-1.0	-1.0	inf	-1.0	-1.0	-1.0	-1.0	inf	-1.0
44	0	8	4	8.0	8.0	10.791802406311035	10.791802406311035	inf	-1.0	-1.0	inf	7.0	inf	-1.0	-1.0	inf	34.548484802246094
45	0	9	0	14.5	8.0	11.191943168640137	10.791802406311035	2.0	6.0	inf	10.5	inf	15.462343215942383	14.793281555175781	inf	16.416366577148438	inf
46	0	9	1	14.5	8.0	11.191943168640137	10.791802406311035	inf	inf	7.0	7.0	inf	inf	inf	22.175050735473633	37.38267517089844	inf
47	0	9	2	14.5	8.0	11.191943168640137	10.791802406311035	inf	inf	10.5	-1.0	inf	inf	inf	15.778875350952148	-1.0	inf
48	0	9	3	14.5	8.0	11.191943168640137	10.791802406311035	-1.0	-1.0	-1.0	17.0	-1.0	-1.0	-1.0	-1.0	14.982641220092773	-1.0
49	0	9	4	14.5	8.0	11.191943168640137	10.791802406311035	inf	-1.0	inf	17.0	-1.0	inf	-1.0	inf	18.584251403808594	-1.0
50	1	0	0	8.0	8.0	10.791802406311035	10.791802406311035	6.5	5.0	7.0	6.0	-1.0	10.281140327453613	8.985350608825684	19.5054931640625	9.87600040435791	-1.0
51	1	0	1	8.0	8.0	10.791802406311035	10.791802406311035	inf	inf	inf	7.0	inf	inf	inf	inf	29.310420989990234	inf
52	1	0	2	8.0	8.0	10.791802406311035	10.791802406311035	inf	12.5	-1.0	inf	-1.0	inf	11.723036766052246	-1.0	inf	-1.0
53	1	0	3	8.0	8.0	10.791802406311035	10.791802406311035	inf	8.0	inf	85.0	8.5	inf	12.993368148803711	inf	22.7468204498291	13.090988159179688
54	1	0	4	8.0	8.0	10.791802406311035	10.791802406311035	3.0	inf	2.0	-1.0	-1.0	20.000347137451172	inf	15.2593355178833	-1.0	-1.0
55	1	1	0	8.0	8.0	10.791802406311035	10.791802406311035	-1.0	10.5	5.0	5.0	-1.0	-1.0	11.561318397521973	29.67826271057129	14.049724578857422	-1.0
56	1	1	1	8.0	8.0	10.791802406311035	10.791802406311035	inf	inf	inf	-1.0	inf	inf	inf	inf	-1.0	inf
57	1	1	2	8.0	8.0	10.791802406311035	10.791802406311035	inf	inf	inf	-1.0	14.5	inf	inf	inf	-1.0	11.252631187438965
58	1	1	3	8.0	8.0	10.791802406311035	10.791802406311035	6.5	-1.0	-1.0	8.5	7.0	20.758424758911133	-1.0	-1.0	29.04952049255371	37.38267517089844
59	1	1	4	8.0	8.0	10.791802406311035	10.791802406311035	6.5	-1.0	inf	7.0	7.0	10.568811416625977	-1.0	inf	10.511407852172852	29.310420989990234
60	1	2	0	8.0	7.0	10.791802406311035	10.511407852172852	5.0	21.5	19.5	7.0	-1.0	10.125661849975586	16.452295303344727	16.409912109375	12.807031631469727	-1.0
61	1	2	1	8.0	7.0	10.791802406311035	10.511407852172852	inf	inf	inf	inf	inf	inf	inf	inf	inf	inf
62	1	2	2	8.0	7.0	10.791802406311035	10.511407852172852	inf	12.5	8.5	-1.0	-1.0	inf	12.727204322814941	19.284334182739258	-1.0	-1.0
63	1	2	3	8.0	7.0	10.791802406311035	10.511407852172852	8.0	6.5	11.5	-1.0	6.5	15.019270896911621	23.92058563232422	16.440547943115234	-1.0	10.221308708190918
64	1	2	4	8.0	7.0	10.791802406311035	10.511407852172852	-1.0	-1.0	-1.0	-1.0	-1.0	-1.0	-1.0	-1.0	-1.0	-1.0
65	1	3	0	8.0	6.5	10.791802406311035	10.568811416625977	-1.0	6.0	7.0	-1.0	-1.0	-1.0	14.544432640075684	10.511407852172852	-1.0	-1.0
66	1	3	1	8.0	6.5	10.791802406311035	10.568811416625977	inf	inf	inf	-1.0	inf	inf	inf	inf	-1.0	inf
67	1	3	2	8.0	6.5	10.791802406311035	10.568811416625977	inf	10.0	-1.0	inf	29.0	inf	18.831453323364258	-1.0	inf	22.34186553955078
68	1	3	3	8.0	6.5	10.791802406311035	10.568811416625977	-1.0	inf	-1.0	-1.0	5.0	-1.0	inf	-1.0	-1.0	29.67826271057129
69	1	3	4	8.0	6.5	10.791802406311035	10.568811416625977	3.0	-1.0	inf	-1.0	-1.0	5.190190315246582	-1.0	inf	-1.0	-1.0
70	1	4	0	3.0	7.0	5.190190315246582	10.511407852172852	44.0	inf	68.0	10.5	4.0	23.469091415405273	inf	15.624011039733887	11.360967636108398	9.441324234008789
71	1	4	1	3.0	7.0	5.190190315246582	10.511407852172852	inf	inf	inf	inf	inf	inf	inf	inf	inf	inf
72	1	4	2	3.0	7.0	5.190190315246582	10.511407852172852	inf	8.0	inf	909.0	inf	inf	16.834196090698242	inf	29.80480194091797	inf
73	1	4	3	3.0	7.0	5.190190315246582	10.511407852172852	-1.0	-1.0	7.0	-1.0	-1.0	-1.0	-1.0	22.175050735473633	-1.0	-1.0
74	1	4	4	3.0	7.0	5.190190315246582	10.511407852172852	inf	inf	-1.0	-1.0	inf	inf	inf	-1.0	-1.0	inf
75	1	5	0	3.0	8.0	5.190190315246582	10.791802406311035	8.0	-1.0	-1.0	9.0	-1.0	20.2890682220459	-1.0	-1.0	20.33283805847168	-1.0
76	1	5	1	3.0	8.0	5.190190315246582	10.791802406311035	inf	inf	inf	inf	inf	inf	inf	inf	inf	inf
77	1	5	2	3.0	8.0	5.190190315246582	10.791802406311035	inf	inf	inf	10.0	-1.0	inf	inf	inf	17.43942642211914	-1.0
78	1	5	3	3.0	8.0	5.190190315246582	10.791802406311035	9.0	-1.0	-1.0	-1.0	-1.0	16.17026710510254	-1.0	-1.0	-1.0	-1.0
79	1	5	4	3.0	8.0	5.190190315246582	10.791802406311035	inf	inf	13.0	inf	-1.0	inf	inf	15.433871269226074	inf	-1.0
80	1	6	0	3.0	7.0	5.190190315246582	10.511407852172852	4.0	4.5	inf	7.0	8.0	15.389080047607422	18.49949836730957	inf	29.310420989990234	16.791107177734375
81	1	6	1	3.0	7.0	5.190190315246582	10.511407852172852	inf	inf	inf	inf	inf	inf	inf	inf	inf	inf
82	1	6	2	3.0	7.0	5.190190315246582	10.511407852172852	inf	inf	5.0	inf	inf	inf	inf	29.67826271057129	inf	inf
83	1	6	3	3.0	7.0	5.190190315246582	10.511407852172852	-1.0	8.0	inf	-1.0	-1.0	-1.0	14.325971603393555	inf	-1.0	-1.0
84	1	6	4	3.0	7.0	5.190190315246582	10.511407852172852	inf	inf	20.0	6.0	-1.0	inf	inf	18.91794776916504	7.388810157775879	-1.0
85	1	7	0	3.0	6.0	5.190190315246582	7.388810157775879	inf	inf	7.0	inf	-1.0	inf	inf	22.175050735473633	inf	-1.0
86	1	7	1	3.0	6.0	5.190190315246582	7.388810157775879	inf	-1.0	inf	inf	inf	inf	-1.0	inf	inf	inf
87	1	7	2	3.0	6.0	5.190190315246582	7.388810157775879	inf	14.0	inf	12.0	inf	inf	14.857437133789062	inf	14.01249885559082	inf
88	1	7	3	3.0	6.0	5.190190315246582	7.388810157775879	inf	inf	inf	inf	-1.0	inf	inf	inf	inf	-1.0
89	1	7	4	3.0	6.0	5.190190315246582	7.388810157775879	inf	-1.0	inf	inf	inf	inf	-1.0	inf	inf	inf
90	1	8	0	3.0	6.0	5.190190315246582	7.388810157775879	inf	inf	inf	-1.0	inf	inf	inf	inf	-1.0	inf
91	1	8	1	3.0	6.0	5.190190315246582	7.388810157775879	inf	inf	inf	inf	inf	inf	inf	inf	inf	inf
92	1	8	2	3.0	6.0	5.190190315246582	7.388810157775879	inf	11.5	inf	9.5	-1.0	inf	16.610252380371094	inf	13.680798530578613	-1.0
93	1	8	3	3.0	6.0	5.190190315246582	7.388810157775879	inf	inf	-1.0	-1.0	-1.0	inf	inf	-1.0	-1.0	-1.0
94	1	8	4	3.0	6.0	5.190190315246582	7.388810157775879	inf	inf	inf	5.0	inf	inf	inf	inf	29.67826271057129	inf
95	1	9	0	3.0	6.0	5.190190315246582	7.388810157775879	inf	inf	inf	inf	inf	inf	inf	inf	inf	inf
96	1	9	1	3.0	6.0	5.190190315246582	7.388810157775879	-1.0	inf	inf	inf	inf	-1.0	inf	inf	inf	inf
97	1	9	2	3.0	6.0	5.190190315246582	7.388810157775879	inf	inf	-1.0	inf	-1.0	inf	inf	-1.0	inf	-1.0
98	1	9	3	3.0	6.0	5.190190315246582	7.388810157775879	inf	-1.0	inf	-1.0	-1.0	inf	-1.0	inf	-1.0	-1.0
99	1	9	4	3.0	6.0	5.190190315246582	7.388810157775879	inf	inf	inf	inf	inf	inf	inf	inf	inf	inf
100	2	0	0	12.5	12.5	10.155533790588379	10.155533790588379	17.5	17.0	-1.0	-1.0	21.5	13.815879821777344	14.292275428771973	-1.0	-1.0	16.452295303344727
101	2	0	1	12.5	12.5	10.155533790588379	10.155533790588379	12.5	-1.0	-1.0	-1.0	-1.0	10.155533790588379	-1.0	-1.0	-1.0	-1.0
102	2	0	2	12.5	12.5	10.155533790588379	10.155533790588379	inf	16.5	inf	12.5	12.5	inf	21.485376358032227	inf	10.032920837402344	10.493865013122559
103	2	0	3	12.5	12.5	10.155533790588379	10.155533790588379	19.5	19.5	inf	inf	inf	20.00008773803711	20.315723419189453	inf	inf	inf
104	2	0	4	12.5	12.5	10.155533790588379	10.155533790588379	inf	20.0	inf	25.0	27.0	inf	25.740507125854492	inf	41.83522033691406	34.47865295410156
105	2	1	0	12.5	12.5	10.155533790588379	10.155533790588379	inf	14.5	inf	-1.0	inf	inf	11.191943168640137	inf	-1.0	inf
106	2	1	1	12.5	12.5	10.155533790588379	10.155533790588379	inf	14.5	inf	inf	12.5	inf	10.41579532623291	inf	inf	11.723036766052246
107	2	1	2	12.5	12.5	10.155533790588379	10.155533790588379	18.5	inf	12.5	18.5	12.5	17.09034538269043	inf	10.155533790588379	19.820524215698242	11.892244338989258
108	2	1	3	12.5	12.5	10.155533790588379	10.155533790588379	-1.0	-1.0	inf	-1.0	inf	-1.0	-1.0	inf	-1.0	inf
109	2	1	4	12.5	12.5	10.155533790588379	10.155533790588379	inf	inf	inf	14.5	14.5	inf	inf	inf	10.881857872009277	11.191943168640137
110	2	2	0	12.5	12.5	10.155533790588379	10.155533790588379	inf	inf	inf	inf	12.5	inf	inf	inf	inf	10.155533790588379
111	2	2	1	12.5	12.5	10.155533790588379	10.155533790588379	24.0	inf	-1.0	12.5	inf	18.94123649597168	inf	-1.0	11.535578727722168	inf
112	2	2	2	12.5	12.5	10.155533790588379	10.155533790588379	inf	17.0	16.5	14.5	16.5	inf	17.33320426940918	24.2733097076416	9.607831001281738	17.313350677490234
113	2	2	3	12.5	12.5	10.155533790588379	10.155533790588379	-1.0	-1.0	inf	-1.0	inf	-1.0	-1.0	inf	-1.0	inf
114	2	2	4	12.5	12.5	10.155533790588379	10.155533790588379	inf	inf	-1.0	inf	-1.0	inf	inf	-1.0	inf	-1.0
115	2	3	0	12.5	14.5	10.155533790588379	10.881857872009277	inf	inf	inf	inf	inf	inf	inf	inf	inf	inf
116	2	3	1	12.5	14.5	10.155533790588379	10.881857872009277	inf	14.5	inf	19.5	14.5	inf	10.818181037902832	inf	16.409912109375	11.191943168640137
117	2	3	2	12.5	14.5	10.155533790588379	10.881857872009277	inf	-1.0	inf	-1.0	-1.0	inf	-1.0	inf	-1.0	-1.0
118	2	3	3	12.5	14.5	10.155533790588379	10.881857872009277	inf	inf	-1.0	inf	-1.0	inf	inf	-1.0	inf	-1.0
119	2	3	4	12.5	14.5	10.155533790588379	10.881857872009277	-1.0	inf	-1.0	inf	-1.0	-1.0	inf	-1.0	inf	-1.0
120	2	4	0	12.5	12.5	10.155533790588379	10.155533790588379	inf	inf	inf	-1.0	inf	inf	inf	inf	-1.0	inf
121	2	4	1	12.5	12.5	10.155533790588379	10.155533790588379	inf	17.5	-1.0	21.5	inf	inf	16.315673828125	-1.0	16.452295303344727	inf
122	2	4	2	12.5	12.5	10.155533790588379	10.155533790588379	-1.0	17.5	-1.0	-1.0	-1.0	-1.0	12.609455108642578	-1.0	-1.0	-1.0
123	2	4	3	12.5	12.5	10.155533790588379	10.155533790588379	inf	17.5	-1.0	inf	-1.0	inf	17.793567657470703	-1.0	inf	-1.0
124	2	4	4	12.5	12.5	10.155533790588379	10.155533790588379	inf	inf	-1.0	inf	inf	inf	inf	-1.0	inf	inf
125	2	5	0	12.5	14.5	10.155533790588379	11.191943168640137	-1.0	-1.0	-1.0	-1.0	-1.0	-1.0	-1.0	-1.0	-1.0	-1.0
126	2	5	1	12.5	14.5	10.155533790588379	11.191943168640137	-1.0	-1.0	inf	inf	-1.0	-1.0	-1.0	inf	inf	-1.0
127	2	5	2	12.5	14.5	10.155533790588379	11.191943168640137	11.0	17.0	-1.0	inf	14.0	11.17066478729248	18.39328956604004	-1.0	inf	14.083259582519531
128	2	5	3	12.5	14.5	10.155533790588379	11.191943168640137	-1.0	-1.0	-1.0	-1.0	-1.0	-1.0	-1.0	-1.0	-1.0	-1.0
129	2	5	4	12.5	14.5	10.155533790588379	11.191943168640137	inf	inf	inf	inf	inf	inf	inf	inf	inf	inf
130	2	6	0	12.5	12.5	10.155533790588379	10.155533790588379	inf	14.5	-1.0	-1.0	-1.0	inf	11.391901016235352	-1.0	-1.0	-1.0
131	2	6	1	12.5	12.5	10.155533790588379	10.155533790588379	-1.0	-1.0	inf	-1.0	-1.0	-1.0	-1.0	inf	-1.0	-1.0
132	2	6	2	12.5	12.5	10.155533790588379	10.155533790588379	inf	inf	inf	inf	inf	inf	inf	inf	inf	inf
133	2	6	3	12.5	12.5	10.155533790588379	10.155533790588379	-1.0	-1.0	-1.0	-1.0	inf	-1.0	-1.0	-1.0	-1.0	inf
134	2	6	4	12.5	12.5	10.155533790588379	10.155533790588379	inf	inf	inf	inf	inf	inf	inf	inf	inf	inf
135	2	7	0	12.5	14.5	10.155533790588379	10.881857872009277	33.5	inf	14.5	inf	-1.0	25.55385398864746	inf	11.313859939575195	inf	-1.0
136	2	7	1	12.5	14.5	10.155533790588379	10.881857872009277	inf	inf	-1.0	311.5	95.0	inf	inf	-1.0	66.90277862548828	10.506989479064941
137	2	7	2	12.5	14.5	10.155533790588379	10.881857872009277	inf	14.5	inf	-1.0	inf	inf	10.899255752563477	inf	-1.0	inf
138	2	7	3	12.5	14.5	10.155533790588379	10.881857872009277	inf	inf	-1.0	-1.0		inf	inf	-1.0	-1.0	
139	2	7	4	12.5	14.5	10.155533790588379	10.881857872009277	inf	-1.0	14.5	inf	inf	inf	-1.0	10.818181037902832	inf	inf
140	2	8	0	14.5	12.5	10.818181037902832	10.155533790588379	inf	inf	inf	inf	-1.0	inf	inf	inf	inf	-1.0
141	2	8	1	14.5	12.5	10.818181037902832	10.155533790588379	inf	inf	26.0	-1.0	-1.0	inf	inf	24.00751304626465	-1.0	-1.0
142	2	8	2	14.5	12.5	10.818181037902832	10.155533790588379	inf	inf	15.5	inf	inf	inf	inf	17.145933151245117	inf	inf
143	2	8	3	14.5	12.5	10.818181037902832	10.155533790588379	22.5	20.5	inf	inf	20.0	18.020923614501953	17.032756805419922	inf	inf	13.435479164123535
144	2	8	4	14.5	12.5	10.818181037902832	10.155533790588379	inf	inf	-1.0	-1.0	inf	inf	inf	-1.0	-1.0	inf
145	2	9	0	12.5	14.5	10.155533790588379	10.881857872009277	inf	inf	inf	inf	inf	inf	inf	inf	inf	inf
146	2	9	1	12.5	14.5	10.155533790588379	10.881857872009277	inf	-1.0	14.0	95.0	-1.0	inf	-1.0	11.129890441894531	37.6873779296875	-1.0
147	2	9	2	12.5	14.5	10.155533790588379	10.881857872009277	inf	inf	inf	inf	inf	inf	inf	inf	inf	inf
148	2	9	3	12.5	14.5	10.155533790588379	10.881857872009277	inf	inf	inf	inf	inf	inf	inf	inf	inf	inf
149	2	9	4	12.5	14.5	10.155533790588379	10.881857872009277	inf	inf	-1.0	inf	inf	inf	inf	-1.0	inf	inf
