	reset_island_iter	improve_iter	island	program_1_hamming_score	program_2_hamming_score	program_1_neural_score	program_2_neural_score	output_program_1_hamming_score	output_program_2_hamming_score	output_program_3_hamming_score	output_program_4_hamming_score	output_program_5_hamming_score	output_program_1_neural_score	output_program_2_neural_score	output_program_3_neural_score	output_program_4_neural_score	output_program_5_neural_score
0	0	0	0	4.666666666666667	4.666666666666667	18.116300582885742	18.116300582885742	3.6666666666666665	-1.0	-1.0	inf	13.0	8.425642967224121	-1.0	-1.0	inf	17.65777587890625
1	0	0	1	4.666666666666667	4.666666666666667	18.116300582885742	18.116300582885742	-1.0	-1.0	inf	-1.0	-1.0	-1.0	-1.0	inf	-1.0	-1.0
2	0	0	2	4.666666666666667	4.666666666666667	18.116300582885742	18.116300582885742	inf	inf	inf	inf	11.666666666666666	inf	inf	inf	inf	14.42956256866455
3	0	0	3	4.666666666666667	4.666666666666667	18.116300582885742	18.116300582885742	3.6666666666666665	-1.0	-1.0	inf	-1.0	8.425642967224121	-1.0	-1.0	inf	-1.0
4	0	0	4	4.666666666666667	4.666666666666667	18.116300582885742	18.116300582885742	3.6666666666666665	-1.0	inf	22.333333333333332	inf	8.425642967224121	-1.0	inf	42.673301696777344	inf
5	0	1	0	3.6666666666666665	4.666666666666667	8.425642967224121	18.116300582885742	-1.0	inf	-1.0	-1.0	-1.0	-1.0	inf	-1.0	-1.0	-1.0
6	0	1	1	3.6666666666666665	4.666666666666667	8.425642967224121	18.116300582885742	inf	3.6666666666666665	-1.0	13.0	-1.0	inf	8.425642967224121	-1.0	17.65777587890625	-1.0
7	0	1	2	3.6666666666666665	4.666666666666667	8.425642967224121	18.116300582885742	inf	inf	-1.0	8.333333333333334	inf	inf	inf	-1.0	9.647470474243164	inf
8	0	1	3	3.6666666666666665	4.666666666666667	8.425642967224121	18.116300582885742	-1.0	-1.0	-1.0	8.333333333333334	-1.0	-1.0	-1.0	-1.0	7.029881954193115	-1.0
9	0	1	4	3.6666666666666665	4.666666666666667	8.425642967224121	18.116300582885742	-1.0	13.0	5.0	-1.0	-1.0	-1.0	17.65777587890625	13.82129192352295	-1.0	-1.0
10	0	2	0	5.0	3.6666666666666665	13.82129192352295	8.425642967224121	-1.0	-1.0	-1.0	60.666666666666664	inf	-1.0	-1.0	-1.0	8.752583503723145	inf
11	0	2	1	5.0	3.6666666666666665	13.82129192352295	8.425642967224121	-1.0	-1.0	-1.0	inf	-1.0	-1.0	-1.0	-1.0	inf	-1.0
12	0	2	2	5.0	3.6666666666666665	13.82129192352295	8.425642967224121	inf	inf	-1.0	inf	-1.0	inf	inf	-1.0	inf	-1.0
13	0	2	3	5.0	3.6666666666666665	13.82129192352295	8.425642967224121	-1.0	-1.0	13.0	-1.0	-1.0	-1.0	-1.0	17.65777587890625	-1.0	-1.0
14	0	2	4	5.0	3.6666666666666665	13.82129192352295	8.425642967224121	-1.0	inf	inf	inf	-1.0	-1.0	inf	inf	inf	-1.0
15	0	3	0	3.6666666666666665	5.0	8.425642967224121	13.82129192352295	1.0	-1.0	-1.0	8.333333333333334	-1.0	3.408038377761841	-1.0	-1.0	15.964337348937988	-1.0
16	0	3	1	3.6666666666666665	5.0	8.425642967224121	13.82129192352295	-1.0	8.333333333333334	-1.0	inf	-1.0	-1.0	9.647470474243164	-1.0	inf	-1.0
17	0	3	2	3.6666666666666665	5.0	8.425642967224121	13.82129192352295	inf	inf	-1.0	inf	inf	inf	inf	-1.0	inf	inf
18	0	3	3	3.6666666666666665	5.0	8.425642967224121	13.82129192352295	-1.0	-1.0	inf	-1.0	-1.0	-1.0	-1.0	inf	-1.0	-1.0
19	0	3	4	3.6666666666666665	5.0	8.425642967224121	13.82129192352295	inf	-1.0	inf	-1.0	-1.0	inf	-1.0	inf	-1.0	-1.0
20	0	4	0	4.666666666666667	3.6666666666666665	18.116300582885742	8.425642967224121	-1.0	6.333333333333333	7.0	-1.0	-1.0	-1.0	12.903568267822266	15.772405624389648	-1.0	-1.0
21	0	4	1	4.666666666666667	3.6666666666666665	18.116300582885742	8.425642967224121	inf	-1.0	-1.0	-1.0	inf	inf	-1.0	-1.0	-1.0	inf
22	0	4	2	4.666666666666667	3.6666666666666665	18.116300582885742	8.425642967224121	inf	-1.0	inf	inf	-1.0	inf	-1.0	inf	inf	-1.0
23	0	4	3	4.666666666666667	3.6666666666666665	18.116300582885742	8.425642967224121	-1.0	inf	-1.0	-1.0	inf	-1.0	inf	-1.0	-1.0	inf
24	0	4	4	4.666666666666667	3.6666666666666665	18.116300582885742	8.425642967224121	8.333333333333334	-1.0	-1.0	-1.0	-1.0	9.647470474243164	-1.0	-1.0	-1.0	-1.0
25	0	5	0	4.666666666666667	3.6666666666666665	18.116300582885742	8.425642967224121	8.333333333333334	-1.0	3.3333333333333335	-1.0	-1.0	7.029881954193115	-1.0	9.456278800964355	-1.0	-1.0
26	0	5	1	4.666666666666667	3.6666666666666665	18.116300582885742	8.425642967224121	-1.0	-1.0	-1.0	-1.0	-1.0	-1.0	-1.0	-1.0	-1.0	-1.0
27	0	5	2	4.666666666666667	3.6666666666666665	18.116300582885742	8.425642967224121	inf	-1.0	inf	-1.0	-1.0	inf	-1.0	inf	-1.0	-1.0
28	0	5	3	4.666666666666667	3.6666666666666665	18.116300582885742	8.425642967224121	-1.0	-1.0	-1.0	inf	inf	-1.0	-1.0	-1.0	inf	inf
29	0	5	4	4.666666666666667	3.6666666666666665	18.116300582885742	8.425642967224121	-1.0	-1.0	-1.0	-1.0	-1.0	-1.0	-1.0	-1.0	-1.0	-1.0
30	0	6	0	3.6666666666666665	5.0	8.425642967224121	13.82129192352295	-1.0	-1.0	-1.0	-1.0	-1.0	-1.0	-1.0	-1.0	-1.0	-1.0
31	0	6	1	3.6666666666666665	5.0	8.425642967224121	13.82129192352295	-1.0	-1.0	-1.0	-1.0	10.333333333333334	-1.0	-1.0	-1.0	-1.0	16.85810661315918
32	0	6	2	3.6666666666666665	5.0	8.425642967224121	13.82129192352295	inf	-1.0	inf	inf	-1.0	inf	-1.0	inf	inf	-1.0
33	0	6	3	3.6666666666666665	5.0	8.425642967224121	13.82129192352295	inf	13.0	inf	-1.0	-1.0	inf	46.34116744995117	inf	-1.0	-1.0
34	0	6	4	3.6666666666666665	5.0	8.425642967224121	13.82129192352295	-1.0	-1.0	-1.0	-1.0	-1.0	-1.0	-1.0	-1.0	-1.0	-1.0
35	0	7	0	8.333333333333334	5.0	9.647470474243164	13.82129192352295	-1.0	-1.0	-1.0	-1.0	-1.0	-1.0	-1.0	-1.0	-1.0	-1.0
36	0	7	1	8.333333333333334	5.0	9.647470474243164	13.82129192352295	-1.0	-1.0	-1.0	-1.0	-1.0	-1.0	-1.0	-1.0	-1.0	-1.0
37	0	7	2	8.333333333333334	5.0	9.647470474243164	13.82129192352295	inf	13.0	3.6666666666666665	inf	16.333333333333332	inf	17.65777587890625	8.425642967224121	inf	10.018519401550293
38	0	7	3	8.333333333333334	5.0	9.647470474243164	13.82129192352295	-1.0	-1.0	inf	-1.0	8.333333333333334	-1.0	-1.0	inf	-1.0	9.647470474243164
39	0	7	4	8.333333333333334	5.0	9.647470474243164	13.82129192352295	-1.0	-1.0	-1.0	-1.0	-1.0	-1.0	-1.0	-1.0	-1.0	-1.0
40	0	8	0	3.6666666666666665	4.666666666666667	8.425642967224121	18.116300582885742	-1.0	-1.0	-1.0	-1.0	-1.0	-1.0	-1.0	-1.0	-1.0	-1.0
41	0	8	1	3.6666666666666665	4.666666666666667	8.425642967224121	18.116300582885742	inf	inf	-1.0	inf	-1.0	inf	inf	-1.0	inf	-1.0
42	0	8	2	3.6666666666666665	4.666666666666667	8.425642967224121	18.116300582885742	inf	-1.0	-1.0	-1.0	inf	inf	-1.0	-1.0	-1.0	inf
43	0	8	3	3.6666666666666665	4.666666666666667	8.425642967224121	18.116300582885742	-1.0	inf	-1.0	-1.0	-1.0	-1.0	inf	-1.0	-1.0	-1.0
44	0	8	4	3.6666666666666665	4.666666666666667	8.425642967224121	18.116300582885742	-1.0	-1.0	-1.0	inf	inf	-1.0	-1.0	-1.0	inf	inf
45	0	9	0	4.666666666666667	3.6666666666666665	18.116300582885742	8.425642967224121	-1.0	inf	inf	-1.0	-1.0	-1.0	inf	inf	-1.0	-1.0
46	0	9	1	4.666666666666667	3.6666666666666665	18.116300582885742	8.425642967224121	-1.0	inf	inf	10.0	-1.0	-1.0	inf	inf	18.09982681274414	-1.0
47	0	9	2	4.666666666666667	3.6666666666666665	18.116300582885742	8.425642967224121	-1.0	inf	-1.0	-1.0	-1.0	-1.0	inf	-1.0	-1.0	-1.0
48	0	9	3	4.666666666666667	3.6666666666666665	18.116300582885742	8.425642967224121	-1.0	-1.0	inf	inf	-1.0	-1.0	-1.0	inf	inf	-1.0
49	0	9	4	4.666666666666667	3.6666666666666665	18.116300582885742	8.425642967224121	inf	inf	-1.0	inf	-1.0	inf	inf	-1.0	inf	-1.0
50	1	0	0	4.666666666666667	4.666666666666667	18.116300582885742	18.116300582885742	12.666666666666666	13.0	-1.0	-1.0	-1.0	17.45032501220703	17.65777587890625	-1.0	-1.0	-1.0
51	1	0	1	4.666666666666667	4.666666666666667	18.116300582885742	18.116300582885742	-1.0	-1.0	13.0	-1.0	-1.0	-1.0	-1.0	17.65777587890625	-1.0	-1.0
52	1	0	2	4.666666666666667	4.666666666666667	18.116300582885742	18.116300582885742	-1.0	13.0	7.333333333333333	11.0	133.66666666666666	-1.0	17.65777587890625	15.543082237243652	19.175006866455078	100.57435607910156
53	1	0	3	4.666666666666667	4.666666666666667	18.116300582885742	18.116300582885742	-1.0	inf	-1.0	inf	3.3333333333333335	-1.0	inf	-1.0	inf	9.456278800964355
54	1	0	4	4.666666666666667	4.666666666666667	18.116300582885742	18.116300582885742	22.333333333333332	-1.0	-1.0	-1.0	inf	42.673301696777344	-1.0	-1.0	-1.0	inf
55	1	1	0	4.666666666666667	4.666666666666667	18.116300582885742	18.116300582885742	0.0					0.0				
