	reset_island_iter	improve_iter	island	program_1_hamming_score	program_2_hamming_score	program_1_neural_score	program_2_neural_score	output_program_1_hamming_score	output_program_2_hamming_score	output_program_3_hamming_score	output_program_4_hamming_score	output_program_5_hamming_score	output_program_1_neural_score	output_program_2_neural_score	output_program_3_neural_score	output_program_4_neural_score	output_program_5_neural_score
0	0	0	0	5.666666666666667	6.333333333333333	4.785400867462158	4.626452922821045	6.333333333333333	8.0	8.0	5.666666666666667	9.666666666666666	11.7518892288208	26.878185272216797	18.147897720336914	4.840757369995117	8.146711349487305
1	0	0	1	5.666666666666667	6.333333333333333	4.785400867462158	4.626452922821045	8.0	3.0	inf	inf	inf	29.49302864074707	10.057729721069336	inf	inf	inf
2	0	0	2	5.666666666666667	6.333333333333333	4.785400867462158	4.626452922821045	inf					inf				
3	0	0	3	5.666666666666667	6.333333333333333	4.785400867462158	4.626452922821045	3.0	10.666666666666666	-1.0	inf	6.0	11.498762130737305	7.979872703552246	-1.0	inf	4.924590587615967
4	0	0	4	5.666666666666667	6.333333333333333	4.785400867462158	4.626452922821045	11.333333333333334	inf	10.333333333333334	inf	6.0	6.409327030181885	inf	7.159829139709473	inf	4.924590587615967
5	0	1	0	11.333333333333334	5.666666666666667	6.409327030181885	4.785400867462158	10.0	6.0	-1.0	inf	6.0	10.100696563720703	15.84701919555664	-1.0	inf	4.924590587615967
6	0	1	1	11.333333333333334	5.666666666666667	6.409327030181885	4.785400867462158	inf	inf	inf	inf	inf	inf	inf	inf	inf	inf
7	0	1	2	11.333333333333334	5.666666666666667	6.409327030181885	4.785400867462158	6.0	6.0				20.681604385375977	19.88486671447754			
8	0	1	3	11.333333333333334	5.666666666666667	6.409327030181885	4.785400867462158	inf	inf	inf	inf	inf	inf	inf	inf	inf	inf
9	0	1	4	11.333333333333334	5.666666666666667	6.409327030181885	4.785400867462158	11.0	-1.0	-1.0	-1.0	8.333333333333334	6.712413787841797	-1.0	-1.0	-1.0	22.75461196899414
10	0	2	0	6.0	6.333333333333333	4.924590587615967	4.626452922821045	inf	5.333333333333333	-1.0	-1.0	10.333333333333334	inf	4.604031085968018	-1.0	-1.0	7.855209827423096
11	0	2	1	6.0	6.333333333333333	4.924590587615967	4.626452922821045	inf	inf	inf	inf	inf	inf	inf	inf	inf	inf
12	0	2	2	6.0	6.333333333333333	4.924590587615967	4.626452922821045	inf	inf	5.0	inf	inf	inf	inf	4.789348602294922	inf	inf
13	0	2	3	6.0	6.333333333333333	4.924590587615967	4.626452922821045	inf	inf	inf	inf	inf	inf	inf	inf	inf	inf
14	0	2	4	6.0	6.333333333333333	4.924590587615967	4.626452922821045	-1.0	-1.0	-1.0	-1.0	inf	-1.0	-1.0	-1.0	-1.0	inf
15	0	3	0	6.333333333333333	5.666666666666667	4.626452922821045	4.785400867462158	-1.0	9.0	-1.0	7.333333333333333	-1.0	-1.0	13.920831680297852	-1.0	7.179591178894043	-1.0
16	0	3	1	6.333333333333333	5.666666666666667	4.626452922821045	4.785400867462158	inf	inf	inf	inf	inf	inf	inf	inf	inf	inf
17	0	3	2	6.333333333333333	5.666666666666667	4.626452922821045	4.785400867462158	inf	inf	8.0	inf	inf	inf	inf	6.146427631378174	inf	inf
18	0	3	3	6.333333333333333	5.666666666666667	4.626452922821045	4.785400867462158	inf	inf	inf	inf	inf	inf	inf	inf	inf	inf
19	0	3	4	6.333333333333333	5.666666666666667	4.626452922821045	4.785400867462158	inf					inf				
20	0	4	0	5.666666666666667	6.0	4.785400867462158	4.924590587615967	10.666666666666666	9.666666666666666	-1.0	10.333333333333334	inf	7.34805965423584	7.158376693725586	-1.0	7.408205986022949	inf
21	0	4	1	5.666666666666667	6.0	4.785400867462158	4.924590587615967	inf	inf	inf	inf	inf	inf	inf	inf	inf	inf
22	0	4	2	5.666666666666667	6.0	4.785400867462158	4.924590587615967	4.333333333333333	5.333333333333333	7.0	8.0	4.333333333333333	5.24044942855835	8.682426452636719	38.56502151489258	24.743619918823242	5.764970779418945
23	0	4	3	5.666666666666667	6.0	4.785400867462158	4.924590587615967	3.6666666666666665	4.0	4.333333333333333	-1.0	5.666666666666667	3.7779598236083984	4.135668754577637	5.189162254333496	-1.0	8.198193550109863
24	0	4	4	5.666666666666667	6.0	4.785400867462158	4.924590587615967	inf					inf				
25	0	5	0	6.333333333333333	11.333333333333334	4.626452922821045	6.409327030181885	-1.0	-1.0	-1.0	-1.0	-1.0	-1.0	-1.0	-1.0	-1.0	-1.0
26	0	5	1	6.333333333333333	11.333333333333334	4.626452922821045	6.409327030181885	inf	inf				inf	inf			
27	0	5	2	6.333333333333333	11.333333333333334	4.626452922821045	6.409327030181885	inf	inf	inf	6.0	inf	inf	inf	inf	5.002634525299072	inf
28	0	5	3	6.333333333333333	11.333333333333334	4.626452922821045	6.409327030181885	4.666666666666667	inf	6.333333333333333	inf	inf	5.476555347442627	inf	6.028067588806152	inf	inf
29	0	5	4	6.333333333333333	11.333333333333334	4.626452922821045	6.409327030181885	inf	inf	inf	inf	inf	inf	inf	inf	inf	inf
30	0	6	0	6.333333333333333	5.666666666666667	4.626452922821045	4.785400867462158	3.3333333333333335	8.666666666666666	4.333333333333333	9.333333333333334	5.0	10.29201889038086	15.16357135772705	4.232600212097168	18.296154022216797	12.079764366149902
31	0	6	1	6.333333333333333	5.666666666666667	4.626452922821045	4.785400867462158	inf	inf	inf	inf	inf	inf	inf	inf	inf	inf
32	0	6	2	6.333333333333333	5.666666666666667	4.626452922821045	4.785400867462158	inf	inf	inf	inf	inf	inf	inf	inf	inf	inf
33	0	6	3	6.333333333333333	5.666666666666667	4.626452922821045	4.785400867462158	6.0	10.0	inf	-1.0	inf	5.370544910430908	10.100696563720703	inf	-1.0	inf
34	0	6	4	6.333333333333333	5.666666666666667	4.626452922821045	4.785400867462158	inf	inf	inf	inf	inf	inf	inf	inf	inf	inf
35	0	7	0	5.666666666666667	11.0	4.785400867462158	6.712413787841797	inf	11.0	-1.0	-1.0	-1.0	inf	5.427231788635254	-1.0	-1.0	-1.0
36	0	7	1	5.666666666666667	11.0	4.785400867462158	6.712413787841797	inf	inf	inf	inf	inf	inf	inf	inf	inf	inf
37	0	7	2	5.666666666666667	11.0	4.785400867462158	6.712413787841797	inf	inf	inf	inf	inf	inf	inf	inf	inf	inf
38	0	7	3	5.666666666666667	11.0	4.785400867462158	6.712413787841797	inf	10.666666666666666	-1.0	-1.0	14.666666666666666	inf	7.34805965423584	-1.0	-1.0	13.164484024047852
39	0	7	4	5.666666666666667	11.0	4.785400867462158	6.712413787841797	-1.0	-1.0	inf	inf	-1.0	-1.0	-1.0	inf	inf	-1.0
40	0	8	0	6.333333333333333	5.666666666666667	4.626452922821045	4.785400867462158	7.0	7.333333333333333	-1.0	6.666666666666667	8.0	38.56502151489258	16.619598388671875	-1.0	4.609379768371582	23.247852325439453
41	0	8	1	6.333333333333333	5.666666666666667	4.626452922821045	4.785400867462158	inf	inf	inf	inf	inf	inf	inf	inf	inf	inf
42	0	8	2	6.333333333333333	5.666666666666667	4.626452922821045	4.785400867462158	inf	inf	3.3333333333333335	inf	inf	inf	inf	3.444277286529541	inf	inf
43	0	8	3	6.333333333333333	5.666666666666667	4.626452922821045	4.785400867462158	8.666666666666666	8.666666666666666	-1.0	7.333333333333333	inf	16.115110397338867	26.059215545654297	-1.0	36.343467712402344	inf
44	0	8	4	6.333333333333333	5.666666666666667	4.626452922821045	4.785400867462158	inf	-1.0	inf	inf	inf	inf	-1.0	inf	inf	inf
45	0	9	0	6.0	5.666666666666667	4.924590587615967	4.785400867462158	6.333333333333333	7.333333333333333	8.666666666666666	11.0	8.0	31.13146209716797	14.337677955627441	17.430448532104492	7.627840995788574	6.2404069900512695
46	0	9	1	6.0	5.666666666666667	4.924590587615967	4.785400867462158	inf	inf	inf	inf	inf	inf	inf	inf	inf	inf
47	0	9	2	6.0	5.666666666666667	4.924590587615967	4.785400867462158	inf	inf	inf	inf	inf	inf	inf	inf	inf	inf
48	0	9	3	6.0	5.666666666666667	4.924590587615967	4.785400867462158	14.333333333333334	-1.0	inf	-1.0	-1.0	11.874552726745605	-1.0	inf	-1.0	-1.0
49	0	9	4	6.0	5.666666666666667	4.924590587615967	4.785400867462158	-1.0	-1.0	-1.0	-1.0	-1.0	-1.0	-1.0	-1.0	-1.0	-1.0
50	1	0	0	5.333333333333333	6.0	4.505130290985107	4.562732219696045	4.333333333333333	8.0				5.24044942855835	30.326114654541016			
51	1	0	1	5.333333333333333	6.0	4.505130290985107	4.562732219696045	3.3333333333333335	3.6666666666666665	4.0	-1.0	-1.0	10.29201889038086	10.090239524841309	9.778407096862793	-1.0	-1.0
52	1	0	2	5.333333333333333	6.0	4.505130290985107	4.562732219696045	inf	inf	inf	inf	7.666666666666667	inf	inf	inf	inf	5.932014465332031
53	1	0	3	5.333333333333333	6.0	4.505130290985107	4.562732219696045	inf	5.0	inf	-1.0	5.0	inf	4.423045635223389	inf	-1.0	4.283465385437012
54	1	0	4	5.333333333333333	6.0	4.505130290985107	4.562732219696045	7.666666666666667	9.0	7.333333333333333	7.333333333333333	5.0	6.9084978103637695	22.46710777282715	6.126095294952393	6.785483360290527	8.407539367675781
55	1	1	0	6.0	7.333333333333333	4.562732219696045	6.126095294952393	3.6666666666666665	4.0	8.0	inf	-1.0	4.578293323516846	4.90457010269165	24.817811965942383	inf	-1.0
56	1	1	1	6.0	7.333333333333333	4.562732219696045	6.126095294952393	3.6666666666666665	3.0	6.0	5.666666666666667	-1.0	9.614386558532715	11.498762130737305	31.043228149414062	5.994344711303711	-1.0
57	1	1	2	6.0	7.333333333333333	4.562732219696045	6.126095294952393	inf	13.333333333333334	12.333333333333334	inf	10.666666666666666	inf	19.653005599975586	17.323959350585938	inf	9.393548965454102
58	1	1	3	6.0	7.333333333333333	4.562732219696045	6.126095294952393	-1.0	5.0	-1.0	-1.0	-1.0	-1.0	4.279517650604248	-1.0	-1.0	-1.0
59	1	1	4	6.0	7.333333333333333	4.562732219696045	6.126095294952393	7.0	8.666666666666666	8.666666666666666	7.0	10.666666666666666	38.56502151489258	28.545591354370117	18.6330509185791	31.65927505493164	9.241291999816895
60	1	2	0	5.333333333333333	6.0	4.505130290985107	4.562732219696045	4.666666666666667	-1.0	4.666666666666667	-1.0	-1.0	7.053622245788574	-1.0	5.296578884124756	-1.0	-1.0
61	1	2	1	5.333333333333333	6.0	4.505130290985107	4.562732219696045	3.6666666666666665	3.6666666666666665	inf	7.333333333333333	8.0	9.244399070739746	9.365730285644531	inf	33.846702575683594	29.544082641601562
62	1	2	2	5.333333333333333	6.0	4.505130290985107	4.562732219696045	inf	27.333333333333332	7.666666666666667	7.333333333333333	inf	inf	87.26165008544922	20.688051223754883	8.376656532287598	inf
63	1	2	3	5.333333333333333	6.0	4.505130290985107	4.562732219696045	inf					inf				
64	1	2	4	5.333333333333333	6.0	4.505130290985107	4.562732219696045	inf	6.333333333333333	5.666666666666667	inf	6.0	inf	4.874396324157715	5.186285495758057	inf	4.924590587615967
65	1	3	0	5.666666666666667	6.333333333333333	5.186285495758057	4.874396324157715	4.666666666666667	4.666666666666667	4.0	-1.0	4.666666666666667	6.192015171051025	5.7047319412231445	8.127745628356934	-1.0	5.964475154876709
66	1	3	1	5.666666666666667	6.333333333333333	5.186285495758057	4.874396324157715	24.0	24.333333333333332	inf	24.333333333333332	134.66666666666666	22.52880096435547	20.447437286376953	inf	20.61101722717285	59.7540397644043
67	1	3	2	5.666666666666667	6.333333333333333	5.186285495758057	4.874396324157715	inf	9.666666666666666	8.0	inf	8.0	inf	8.503604888916016	6.661655426025391	inf	7.030961990356445
68	1	3	3	5.666666666666667	6.333333333333333	5.186285495758057	4.874396324157715	4.0	-1.0				5.587216854095459	-1.0			
69	1	3	4	5.666666666666667	6.333333333333333	5.186285495758057	4.874396324157715	-1.0	4.0	inf	6.0	4.333333333333333	-1.0	8.462875366210938	inf	31.043228149414062	7.415872573852539
70	1	4	0	7.333333333333333	6.0	6.126095294952393	4.924590587615967	-1.0	-1.0	-1.0	10.333333333333334	-1.0	-1.0	-1.0	-1.0	6.767765522003174	-1.0
71	1	4	1	7.333333333333333	6.0	6.126095294952393	4.924590587615967	9.666666666666666	10.666666666666666	34.0	-1.0	inf	22.89949607849121	7.34805965423584	25.850704193115234	-1.0	inf
72	1	4	2	7.333333333333333	6.0	6.126095294952393	4.924590587615967	inf	10.0	7.0	9.333333333333334	7.666666666666667	inf	8.747987747192383	38.56502151489258	8.258772850036621	6.407066345214844
73	1	4	3	7.333333333333333	6.0	6.126095294952393	4.924590587615967	5.666666666666667	8.333333333333334	8.666666666666666	5.333333333333333	10.0	4.722388744354248	10.04030990600586	17.571365356445312	4.395121097564697	8.862689018249512
74	1	4	4	7.333333333333333	6.0	6.126095294952393	4.924590587615967	3.0	5.333333333333333	2.6666666666666665	5.0	-1.0	11.498762130737305	4.6740264892578125	2.5553081035614014	7.789346694946289	-1.0
75	1	5	0	2.6666666666666665	5.333333333333333	2.5553081035614014	4.505130290985107	3.6666666666666665	4.0	inf	-1.0	inf	5.519763946533203	5.414255619049072	inf	-1.0	inf
76	1	5	1	2.6666666666666665	5.333333333333333	2.5553081035614014	4.505130290985107	10.0	5.0	6.0	12.666666666666666	-1.0	10.100696563720703	6.274816513061523	4.924590587615967	40.33576965332031	-1.0
77	1	5	2	2.6666666666666665	5.333333333333333	2.5553081035614014	4.505130290985107	inf	7.333333333333333	8.333333333333334	11.0	-1.0	inf	23.079164505004883	17.693706512451172	6.712413787841797	-1.0
78	1	5	3	2.6666666666666665	5.333333333333333	2.5553081035614014	4.505130290985107	-1.0	inf				-1.0	inf			
79	1	5	4	2.6666666666666665	5.333333333333333	2.5553081035614014	4.505130290985107	-1.0	5.0	10.0	-1.0	-1.0	-1.0	4.989599704742432	10.100696563720703	-1.0	-1.0
80	1	6	0	2.6666666666666665	5.333333333333333	2.5553081035614014	4.6740264892578125	4.666666666666667	inf	inf	3.6666666666666665	4.0	5.383500099182129	inf	inf	10.289518356323242	5.099487781524658
81	1	6	1	2.6666666666666665	5.333333333333333	2.5553081035614014	4.6740264892578125	4.333333333333333	inf	-1.0	-1.0	inf	4.124088764190674	inf	-1.0	-1.0	inf
82	1	6	2	2.6666666666666665	5.333333333333333	2.5553081035614014	4.6740264892578125	8.333333333333334	8.0	4.333333333333333	8.333333333333334	-1.0	19.868579864501953	20.165361404418945	5.24044942855835	17.661453247070312	-1.0
83	1	6	3	2.6666666666666665	5.333333333333333	2.5553081035614014	4.6740264892578125	4.0	inf	inf	6.666666666666667	8.333333333333334	7.723182201385498	inf	inf	6.023281574249268	6.6081109046936035
84	1	6	4	2.6666666666666665	5.333333333333333	2.5553081035614014	4.6740264892578125	9.0	9.666666666666666	9.333333333333334	9.666666666666666	-1.0	8.261154174804688	6.081038475036621	7.2898640632629395	6.907665252685547	-1.0
85	1	7	0	2.6666666666666665	5.0	2.5553081035614014	4.989599704742432	inf	inf	inf	inf	inf	inf	inf	inf	inf	inf
86	1	7	1	2.6666666666666665	5.0	2.5553081035614014	4.989599704742432	-1.0	-1.0	inf	inf	-1.0	-1.0	-1.0	inf	inf	-1.0
87	1	7	2	2.6666666666666665	5.0	2.5553081035614014	4.989599704742432	8.0	inf	6.0	-1.0	inf	9.30063533782959	inf	4.924590587615967	-1.0	inf
88	1	7	3	2.6666666666666665	5.0	2.5553081035614014	4.989599704742432	7.666666666666667	8.333333333333334	inf	7.666666666666667	8.333333333333334	19.683231353759766	8.762203216552734	inf	21.410926818847656	9.497052192687988
89	1	7	4	2.6666666666666665	5.0	2.5553081035614014	4.989599704742432	7.666666666666667	7.666666666666667	8.666666666666666	8.0	7.333333333333333	25.093799591064453	20.682558059692383	13.894304275512695	18.833662033081055	17.805814743041992
90	1	8	0	2.6666666666666665	6.0	2.5553081035614014	4.562732219696045	inf	inf	inf	inf	inf	inf	inf	inf	inf	inf
91	1	8	1	2.6666666666666665	6.0	2.5553081035614014	4.562732219696045	8.666666666666666	inf	10.333333333333334	-1.0	inf	15.16357135772705	inf	6.381480693817139	-1.0	inf
92	1	8	2	2.6666666666666665	6.0	2.5553081035614014	4.562732219696045	6.0	-1.0	6.666666666666667	6.0	-1.0	5.072794437408447	-1.0	6.3501105308532715	4.87248420715332	-1.0
93	1	8	3	2.6666666666666665	6.0	2.5553081035614014	4.562732219696045	4.333333333333333	-1.0	4.666666666666667	8.333333333333334	inf	6.161271572113037	-1.0	5.507422924041748	25.165313720703125	inf
94	1	8	4	2.6666666666666665	6.0	2.5553081035614014	4.562732219696045	7.666666666666667	10.333333333333334	8.333333333333334	4.666666666666667	-1.0	20.568315505981445	15.108949661254883	10.799939155578613	4.860280990600586	-1.0
95	1	9	0	2.6666666666666665	6.0	2.5553081035614014	4.924590587615967	inf	3.0	-1.0	-1.0	inf	inf	11.498762130737305	-1.0	-1.0	inf
96	1	9	1	2.6666666666666665	6.0	2.5553081035614014	4.924590587615967	-1.0	inf	4.666666666666667	10.0	inf	-1.0	inf	3.790440320968628	10.921168327331543	inf
97	1	9	2	2.6666666666666665	6.0	2.5553081035614014	4.924590587615967	7.333333333333333	8.0	10.333333333333334	6.0	8.666666666666666	8.291243553161621	9.75644588470459	14.006951332092285	6.299416542053223	8.891777038574219
98	1	9	3	2.6666666666666665	6.0	2.5553081035614014	4.924590587615967	8.666666666666666	-1.0	-1.0	9.333333333333334	7.333333333333333	26.059215545654297	-1.0	-1.0	5.3904852867126465	36.343467712402344
99	1	9	4	2.6666666666666665	6.0	2.5553081035614014	4.924590587615967	inf	inf	inf	10.333333333333334	inf	inf	inf	inf	6.282209396362305	inf
100	2	0	0	5.666666666666667	5.0	4.189442157745361	4.172393321990967	8.0	inf	4.333333333333333	inf	inf	25.88071632385254	inf	5.901666164398193	inf	inf
101	2	0	1	5.666666666666667	5.0	4.189442157745361	4.172393321990967	10.0	7.666666666666667	8.0	inf	10.333333333333334	10.697635650634766	14.340926170349121	21.72251319885254	inf	15.043363571166992
102	2	0	2	5.666666666666667	5.0	4.189442157745361	4.172393321990967	10.0	7.0	5.333333333333333			7.33580207824707	38.56502151489258	4.796936511993408		
103	2	0	3	5.666666666666667	5.0	4.189442157745361	4.172393321990967	9.333333333333334	10.0	-1.0	9.0	-1.0	16.29697608947754	12.106643676757812	-1.0	16.22161865234375	-1.0
104	2	0	4	5.666666666666667	5.0	4.189442157745361	4.172393321990967	-1.0	inf	9.333333333333334	7.666666666666667	5.0	-1.0	inf	11.376993179321289	29.80527687072754	5.97589111328125
105	2	1	0	5.0	5.666666666666667	5.97589111328125	4.189442157745361	inf	-1.0	inf	inf	inf	inf	-1.0	inf	inf	inf
106	2	1	1	5.0	5.666666666666667	5.97589111328125	4.189442157745361	4.666666666666667	7.0	-1.0	3.6666666666666665	5.666666666666667	6.110629081726074	36.21598434448242	-1.0	7.517865180969238	11.501033782958984
107	2	1	2	5.0	5.666666666666667	5.97589111328125	4.189442157745361	5.333333333333333					4.36897087097168				
108	2	1	3	5.0	5.666666666666667	5.97589111328125	4.189442157745361	5.333333333333333	4.666666666666667	-1.0	-1.0	4.666666666666667	4.277411937713623	4.4699931144714355	-1.0	-1.0	5.3458967208862305
109	2	1	4	5.0	5.666666666666667	5.97589111328125	4.189442157745361	5.333333333333333	10.0	inf	9.666666666666666	7.0	16.700620651245117	10.231807708740234	inf	9.428309440612793	4.7867512702941895
110	2	2	0	5.666666666666667	7.0	4.189442157745361	4.7867512702941895	inf	inf	10.666666666666666	7.666666666666667	inf	inf	inf	6.528162479400635	19.35030174255371	inf
111	2	2	1	5.666666666666667	7.0	4.189442157745361	4.7867512702941895	4.333333333333333	-1.0	6.333333333333333	-1.0	4.0	5.764970779418945	-1.0	5.539873123168945	-1.0	5.587217330932617
112	2	2	2	5.666666666666667	7.0	4.189442157745361	4.7867512702941895	8.333333333333334	inf	inf	8.333333333333334	10.0	21.217775344848633	inf	inf	24.15091323852539	10.814080238342285
113	2	2	3	5.666666666666667	7.0	4.189442157745361	4.7867512702941895	4.333333333333333	9.333333333333334	-1.0	4.0	-1.0	5.764970779418945	6.1244611740112305	-1.0	4.657997131347656	-1.0
114	2	2	4	5.666666666666667	7.0	4.189442157745361	4.7867512702941895	5.0	8.333333333333334	inf	9.333333333333334	7.0	7.560001850128174	18.991365432739258	inf	11.477612495422363	11.39667797088623
115	2	3	0	7.0	5.0	4.7867512702941895	4.172393321990967	4.0	4.333333333333333	11.0	4.333333333333333	-1.0	5.160619258880615	5.200193405151367	8.845794677734375	5.167000770568848	-1.0
116	2	3	1	7.0	5.0	4.7867512702941895	4.172393321990967	3.0	-1.0	3.6666666666666665	-1.0	3.6666666666666665	11.498762130737305	-1.0	9.76596450805664	-1.0	9.661052703857422
117	2	3	2	7.0	5.0	4.7867512702941895	4.172393321990967	8.333333333333334	8.333333333333334	9.666666666666666	-1.0	4.666666666666667	25.85873794555664	26.187088012695312	9.62021541595459	-1.0	5.734516143798828
118	2	3	3	7.0	5.0	4.7867512702941895	4.172393321990967	4.0	4.666666666666667	5.0	5.0	5.333333333333333	5.160619258880615	6.110629081726074	6.027998924255371	3.525463104248047	3.7130126953125
119	2	3	4	7.0	5.0	4.7867512702941895	4.172393321990967	inf	5.333333333333333	9.666666666666666	9.666666666666666	7.0	inf	5.452935695648193	11.1962890625	9.503931999206543	8.879193305969238
120	2	4	0	7.0	5.666666666666667	4.7867512702941895	4.189442157745361	4.333333333333333	4.666666666666667	-1.0	4.666666666666667	inf	5.081676959991455	4.972286701202393	-1.0	4.984137535095215	inf
121	2	4	1	7.0	5.666666666666667	4.7867512702941895	4.189442157745361	inf	3.6666666666666665	7.666666666666667	-1.0	3.6666666666666665	inf	8.603822708129883	32.84090805053711	-1.0	9.543378829956055
122	2	4	2	7.0	5.666666666666667	4.7867512702941895	4.189442157745361	-1.0	9.0	17.666666666666668	-1.0	-1.0	-1.0	10.117786407470703	12.608861923217773	-1.0	-1.0
123	2	4	3	7.0	5.666666666666667	4.7867512702941895	4.189442157745361	2.6666666666666665	-1.0	inf	4.666666666666667	inf	5.257943153381348	-1.0	inf	7.513280391693115	inf
124	2	4	4	7.0	5.666666666666667	4.7867512702941895	4.189442157745361	inf	-1.0	4.0	9.333333333333334	6.666666666666667	inf	-1.0	7.076992988586426	9.574926376342773	3.805851459503174
125	2	5	0	5.0	5.0	4.172393321990967	7.560001850128174	4.666666666666667	-1.0	4.333333333333333	-1.0	-1.0	3.6454691886901855	-1.0	5.349051475524902	-1.0	-1.0
126	2	5	1	5.0	5.0	4.172393321990967	7.560001850128174	-1.0	5.333333333333333	-1.0	-1.0	3.3333333333333335	-1.0	4.277411937713623	-1.0	-1.0	11.426514625549316
127	2	5	2	5.0	5.0	4.172393321990967	7.560001850128174	5.333333333333333	10.333333333333334	9.666666666666666	-1.0	11.666666666666666	4.277411937713623	13.075179100036621	10.549511909484863	-1.0	7.9502105712890625
128	2	5	3	5.0	5.0	4.172393321990967	7.560001850128174	4.333333333333333	7.666666666666667	4.666666666666667	7.333333333333333	inf	7.918553352355957	27.930879592895508	7.779036521911621	30.993215560913086	inf
129	2	5	4	5.0	5.0	4.172393321990967	7.560001850128174	-1.0	inf	inf	inf	inf	-1.0	inf	inf	inf	inf
130	2	6	0	5.0	5.666666666666667	4.172393321990967	4.189442157745361	10.333333333333334	9.333333333333334	10.666666666666666	-1.0	8.333333333333334	13.90782356262207	16.09029769897461	11.945928573608398	-1.0	29.38336753845215
131	2	6	1	5.0	5.666666666666667	4.172393321990967	4.189442157745361	5.0	inf	3.6666666666666665	inf	3.3333333333333335	4.063358306884766	inf	9.5271577835083	inf	10.309266090393066
132	2	6	2	5.0	5.666666666666667	4.172393321990967	4.189442157745361	5.333333333333333					5.087214469909668				
133	2	6	3	5.0	5.666666666666667	4.172393321990967	4.189442157745361	inf	3.6666666666666665	4.0	inf	-1.0	inf	6.732855319976807	6.37604284286499	inf	-1.0
134	2	6	4	5.0	5.666666666666667	4.172393321990967	4.189442157745361	inf	7.0	inf	3.3333333333333335	8.666666666666666	inf	38.56502151489258	inf	8.332271575927734	13.520806312561035
135	2	7	0	5.0	5.0	4.172393321990967	5.97589111328125	4.333333333333333	8.666666666666666	-1.0	7.666666666666667	4.666666666666667	5.816399574279785	18.05246353149414	-1.0	8.8710355758667	4.228667259216309
136	2	7	1	5.0	5.0	4.172393321990967	5.97589111328125	4.333333333333333	-1.0	5.333333333333333	3.3333333333333335	-1.0	7.6328840255737305	-1.0	8.025197982788086	11.182232856750488	-1.0
137	2	7	2	5.0	5.0	4.172393321990967	5.97589111328125	12.333333333333334	8.666666666666666	9.0	11.666666666666666	12.333333333333334	7.096330642700195	20.9593448638916	18.8351993560791	5.489938259124756	8.361456871032715
138	2	7	3	5.0	5.0	4.172393321990967	5.97589111328125	4.0	-1.0	inf	inf	inf	8.409680366516113	-1.0	inf	inf	inf
139	2	7	4	5.0	5.0	4.172393321990967	5.97589111328125	inf	5.333333333333333	4.666666666666667	-1.0	-1.0	inf	4.277411937713623	5.325355529785156	-1.0	-1.0
140	2	8	0	6.666666666666667	5.333333333333333	3.805851459503174	4.277411937713623	-1.0	5.0	-1.0	7.666666666666667	inf	-1.0	5.085931777954102	-1.0	24.720306396484375	inf
141	2	8	1	6.666666666666667	5.333333333333333	3.805851459503174	4.277411937713623	7.0	7.0	-1.0	-1.0	8.333333333333334	37.09651565551758	38.56502151489258	-1.0	-1.0	5.712991237640381
142	2	8	2	6.666666666666667	5.333333333333333	3.805851459503174	4.277411937713623	8.666666666666666	10.666666666666666	10.333333333333334	11.333333333333334	inf	15.53854751586914	11.812604904174805	7.114614963531494	8.537690162658691	inf
143	2	8	3	6.666666666666667	5.333333333333333	3.805851459503174	4.277411937713623	4.666666666666667	4.0	inf	4.333333333333333	inf	5.6489787101745605	6.386826038360596	inf	6.339050769805908	inf
144	2	8	4	6.666666666666667	5.333333333333333	3.805851459503174	4.277411937713623	inf	9.0	8.333333333333334	9.333333333333334	7.0	inf	11.619730949401855	6.672065258026123	11.414379119873047	4.843273162841797
145	2	9	0	6.666666666666667	7.0	3.805851459503174	4.843273162841797	inf	3.6666666666666665	inf	4.666666666666667	3.6666666666666665	inf	6.4842424392700195	inf	6.01699161529541	4.504054546356201
146	2	9	1	6.666666666666667	7.0	3.805851459503174	4.843273162841797	-1.0	-1.0	-1.0	-1.0	5.333333333333333	-1.0	-1.0	-1.0	-1.0	4.292928218841553
147	2	9	2	6.666666666666667	7.0	3.805851459503174	4.843273162841797	7.0	-1.0	inf	8.666666666666666	-1.0	31.32135581970215	-1.0	inf	11.252023696899414	-1.0
148	2	9	3	6.666666666666667	7.0	3.805851459503174	4.843273162841797	inf	inf	5.666666666666667	inf	5.333333333333333	inf	inf	5.221205234527588	inf	5.074949741363525
149	2	9	4	6.666666666666667	7.0	3.805851459503174	4.843273162841797	inf	3.6666666666666665	inf	inf	inf	inf	11.414580345153809	inf	inf	inf
