	reset_island_iter	improve_iter	island	program_1_score	program_2_score	output_program_1_score	output_program_2_score	output_program_3_score	output_program_4_score	output_program_5_score
0	0	0	0	10.648126602172852	10.648126602172852	11.878173828125	-1.0	-1.0	-1.0	-1.0
1	0	0	1	10.648126602172852	10.648126602172852	9.550713539123535	14.176387786865234	11.529552459716797	11.553653717041016	13.819129943847656
2	0	0	2	10.648126602172852	10.648126602172852	inf	inf	inf	10.947606086730957	inf
3	0	0	3	10.648126602172852	10.648126602172852	inf	14.34780502319336	10.872806549072266	25.257516860961914	inf
4	0	0	4	10.648126602172852	10.648126602172852	10.872806549072266	7.51406192779541	10.412078857421875	8.342070579528809	-1.0
5	0	1	0	7.51406192779541	8.342070579528809	10.872806549072266	11.445076942443848	inf	10.961755752563477	10.876680374145508
6	0	1	1	7.51406192779541	8.342070579528809	9.633255958557129	inf	9.625012397766113	inf	10.936988830566406
7	0	1	2	7.51406192779541	8.342070579528809	inf	inf	inf	inf	inf
8	0	1	3	7.51406192779541	8.342070579528809	inf	9.905644416809082	14.786321640014648	12.686578750610352	8.495892524719238
9	0	1	4	7.51406192779541	8.342070579528809	-1.0	-1.0	-1.0	12.86939811706543	10.082386016845703
10	0	2	0	8.342070579528809	7.51406192779541	9.585565567016602	7.51406192779541	8.342070579528809	-1.0	10.412078857421875
11	0	2	1	8.342070579528809	7.51406192779541	inf	inf	inf	10.364657402038574	-1.0
12	0	2	2	8.342070579528809	7.51406192779541	inf	inf	inf	inf	inf
13	0	2	3	8.342070579528809	7.51406192779541	inf	11.090450286865234	inf	-1.0	20.794187545776367
14	0	2	4	8.342070579528809	7.51406192779541	1.2794839143753052	-1.0	13.024674415588379	-1.0	inf
15	0	3	0	1.2794839143753052	8.342070579528809	-1.0	-1.0	6.965877056121826	-1.0	4.925029754638672
16	0	3	1	1.2794839143753052	8.342070579528809	inf	inf	inf	inf	inf
17	0	3	2	1.2794839143753052	8.342070579528809	10.874048233032227	inf	10.872100830078125	-1.0	inf
18	0	3	3	1.2794839143753052	8.342070579528809	inf	14.779403686523438	-1.0	-1.0	inf
19	0	3	4	1.2794839143753052	8.342070579528809	-1.0	7.503206253051758	-1.0	-1.0	11.978109359741211
20	0	4	0	1.2794839143753052	10.648126602172852	12.560420989990234	0.0			
