	reset_island_iter	improve_iter	island	program_1_hamming_score	program_2_hamming_score	program_1_neural_score	program_2_neural_score	output_program_1_hamming_score	output_program_2_hamming_score	output_program_3_hamming_score	output_program_4_hamming_score	output_program_5_hamming_score	output_program_1_neural_score	output_program_2_neural_score	output_program_3_neural_score	output_program_4_neural_score	output_program_5_neural_score
0	0	0	0	14.0	14.0	9.83240795135498	9.817301750183105	14.0	-1.0				10.295169830322266	-1.0			
1	0	0	1	14.0	14.0	9.83240795135498	9.817301750183105	13.333333333333334	14.0	14.0	14.0	14.0	9.798195838928223	8.996195793151855	11.884347915649414	8.58898639678955	11.059638977050781
2	0	0	2	14.0	14.0	9.83240795135498	9.817301750183105	inf	inf	14.0	14.0	14.666666666666666	inf	inf	10.279153823852539	9.835932731628418	10.629769325256348
3	0	0	3	14.0	14.0	9.83240795135498	9.817301750183105	11.333333333333334	14.0	-1.0	14.0	-1.0	9.41402816772461	11.614598274230957	-1.0	10.084470748901367	-1.0
4	0	0	4	14.0	14.0	9.83240795135498	9.817301750183105	inf	13.333333333333334	inf	29.333333333333332	29.666666666666668	inf	9.26614761352539	inf	29.07667350769043	30.74199867248535
5	0	1	0	14.0	13.333333333333334	9.83240795135498	9.26614761352539	14.0	14.0	14.0	11.666666666666666	14.0	7.427783966064453	8.135310173034668	8.02626895904541	11.510078430175781	8.58326530456543
6	0	1	1	14.0	13.333333333333334	9.83240795135498	9.26614761352539	13.666666666666666	13.666666666666666	12.0	-1.0	14.0	9.445383071899414	8.937755584716797	9.430237770080566	-1.0	9.959996223449707
7	0	1	2	14.0	13.333333333333334	9.83240795135498	9.26614761352539	inf	-1.0	-1.0	inf	-1.0	inf	-1.0	-1.0	inf	-1.0
8	0	1	3	14.0	13.333333333333334	9.83240795135498	9.26614761352539	-1.0	14.0	14.0	14.0	14.0	-1.0	12.095053672790527	10.88847541809082	10.254651069641113	11.000537872314453
9	0	1	4	14.0	13.333333333333334	9.83240795135498	9.26614761352539	inf	14.0	-1.0	24.333333333333332	42.0	inf	8.832803726196289	-1.0	53.36569595336914	15.771897315979004
10	0	2	0	14.0	13.333333333333334	8.832803726196289	9.26614761352539	14.0	7.0	14.0	-1.0	-1.0	6.967122554779053	17.04776382446289	7.723479747772217	-1.0	-1.0
11	0	2	1	14.0	13.333333333333334	8.832803726196289	9.26614761352539	13.666666666666666	14.333333333333334	14.0	14.0	11.333333333333334	7.150895118713379	10.186990737915039	10.61612319946289	9.346956253051758	9.41402816772461
12	0	2	2	14.0	13.333333333333334	8.832803726196289	9.26614761352539	inf	inf	-1.0	13.0	-1.0	inf	inf	-1.0	9.542943000793457	-1.0
13	0	2	3	14.0	13.333333333333334	8.832803726196289	9.26614761352539	13.333333333333334	-1.0	-1.0	13.333333333333334	-1.0	8.217223167419434	-1.0	-1.0	10.056977272033691	-1.0
14	0	2	4	14.0	13.333333333333334	8.832803726196289	9.26614761352539	inf	-1.0	-1.0	12.666666666666666	inf	inf	-1.0	-1.0	9.442912101745605	inf
15	0	3	0	12.666666666666666	13.333333333333334	9.442912101745605	9.26614761352539	12.666666666666666	13.333333333333334	-1.0	12.0	14.0	5.554833889007568	6.374032497406006	-1.0	8.18460750579834	8.236748695373535
16	0	3	1	12.666666666666666	13.333333333333334	9.442912101745605	9.26614761352539	14.0	14.0	12.666666666666666	14.0	18.333333333333332	9.073722839355469	7.961628437042236	8.465712547302246	8.597969055175781	20.83188247680664
17	0	3	2	12.666666666666666	13.333333333333334	9.442912101745605	9.26614761352539	inf	14.0	-1.0	11.333333333333334	-1.0	inf	8.998391151428223	-1.0	8.005549430847168	-1.0
18	0	3	3	12.666666666666666	13.333333333333334	9.442912101745605	9.26614761352539	14.0	13.0	-1.0	-1.0	-1.0	10.752647399902344	8.818100929260254	-1.0	-1.0	-1.0
19	0	3	4	12.666666666666666	13.333333333333334	9.442912101745605	9.26614761352539	inf	inf	11.0	13.333333333333334	14.0	inf	inf	9.21371841430664	8.7817964553833	9.959996223449707
20	0	4	0	14.0	13.333333333333334	9.817301750183105	9.26614761352539	12.666666666666666	12.0	14.0	-1.0	12.0	5.768036842346191	5.772035121917725	10.279153823852539	-1.0	5.036094665527344
21	0	4	1	14.0	13.333333333333334	9.817301750183105	9.26614761352539	-1.0	14.0	13.333333333333334	12.0	13.666666666666666	-1.0	7.751153945922852	9.481424331665039	9.699052810668945	9.604692459106445
22	0	4	2	14.0	13.333333333333334	9.817301750183105	9.26614761352539	-1.0	-1.0	-1.0	inf	14.0	-1.0	-1.0	-1.0	inf	9.42855453491211
23	0	4	3	14.0	13.333333333333334	9.817301750183105	9.26614761352539	13.666666666666666	14.0	14.0	-1.0	14.0	10.402693748474121	10.422835350036621	10.435296058654785	-1.0	9.45424747467041
24	0	4	4	14.0	13.333333333333334	9.817301750183105	9.26614761352539	-1.0	inf	inf	inf	-1.0	-1.0	inf	inf	inf	-1.0
25	0	5	0	12.666666666666666	13.333333333333334	9.442912101745605	9.26614761352539	10.0	14.0	-1.0	-1.0	8.666666666666666	5.727910041809082	7.284595012664795	-1.0	-1.0	7.226151466369629
26	0	5	1	12.666666666666666	13.333333333333334	9.442912101745605	9.26614761352539	-1.0	-1.0	14.0	15.0	-1.0	-1.0	-1.0	9.001120567321777	9.602781295776367	-1.0
27	0	5	2	12.666666666666666	13.333333333333334	9.442912101745605	9.26614761352539	inf	14.0	inf	14.0	-1.0	inf	8.507996559143066	inf	8.81498908996582	-1.0
28	0	5	3	12.666666666666666	13.333333333333334	9.442912101745605	9.26614761352539	13.666666666666666	-1.0	-1.0	-1.0	16.333333333333332	8.88984203338623	-1.0	-1.0	-1.0	10.030181884765625
29	0	5	4	12.666666666666666	13.333333333333334	9.442912101745605	9.26614761352539	inf	8.333333333333334	-1.0	inf	-1.0	inf	15.45088005065918	-1.0	inf	-1.0
30	0	6	0	13.333333333333334	13.333333333333334	9.26614761352539	8.7817964553833	14.0	14.0	-1.0	-1.0	8.333333333333334	9.353997230529785	8.951006889343262	-1.0	-1.0	13.9735746383667
31	0	6	1	13.333333333333334	13.333333333333334	9.26614761352539	8.7817964553833	-1.0	14.0	14.0	14.0	14.0	-1.0	8.409214973449707	10.65327262878418	9.062127113342285	10.229445457458496
32	0	6	2	13.333333333333334	13.333333333333334	9.26614761352539	8.7817964553833	inf	14.0	inf	14.0	14.0	inf	9.790980339050293	inf	9.0960054397583	10.007768630981445
33	0	6	3	13.333333333333334	13.333333333333334	9.26614761352539	8.7817964553833	14.0	14.0	14.0	14.0	-1.0	9.600395202636719	11.003684997558594	9.607931137084961	10.341228485107422	-1.0
34	0	6	4	13.333333333333334	13.333333333333334	9.26614761352539	8.7817964553833	inf	11.0	-1.0	13.666666666666666	32.0	inf	11.341773986816406	-1.0	9.577290534973145	30.770477294921875
35	0	7	0	11.0	14.0	9.21371841430664	8.832803726196289	14.0	11.333333333333334	-1.0	13.333333333333334	14.0	9.959996223449707	8.005549430847168	-1.0	8.060483932495117	8.651747703552246
36	0	7	1	11.0	14.0	9.21371841430664	8.832803726196289	14.0	13.333333333333334	14.0	-1.0	-1.0	10.897905349731445	8.82468318939209	9.641737937927246	-1.0	-1.0
37	0	7	2	11.0	14.0	9.21371841430664	8.832803726196289	inf	7.0	inf	9.0	inf	inf	17.04776382446289	inf	12.34628963470459	inf
38	0	7	3	11.0	14.0	9.21371841430664	8.832803726196289	13.666666666666666	inf	14.0	14.0	inf	9.596263885498047	inf	9.731348037719727	7.07457971572876	inf
39	0	7	4	11.0	14.0	9.21371841430664	8.832803726196289	13.333333333333334	inf	31.0	inf	62.666666666666664	7.768010139465332	inf	32.46146774291992	inf	29.804729461669922
40	0	8	0	14.0	13.333333333333334	9.817301750183105	7.768010139465332	12.666666666666666	14.0	10.333333333333334	12.0	10.333333333333334	7.294893264770508	9.646656036376953	13.724379539489746	9.544682502746582	13.078882217407227
41	0	8	1	14.0	13.333333333333334	9.817301750183105	7.768010139465332	14.0	12.0	11.333333333333334	14.0	14.0	9.405168533325195	5.943912506103516	5.725032329559326	9.673455238342285	8.64488410949707
42	0	8	2	14.0	13.333333333333334	9.817301750183105	7.768010139465332	inf	9.0	inf	inf	13.666666666666666	inf	11.733887672424316	inf	inf	6.941143989562988
43	0	8	3	14.0	13.333333333333334	9.817301750183105	7.768010139465332	inf	inf	inf	inf	-1.0	inf	inf	inf	inf	-1.0
44	0	8	4	14.0	13.333333333333334	9.817301750183105	7.768010139465332	inf	13.333333333333334	inf	-1.0	30.666666666666668	inf	9.446173667907715	inf	-1.0	32.143714904785156
45	0	9	0	14.0	13.333333333333334	9.959996223449707	7.768010139465332	11.333333333333334	9.0	13.333333333333334	21.0	14.0	5.830280303955078	7.292738437652588	6.1881890296936035	10.6760892868042	9.994668006896973
46	0	9	1	14.0	13.333333333333334	9.959996223449707	7.768010139465332	12.666666666666666	13.666666666666666	14.0	-1.0	-1.0	6.639074802398682	8.88984203338623	8.720108985900879	-1.0	-1.0
47	0	9	2	14.0	13.333333333333334	9.959996223449707	7.768010139465332	inf	13.666666666666666	inf	inf	9.0	inf	9.616130828857422	inf	inf	15.550077438354492
48	0	9	3	14.0	13.333333333333334	9.959996223449707	7.768010139465332	14.0	-1.0	-1.0	-1.0	-1.0	9.405168533325195	-1.0	-1.0	-1.0	-1.0
49	0	9	4	14.0	13.333333333333334	9.959996223449707	7.768010139465332	inf	12.666666666666666	inf	inf	inf	inf	7.2945427894592285	inf	inf	inf
50	1	0	0	13.333333333333334	13.333333333333334	6.374032497406006	6.1881890296936035	13.0	-1.0	13.0	-1.0	-1.0	8.263943672180176	-1.0	7.799744129180908	-1.0	-1.0
51	1	0	1	13.333333333333334	13.333333333333334	6.374032497406006	6.1881890296936035	12.666666666666666	11.333333333333334	-1.0	14.0	14.0	5.768036842346191	5.600831508636475	-1.0	9.818796157836914	5.815317630767822
52	1	0	2	13.333333333333334	13.333333333333334	6.374032497406006	6.1881890296936035	14.0	7.0	13.666666666666666	-1.0	inf	7.165482521057129	17.04776382446289	6.747300624847412	-1.0	inf
53	1	0	3	13.333333333333334	13.333333333333334	6.374032497406006	6.1881890296936035	13.333333333333334	-1.0	-1.0	-1.0	-1.0	6.1881890296936035	-1.0	-1.0	-1.0	-1.0
54	1	0	4	13.333333333333334	13.333333333333334	6.374032497406006	6.1881890296936035	9.333333333333334	12.333333333333334	14.0	13.0	12.333333333333334	16.33354377746582	10.447919845581055	9.959996223449707	10.15575885772705	10.981837272644043
55	1	1	0	13.333333333333334	13.333333333333334	6.1881890296936035	6.374032497406006	12.666666666666666	14.0	14.0	inf	inf	6.3424201011657715	9.30100154876709	10.293880462646484	inf	inf
56	1	1	1	13.333333333333334	13.333333333333334	6.1881890296936035	6.374032497406006	13.333333333333334	12.0	-1.0	14.0	-1.0	6.065752983093262	5.943912506103516	-1.0	7.514459609985352	-1.0
57	1	1	2	13.333333333333334	13.333333333333334	6.1881890296936035	6.374032497406006	13.666666666666666	-1.0	20.666666666666668	-1.0	-1.0	7.434667587280273	-1.0	10.944901466369629	-1.0	-1.0
58	1	1	3	13.333333333333334	13.333333333333334	6.1881890296936035	6.374032497406006	13.333333333333334	-1.0	13.666666666666666	-1.0	14.0	10.427213668823242	-1.0	6.334051609039307	-1.0	10.008705139160156
59	1	1	4	13.333333333333334	13.333333333333334	6.1881890296936035	6.374032497406006	-1.0	12.666666666666666	-1.0	-1.0	-1.0	-1.0	5.768036842346191	-1.0	-1.0	-1.0
60	1	2	0	12.666666666666666	13.333333333333334	5.768036842346191	6.374032497406006	inf	inf	inf	inf	inf	inf	inf	inf	inf	inf
61	1	2	1	12.666666666666666	13.333333333333334	5.768036842346191	6.374032497406006	12.0	9.333333333333334	-1.0	19.0	8.666666666666666	5.927905082702637	8.082263946533203	-1.0	13.348604202270508	8.533246994018555
62	1	2	2	12.666666666666666	13.333333333333334	5.768036842346191	6.374032497406006	13.666666666666666	-1.0	20.666666666666668	-1.0	-1.0	9.616130828857422	-1.0	9.959656715393066	-1.0	-1.0
63	1	2	3	12.666666666666666	13.333333333333334	5.768036842346191	6.374032497406006	13.0	13.666666666666666	-1.0	13.666666666666666	14.0	6.397924900054932	8.063304901123047	-1.0	6.747300624847412	7.816242218017578
64	1	2	4	12.666666666666666	13.333333333333334	5.768036842346191	6.374032497406006	14.0	-1.0	-1.0	-1.0	-1.0	7.987316131591797	-1.0	-1.0	-1.0	-1.0
65	1	3	0	13.333333333333334	13.333333333333334	6.374032497406006	6.1881890296936035	inf	inf	inf	inf	inf	inf	inf	inf	inf	inf
66	1	3	1	13.333333333333334	13.333333333333334	6.374032497406006	6.1881890296936035	-1.0	-1.0	18.333333333333332	-1.0	-1.0	-1.0	-1.0	12.851888656616211	-1.0	-1.0
67	1	3	2	13.333333333333334	13.333333333333334	6.374032497406006	6.1881890296936035	-1.0	-1.0	-1.0	-1.0	-1.0	-1.0	-1.0	-1.0	-1.0	-1.0
68	1	3	3	13.333333333333334	13.333333333333334	6.374032497406006	6.1881890296936035	11.333333333333334	13.666666666666666	7.0	11.333333333333334	-1.0	5.70205020904541	8.550235748291016	17.04776382446289	5.705490589141846	-1.0
69	1	3	4	13.333333333333334	13.333333333333334	6.374032497406006	6.1881890296936035	-1.0	-1.0	21.0	7.0	-1.0	-1.0	-1.0	10.988086700439453	17.04776382446289	-1.0
70	1	4	0	12.666666666666666	14.0	5.768036842346191	7.987316131591797	inf	inf	inf	inf	inf	inf	inf	inf	inf	inf
71	1	4	1	12.666666666666666	14.0	5.768036842346191	7.987316131591797	12.0	-1.0	12.666666666666666	14.0	-1.0	5.325540065765381	-1.0	6.655616760253906	7.991330623626709	-1.0
72	1	4	2	12.666666666666666	14.0	5.768036842346191	7.987316131591797	14.0	13.333333333333334	11.0	-1.0	-1.0	9.60165786743164	8.071752548217773	13.473051071166992	-1.0	-1.0
73	1	4	3	12.666666666666666	14.0	5.768036842346191	7.987316131591797	-1.0	-1.0	-1.0	9.0	-1.0	-1.0	-1.0	-1.0	15.462519645690918	-1.0
74	1	4	4	12.666666666666666	14.0	5.768036842346191	7.987316131591797	10.333333333333334	10.333333333333334	12.0	14.0	-1.0	7.240875720977783	13.213994026184082	5.943912506103516	8.673277854919434	-1.0
75	1	5	0	13.333333333333334	13.333333333333334	6.1881890296936035	6.374032497406006	inf	inf	inf	inf	inf	inf	inf	inf	inf	inf
76	1	5	1	13.333333333333334	13.333333333333334	6.1881890296936035	6.374032497406006	-1.0	-1.0	7.0	-1.0	-1.0	-1.0	-1.0	17.04776382446289	-1.0	-1.0
77	1	5	2	13.333333333333334	13.333333333333334	6.1881890296936035	6.374032497406006	-1.0	-1.0	-1.0	-1.0	14.0	-1.0	-1.0	-1.0	-1.0	6.633802890777588
78	1	5	3	13.333333333333334	13.333333333333334	6.1881890296936035	6.374032497406006	14.0	14.0	14.0	12.666666666666666	-1.0	7.987316131591797	6.458710193634033	10.445108413696289	5.768036842346191	-1.0
79	1	5	4	13.333333333333334	13.333333333333334	6.1881890296936035	6.374032497406006	-1.0	11.333333333333334	11.333333333333334	-1.0	-1.0	-1.0	5.653905868530273	5.725032329559326	-1.0	-1.0
80	1	6	0	10.333333333333334	12.666666666666666	7.240875720977783	5.768036842346191	inf	inf	inf	inf	inf	inf	inf	inf	inf	inf
81	1	6	1	10.333333333333334	12.666666666666666	7.240875720977783	5.768036842346191	-1.0	9.0	-1.0	-1.0	-1.0	-1.0	15.559541702270508	-1.0	-1.0	-1.0
82	1	6	2	10.333333333333334	12.666666666666666	7.240875720977783	5.768036842346191	14.0	14.0	-1.0	13.333333333333334	14.0	8.92405891418457	9.869935989379883	-1.0	7.180914402008057	9.959996223449707
83	1	6	3	10.333333333333334	12.666666666666666	7.240875720977783	5.768036842346191	13.666666666666666	-1.0	-1.0	14.0	-1.0	9.616130828857422	-1.0	-1.0	10.11883544921875	-1.0
84	1	6	4	10.333333333333334	12.666666666666666	7.240875720977783	5.768036842346191	-1.0	-1.0	-1.0	14.0	-1.0	-1.0	-1.0	-1.0	10.165783882141113	-1.0
85	1	7	0	11.333333333333334	10.333333333333334	5.725032329559326	7.240875720977783	inf	inf	inf	inf	inf	inf	inf	inf	inf	inf
86	1	7	1	11.333333333333334	10.333333333333334	5.725032329559326	7.240875720977783	14.0	-1.0	-1.0	14.0	-1.0	8.81498908996582	-1.0	-1.0	9.27227783203125	-1.0
87	1	7	2	11.333333333333334	10.333333333333334	5.725032329559326	7.240875720977783	12.0	-1.0	19.0	14.0	-1.0	5.943912506103516	-1.0	11.804944038391113	7.987316131591797	-1.0
88	1	7	3	11.333333333333334	10.333333333333334	5.725032329559326	7.240875720977783	-1.0	14.0	-1.0	14.0	-1.0	-1.0	10.137384414672852	-1.0	8.826614379882812	-1.0
89	1	7	4	11.333333333333334	10.333333333333334	5.725032329559326	7.240875720977783	12.0	inf	-1.0	-1.0	-1.0	6.386542797088623	inf	-1.0	-1.0	-1.0
90	1	8	0	12.666666666666666	11.333333333333334	5.768036842346191	5.653905868530273	inf	inf	inf	inf	inf	inf	inf	inf	inf	inf
91	1	8	1	12.666666666666666	11.333333333333334	5.768036842346191	5.653905868530273	-1.0	9.0	14.0	11.333333333333334	16.0	-1.0	15.38099193572998	9.479035377502441	5.705490589141846	10.1072416305542
92	1	8	2	12.666666666666666	11.333333333333334	5.768036842346191	5.653905868530273	9.0	7.666666666666667	-1.0	8.333333333333334	8.0	15.263467788696289	16.825023651123047	-1.0	15.536197662353516	16.612018585205078
93	1	8	3	12.666666666666666	11.333333333333334	5.768036842346191	5.653905868530273	inf	inf	inf	inf	inf	inf	inf	inf	inf	inf
94	1	8	4	12.666666666666666	11.333333333333334	5.768036842346191	5.653905868530273	14.0	-1.0	14.0	-1.0	12.0	8.81498908996582	-1.0	9.835932731628418	-1.0	7.2370710372924805
95	1	9	0	11.333333333333334	12.0	5.653905868530273	5.943912506103516	inf	inf	inf	inf	inf	inf	inf	inf	inf	inf
96	1	9	1	11.333333333333334	12.0	5.653905868530273	5.943912506103516	-1.0	-1.0	-1.0	-1.0	10.333333333333334	-1.0	-1.0	-1.0	-1.0	7.584734916687012
97	1	9	2	11.333333333333334	12.0	5.653905868530273	5.943912506103516	-1.0	13.666666666666666	13.666666666666666	-1.0	-1.0	-1.0	6.00043249130249	6.785686016082764	-1.0	-1.0
98	1	9	3	11.333333333333334	12.0	5.653905868530273	5.943912506103516	-1.0	-1.0	-1.0	-1.0	-1.0	-1.0	-1.0	-1.0	-1.0	-1.0
99	1	9	4	11.333333333333334	12.0	5.653905868530273	5.943912506103516	11.0	-1.0	-1.0	-1.0	-1.0	11.839943885803223	-1.0	-1.0	-1.0	-1.0
100	2	0	0	11.333333333333334	12.666666666666666	5.653905391693115	5.65962553024292	13.333333333333334					7.318045616149902				
101	2	0	1	11.333333333333334	12.666666666666666	5.653905391693115	5.65962553024292	10.333333333333334	12.0	-1.0	-1.0	12.666666666666666	5.993238925933838	5.481407642364502	-1.0	-1.0	7.725095748901367
102	2	0	2	11.333333333333334	12.666666666666666	5.653905391693115	5.65962553024292	13.333333333333334	12.666666666666666	14.0	7.0	-1.0	10.427212715148926	9.404821395874023	7.147059440612793	17.04776382446289	-1.0
103	2	0	3	11.333333333333334	12.666666666666666	5.653905391693115	5.65962553024292	9.666666666666666	7.0	12.666666666666666	11.333333333333334	10.333333333333334	7.823669910430908	17.04776382446289	6.264585018157959	6.162570476531982	8.584630012512207
104	2	0	4	11.333333333333334	12.666666666666666	5.653905391693115	5.65962553024292	12.0	13.333333333333334	12.666666666666666	14.0	14.0	5.943912982940674	6.15391206741333	6.264585018157959	6.014070987701416	9.823471069335938
105	2	1	0	12.666666666666666	11.333333333333334	5.65962553024292	5.653905391693115	12.666666666666666	-1.0	-1.0	-1.0	-1.0	7.764270782470703	-1.0	-1.0	-1.0	-1.0
106	2	1	1	12.666666666666666	11.333333333333334	5.65962553024292	5.653905391693115	-1.0	14.0	14.0	-1.0	12.666666666666666	-1.0	6.8366780281066895	8.951007843017578	-1.0	5.768036842346191
107	2	1	2	12.666666666666666	11.333333333333334	5.65962553024292	5.653905391693115	12.0	-1.0	-1.0	-1.0	-1.0	5.927905082702637	-1.0	-1.0	-1.0	-1.0
108	2	1	3	12.666666666666666	11.333333333333334	5.65962553024292	5.653905391693115	12.333333333333334	14.0	-1.0	-1.0	14.0	10.40982437133789	9.304888725280762	-1.0	-1.0	9.469294548034668
109	2	1	4	12.666666666666666	11.333333333333334	5.65962553024292	5.653905391693115	13.666666666666666	-1.0	14.0	-1.0	7.0	9.616130828857422	-1.0	7.0232930183410645	-1.0	17.04776382446289
110	2	2	0	11.333333333333334	12.666666666666666	5.653905391693115	5.65962553024292	14.0	-1.0	-1.0	-1.0	-1.0	9.304888725280762	-1.0	-1.0	-1.0	-1.0
111	2	2	1	11.333333333333334	12.666666666666666	5.653905391693115	5.65962553024292	14.0	12.0	7.0	-1.0	-1.0	7.987315654754639	5.943912982940674	17.04776382446289	-1.0	-1.0
112	2	2	2	11.333333333333334	12.666666666666666	5.653905391693115	5.65962553024292	12.333333333333334	-1.0	-1.0	14.0	-1.0	10.001761436462402	-1.0	-1.0	8.435895919799805	-1.0
113	2	2	3	11.333333333333334	12.666666666666666	5.653905391693115	5.65962553024292	-1.0	14.0	14.0	11.333333333333334	inf	-1.0	10.91958999633789	8.435895919799805	6.350530624389648	inf
114	2	2	4	11.333333333333334	12.666666666666666	5.653905391693115	5.65962553024292	inf	-1.0	-1.0	13.666666666666666	14.0	inf	-1.0	-1.0	6.334051609039307	7.987315654754639
115	2	3	0	14.0	12.666666666666666	9.823471069335938	5.65962553024292	12.666666666666666	14.0	-1.0	inf	12.0	6.639074802398682	8.81498908996582	-1.0	inf	6.1425042152404785
116	2	3	1	14.0	12.666666666666666	9.823471069335938	5.65962553024292	11.333333333333334	12.666666666666666	12.666666666666666	12.666666666666666	14.0	5.705491065979004	8.289605140686035	7.892243385314941	6.335900783538818	6.032593250274658
117	2	3	2	14.0	12.666666666666666	9.823471069335938	5.65962553024292	14.0	-1.0	12.666666666666666	18.333333333333332	14.0	7.987315654754639	-1.0	6.264585018157959	11.15611457824707	9.043508529663086
118	2	3	3	14.0	12.666666666666666	9.823471069335938	5.65962553024292	14.0	-1.0	-1.0	-1.0	-1.0	7.408536434173584	-1.0	-1.0	-1.0	-1.0
119	2	3	4	14.0	12.666666666666666	9.823471069335938	5.65962553024292	14.0	-1.0	-1.0	20.333333333333332	-1.0	8.81498908996582	-1.0	-1.0	12.843037605285645	-1.0
120	2	4	0	13.333333333333334	11.333333333333334	6.15391206741333	5.653905391693115	11.0	inf	-1.0	inf	-1.0	12.568357467651367	inf	-1.0	inf	-1.0
121	2	4	1	13.333333333333334	11.333333333333334	6.15391206741333	5.653905391693115	inf	inf	inf	inf	inf	inf	inf	inf	inf	inf
122	2	4	2	13.333333333333334	11.333333333333334	6.15391206741333	5.653905391693115	-1.0	10.0	9.333333333333334	-1.0	-1.0	-1.0	5.396476745605469	8.082263946533203	-1.0	-1.0
123	2	4	3	13.333333333333334	11.333333333333334	6.15391206741333	5.653905391693115	8.333333333333334	11.333333333333334	-1.0	13.666666666666666	-1.0	15.973278045654297	11.342058181762695	-1.0	6.00043249130249	-1.0
124	2	4	4	13.333333333333334	11.333333333333334	6.15391206741333	5.653905391693115	11.333333333333334	14.0	14.0	-1.0	-1.0	5.70205020904541	5.815317630767822	7.180303573608398	-1.0	-1.0
125	2	5	0	12.0	14.0	5.943912982940674	5.815317630767822	inf	10.333333333333334	-1.0	inf	-1.0	inf	12.250995635986328	-1.0	inf	-1.0
126	2	5	1	12.0	14.0	5.943912982940674	5.815317630767822	inf	inf	inf	inf	inf	inf	inf	inf	inf	inf
127	2	5	2	12.0	14.0	5.943912982940674	5.815317630767822	11.333333333333334	10.666666666666666	-1.0	12.0	-1.0	7.136051654815674	5.76789665222168	-1.0	5.325540065765381	-1.0
128	2	5	3	12.0	14.0	5.943912982940674	5.815317630767822	12.666666666666666	-1.0	-1.0	inf	-1.0	6.639074802398682	-1.0	-1.0	inf	-1.0
129	2	5	4	12.0	14.0	5.943912982940674	5.815317630767822	12.0	14.0	11.0	-1.0	12.333333333333334	7.237070560455322	9.959996223449707	10.074039459228516	-1.0	10.40982437133789
130	2	6	0	11.333333333333334	12.666666666666666	5.653905391693115	5.65962553024292	7.0	11.666666666666666	-1.0	-1.0	-1.0	17.04776382446289	11.55098819732666	-1.0	-1.0	-1.0
131	2	6	1	11.333333333333334	12.666666666666666	5.653905391693115	5.65962553024292	inf	12.0	9.333333333333334	inf	-1.0	inf	12.319315910339355	15.992372512817383	inf	-1.0
132	2	6	2	11.333333333333334	12.666666666666666	5.653905391693115	5.65962553024292	12.666666666666666	-1.0	12.666666666666666	14.0	-1.0	7.208682060241699	-1.0	6.639074802398682	9.52101993560791	-1.0
133	2	6	3	11.333333333333334	12.666666666666666	5.653905391693115	5.65962553024292	-1.0	14.0	13.333333333333334	14.0	-1.0	-1.0	7.180303573608398	6.955355167388916	6.890631198883057	-1.0
134	2	6	4	11.333333333333334	12.666666666666666	5.653905391693115	5.65962553024292	13.333333333333334	13.333333333333334	-1.0	inf	-1.0	10.427212715148926	6.188188552856445	-1.0	inf	-1.0
135	2	7	0	13.666666666666666	13.333333333333334	6.334051609039307	6.15391206741333	-1.0	-1.0	12.333333333333334	-1.0	-1.0	-1.0	-1.0	10.001761436462402	-1.0	-1.0
136	2	7	1	13.666666666666666	13.333333333333334	6.334051609039307	6.15391206741333	13.666666666666666	13.0	9.333333333333334	-1.0	13.666666666666666	9.616130828857422	6.97964334487915	13.687970161437988	-1.0	6.747300148010254
137	2	7	2	13.666666666666666	13.333333333333334	6.334051609039307	6.15391206741333	-1.0	-1.0	17.666666666666668	-1.0	-1.0	-1.0	-1.0	7.7049665451049805	-1.0	-1.0
138	2	7	3	13.666666666666666	13.333333333333334	6.334051609039307	6.15391206741333	-1.0	11.0	-1.0	-1.0	16.666666666666668	-1.0	11.839943885803223	-1.0	-1.0	6.075104236602783
139	2	7	4	13.666666666666666	13.333333333333334	6.334051609039307	6.15391206741333	14.0	12.666666666666666	12.666666666666666	14.0	10.0	10.008705139160156	5.768036842346191	9.7708740234375	9.129146575927734	9.625685691833496
140	2	8	0	11.333333333333334	11.333333333333334	5.70205020904541	5.653905391693115	-1.0	-1.0	-1.0	-1.0	-1.0	-1.0	-1.0	-1.0	-1.0	-1.0
141	2	8	1	11.333333333333334	11.333333333333334	5.70205020904541	5.653905391693115	14.0	-1.0	14.0	35.666666666666664	-1.0	10.72842025756836	-1.0	9.484025001525879	12.660908699035645	-1.0
142	2	8	2	11.333333333333334	11.333333333333334	5.70205020904541	5.653905391693115	-1.0	-1.0	14.0	-1.0	-1.0	-1.0	-1.0	7.408536434173584	-1.0	-1.0
143	2	8	3	11.333333333333334	11.333333333333334	5.70205020904541	5.653905391693115	14.0	14.0	-1.0	14.0	14.0	8.81498908996582	9.871648788452148	-1.0	10.313706398010254	10.956852912902832
144	2	8	4	11.333333333333334	11.333333333333334	5.70205020904541	5.653905391693115	-1.0	14.0	-1.0	-1.0	-1.0	-1.0	10.500699043273926	-1.0	-1.0	-1.0
145	2	9	0	14.0	12.666666666666666	5.815317630767822	6.264585018157959	10.666666666666666	-1.0	-1.0	-1.0	-1.0	5.367025852203369	-1.0	-1.0	-1.0	-1.0
146	2	9	1	14.0	12.666666666666666	5.815317630767822	6.264585018157959	11.333333333333334	-1.0	-1.0	-1.0	12.333333333333334	5.549112796783447	-1.0	-1.0	-1.0	6.575270175933838
147	2	9	2	14.0	12.666666666666666	5.815317630767822	6.264585018157959	12.333333333333334	14.0	13.333333333333334	-1.0	-1.0	10.40982437133789	10.528328895568848	6.955355167388916	-1.0	-1.0
148	2	9	3	14.0	12.666666666666666	5.815317630767822	6.264585018157959	9.333333333333334	-1.0	-1.0	-1.0	-1.0	15.34877872467041	-1.0	-1.0	-1.0	-1.0
149	2	9	4	14.0	12.666666666666666	5.815317630767822	6.264585018157959	12.666666666666666	inf	-1.0	-1.0	-1.0	6.213098526000977	inf	-1.0	-1.0	-1.0
