	reset_island_iter	improve_iter	island	program_1_hamming_score	program_2_hamming_score	program_1_neural_score	program_2_neural_score	output_program_1_hamming_score	output_program_2_hamming_score	output_program_3_hamming_score	output_program_4_hamming_score	output_program_5_hamming_score	output_program_1_neural_score	output_program_2_neural_score	output_program_3_neural_score	output_program_4_neural_score	output_program_5_neural_score
0	0	0	0	0.02040816326530612	0.02040816326530612	129.35031127929688	129.35031127929688	inf	0.02040816326530612	inf	inf	0.02040816326530612	inf	129.8267822265625	inf	inf	129.35031127929688
1	0	0	1	0.02040816326530612	0.02040816326530612	129.35031127929688	129.35031127929688	inf	1.0	0.40816326530612246	inf	0.2653061224489796	inf	5.111637115478516	19.850492477416992	inf	5.399223327636719
2	0	0	2	0.02040816326530612	0.02040816326530612	129.35031127929688	129.35031127929688	inf	0.02040816326530612	inf	-1.0	-1.0	inf	2.8329689502716064	inf	-1.0	-1.0
3	0	0	3	0.02040816326530612	0.02040816326530612	129.35031127929688	129.35031127929688	0.02040816326530612	0.10204081632653061	-1.0	-1.0	-1.0	2.8329689502716064	11.197015762329102	-1.0	-1.0	-1.0
4	0	0	4	0.02040816326530612	0.02040816326530612	129.35031127929688	129.35031127929688	0.2653061224489796	0.02040816326530612	inf	-1.0	-1.0	5.399223327636719	2.8329689502716064	inf	-1.0	-1.0
5	0	1	0	0.2653061224489796	0.02040816326530612	5.399223327636719	2.8329689502716064	0.2653061224489796	1.0	-1.0	-1.0	1.0	5.399223327636719	5.111637115478516	-1.0	-1.0	56.65387725830078
6	0	1	1	0.2653061224489796	0.02040816326530612	5.399223327636719	2.8329689502716064	-1.0	0.9795918367346939	inf	0.6224489795918368	inf	-1.0	6.294820785522461	inf	5.75862979888916	inf
7	0	1	2	0.2653061224489796	0.02040816326530612	5.399223327636719	2.8329689502716064	inf	0.2653061224489796	0.2653061224489796	0.16326530612244897	inf	inf	29.59933090209961	5.399223327636719	19.33009147644043	inf
8	0	1	3	0.2653061224489796	0.02040816326530612	5.399223327636719	2.8329689502716064	inf	inf	inf	inf	inf	inf	inf	inf	inf	inf
9	0	1	4	0.2653061224489796	0.02040816326530612	5.399223327636719	2.8329689502716064	0.0					0.0				
