	reset_island_iter	improve_iter	island	program_1_hamming_score	program_2_hamming_score	program_1_neural_score	program_2_neural_score	output_program_1_hamming_score	output_program_2_hamming_score	output_program_3_hamming_score	output_program_4_hamming_score	output_program_5_hamming_score	output_program_1_neural_score	output_program_2_neural_score	output_program_3_neural_score	output_program_4_neural_score	output_program_5_neural_score
0	0	0	0	6.333333333333333	6.333333333333333	17.152925491333008	17.152925491333008	13.666666666666666	16.0	15.666666666666666	15.666666666666666	71.66666666666667	41.97898483276367	28.20457649230957	23.291542053222656	21.25640296936035	18.570802688598633
1	0	0	1	6.333333333333333	6.333333333333333	17.152925491333008	17.152925491333008	inf	inf	13.0	inf	inf	inf	inf	19.218563079833984	inf	inf
2	0	0	2	6.333333333333333	6.333333333333333	17.152925491333008	17.152925491333008	15.0	10.333333333333334	15.0	15.333333333333334	15.0	19.185598373413086	34.92148208618164	20.95290184020996	19.80752944946289	16.284488677978516
3	0	0	3	6.333333333333333	6.333333333333333	17.152925491333008	17.152925491333008	inf	inf	inf	inf	inf	inf	inf	inf	inf	inf
4	0	0	4	6.333333333333333	6.333333333333333	17.152925491333008	17.152925491333008	inf	15.333333333333334	12.333333333333334	15.0	15.333333333333334	inf	33.392799377441406	24.320051193237305	30.477128982543945	28.99260139465332
5	0	1	0	6.333333333333333	6.333333333333333	17.152925491333008	17.152925491333008	-1.0	-1.0	15.666666666666666	-1.0	-1.0	-1.0	-1.0	21.037025451660156	-1.0	-1.0
6	0	1	1	6.333333333333333	6.333333333333333	17.152925491333008	17.152925491333008	inf	inf	inf	11.666666666666666	-1.0	inf	inf	inf	7.834451675415039	-1.0
7	0	1	2	6.333333333333333	6.333333333333333	17.152925491333008	17.152925491333008	-1.0	8.0	11.333333333333334	inf	-1.0	-1.0	24.717288970947266	19.761981964111328	inf	-1.0
8	0	1	3	6.333333333333333	6.333333333333333	17.152925491333008	17.152925491333008	11.333333333333334	13.333333333333334	-1.0	inf	-1.0	8.407570838928223	43.247894287109375	-1.0	inf	-1.0
9	0	1	4	6.333333333333333	6.333333333333333	17.152925491333008	17.152925491333008	inf	inf	15.666666666666666	inf	inf	inf	inf	38.68248748779297	inf	inf
10	0	2	0	6.333333333333333	6.333333333333333	17.152925491333008	17.152925491333008	17.333333333333332	12.666666666666666	14.0	inf	inf	24.71337890625	55.19985580444336	24.670141220092773	inf	inf
11	0	2	1	6.333333333333333	6.333333333333333	17.152925491333008	17.152925491333008	inf	inf	inf	inf	inf	inf	inf	inf	inf	inf
12	0	2	2	6.333333333333333	6.333333333333333	17.152925491333008	17.152925491333008	15.666666666666666	13.333333333333334	inf	inf	inf	37.713871002197266	53.26589584350586	inf	inf	inf
13	0	2	3	6.333333333333333	6.333333333333333	17.152925491333008	17.152925491333008	inf	inf	12.666666666666666	inf	inf	inf	inf	55.19985580444336	inf	inf
14	0	2	4	6.333333333333333	6.333333333333333	17.152925491333008	17.152925491333008	inf	inf	inf	inf	inf	inf	inf	inf	inf	inf
15	0	3	0	6.333333333333333	6.333333333333333	17.152925491333008	17.152925491333008	15.333333333333334	-1.0	-1.0	-1.0	16.666666666666668	24.279272079467773	-1.0	-1.0	-1.0	30.10885238647461
16	0	3	1	6.333333333333333	6.333333333333333	17.152925491333008	17.152925491333008	inf	78.66666666666667	inf	78.66666666666667	inf	inf	19.476289749145508	inf	20.199670791625977	inf
17	0	3	2	6.333333333333333	6.333333333333333	17.152925491333008	17.152925491333008	15.666666666666666	inf	inf	inf	inf	42.342872619628906	inf	inf	inf	inf
18	0	3	3	6.333333333333333	6.333333333333333	17.152925491333008	17.152925491333008	inf	inf	inf	-1.0	inf	inf	inf	inf	-1.0	inf
19	0	3	4	6.333333333333333	6.333333333333333	17.152925491333008	17.152925491333008	inf	11.0	inf	inf	inf	inf	9.79045581817627	inf	inf	inf
20	0	4	0	6.333333333333333	6.333333333333333	17.152925491333008	17.152925491333008	13.333333333333334	16.0	-1.0	12.666666666666666	inf	53.491127014160156	18.46615219116211	-1.0	52.434539794921875	inf
21	0	4	1	6.333333333333333	6.333333333333333	17.152925491333008	17.152925491333008	inf	-1.0	inf	inf	12.333333333333334	inf	-1.0	inf	inf	18.662498474121094
22	0	4	2	6.333333333333333	6.333333333333333	17.152925491333008	17.152925491333008	inf	inf	inf	inf	inf	inf	inf	inf	inf	inf
23	0	4	3	6.333333333333333	6.333333333333333	17.152925491333008	17.152925491333008	inf	inf	inf	inf	inf	inf	inf	inf	inf	inf
24	0	4	4	6.333333333333333	6.333333333333333	17.152925491333008	17.152925491333008	inf	11.333333333333334	11.0	-1.0	inf	inf	8.958945274353027	8.9336519241333	-1.0	inf
25	0	5	0	6.333333333333333	6.333333333333333	17.152925491333008	17.152925491333008	13.333333333333334	inf	inf	19.666666666666668	11.666666666666666	53.116477966308594	inf	inf	18.99928092956543	28.582426071166992
26	0	5	1	6.333333333333333	6.333333333333333	17.152925491333008	17.152925491333008	inf	10.333333333333334	-1.0	inf	inf	inf	7.624250411987305	-1.0	inf	inf
27	0	5	2	6.333333333333333	6.333333333333333	17.152925491333008	17.152925491333008	inf	inf	inf	inf	inf	inf	inf	inf	inf	inf
28	0	5	3	6.333333333333333	6.333333333333333	17.152925491333008	17.152925491333008	inf	inf	inf	inf	inf	inf	inf	inf	inf	inf
29	0	5	4	6.333333333333333	6.333333333333333	17.152925491333008	17.152925491333008	16.333333333333332	-1.0	-1.0	inf	-1.0	22.65754508972168	-1.0	-1.0	inf	-1.0
30	0	6	0	6.333333333333333	6.333333333333333	17.152925491333008	17.152925491333008	11.0	-1.0	9.333333333333334	83.33333333333333	78.66666666666667	9.111857414245605	-1.0	9.237747192382812	29.07834243774414	26.427255630493164
31	0	6	1	6.333333333333333	6.333333333333333	17.152925491333008	17.152925491333008	10.333333333333334	-1.0	inf	inf	11.333333333333334	7.788483142852783	-1.0	inf	inf	9.273540496826172
32	0	6	2	6.333333333333333	6.333333333333333	17.152925491333008	17.152925491333008	inf	inf	inf	inf	inf	inf	inf	inf	inf	inf
33	0	6	3	6.333333333333333	6.333333333333333	17.152925491333008	17.152925491333008	inf	inf	inf	inf	inf	inf	inf	inf	inf	inf
34	0	6	4	6.333333333333333	6.333333333333333	17.152925491333008	17.152925491333008	inf	inf	-1.0	inf	inf	inf	inf	-1.0	inf	inf
35	0	7	0	6.333333333333333	6.333333333333333	17.152925491333008	17.152925491333008	inf	10.666666666666666	9.666666666666666	10.333333333333334	6.333333333333333	inf	9.109506607055664	8.77437973022461	8.933890342712402	17.152925491333008
36	0	7	1	6.333333333333333	6.333333333333333	17.152925491333008	17.152925491333008	inf	inf	inf	18.666666666666668	18.666666666666668	inf	inf	inf	17.823654174804688	17.729663848876953
37	0	7	2	6.333333333333333	6.333333333333333	17.152925491333008	17.152925491333008	inf	inf	inf	inf	inf	inf	inf	inf	inf	inf
38	0	7	3	6.333333333333333	6.333333333333333	17.152925491333008	17.152925491333008	inf	inf	inf	inf	inf	inf	inf	inf	inf	inf
39	0	7	4	6.333333333333333	6.333333333333333	17.152925491333008	17.152925491333008	inf	inf	inf	inf	-1.0	inf	inf	inf	inf	-1.0
40	0	8	0	6.333333333333333	6.333333333333333	17.152925491333008	17.152925491333008	inf	12.0	inf	11.333333333333334	-1.0	inf	7.77884578704834	inf	7.732508659362793	-1.0
41	0	8	1	6.333333333333333	6.333333333333333	17.152925491333008	17.152925491333008	12.333333333333334	11.666666666666666	inf	inf	12.333333333333334	7.54673957824707	7.872257232666016	inf	inf	7.459349155426025
42	0	8	2	6.333333333333333	6.333333333333333	17.152925491333008	17.152925491333008	inf	inf	inf	inf	inf	inf	inf	inf	inf	inf
43	0	8	3	6.333333333333333	6.333333333333333	17.152925491333008	17.152925491333008	inf	inf	inf	inf	inf	inf	inf	inf	inf	inf
44	0	8	4	6.333333333333333	6.333333333333333	17.152925491333008	17.152925491333008	inf	10.666666666666666	inf	inf	inf	inf	8.49537467956543	inf	inf	inf
45	0	9	0	6.333333333333333	6.333333333333333	17.152925491333008	17.152925491333008	inf	-1.0	11.0	inf	inf	inf	-1.0	7.709462642669678	inf	inf
46	0	9	1	6.333333333333333	6.333333333333333	17.152925491333008	17.152925491333008	inf	inf	inf	inf	inf	inf	inf	inf	inf	inf
47	0	9	2	6.333333333333333	6.333333333333333	17.152925491333008	17.152925491333008	16.333333333333332	inf	inf	inf	inf	35.409820556640625	inf	inf	inf	inf
48	0	9	3	6.333333333333333	6.333333333333333	17.152925491333008	17.152925491333008	inf	inf	inf	inf	inf	inf	inf	inf	inf	inf
49	0	9	4	6.333333333333333	6.333333333333333	17.152925491333008	17.152925491333008	inf	-1.0	inf	inf	inf	inf	-1.0	inf	inf	inf
50	1	0	0	6.333333333333333	6.333333333333333	17.152925491333008	17.152925491333008	6.333333333333333	-1.0	-1.0	-1.0	-1.0	17.756126403808594	-1.0	-1.0	-1.0	-1.0
51	1	0	1	6.333333333333333	6.333333333333333	17.152925491333008	17.152925491333008	-1.0	-1.0	-1.0	-1.0	inf	-1.0	-1.0	-1.0	-1.0	inf
52	1	0	2	6.333333333333333	6.333333333333333	17.152925491333008	17.152925491333008	11.333333333333334	10.333333333333334	10.666666666666666	12.666666666666666	9.0	7.973968982696533	7.990606307983398	7.499823570251465	10.292935371398926	6.831912517547607
53	1	0	3	6.333333333333333	6.333333333333333	17.152925491333008	17.152925491333008	inf	inf	inf	inf	inf	inf	inf	inf	inf	inf
54	1	0	4	6.333333333333333	6.333333333333333	17.152925491333008	17.152925491333008	12.666666666666666	14.333333333333334	13.333333333333334	-1.0	12.666666666666666	35.16133117675781	30.77314567565918	51.93596649169922	-1.0	55.19985580444336
55	1	1	0	6.333333333333333	6.333333333333333	17.152925491333008	17.152925491333008	-1.0	-1.0	-1.0	-1.0	-1.0	-1.0	-1.0	-1.0	-1.0	-1.0
56	1	1	1	6.333333333333333	6.333333333333333	17.152925491333008	17.152925491333008	inf	78.66666666666667	78.66666666666667	inf	-1.0	inf	23.682689666748047	28.872455596923828	inf	-1.0
57	1	1	2	6.333333333333333	6.333333333333333	17.152925491333008	17.152925491333008	inf	11.333333333333334	inf	inf	10.666666666666666	inf	9.167404174804688	inf	inf	8.818570137023926
58	1	1	3	6.333333333333333	6.333333333333333	17.152925491333008	17.152925491333008	inf	inf	inf	inf	inf	inf	inf	inf	inf	inf
59	1	1	4	6.333333333333333	6.333333333333333	17.152925491333008	17.152925491333008	inf	inf	inf	inf	inf	inf	inf	inf	inf	inf
60	1	2	0	6.333333333333333	6.333333333333333	17.152925491333008	17.152925491333008	7.333333333333333	-1.0	-1.0	-1.0	-1.0	19.708946228027344	-1.0	-1.0	-1.0	-1.0
61	1	2	1	6.333333333333333	6.333333333333333	17.152925491333008	17.152925491333008	inf	inf	78.66666666666667	-1.0	-1.0	inf	inf	20.199670791625977	-1.0	-1.0
62	1	2	2	6.333333333333333	6.333333333333333	17.152925491333008	17.152925491333008	inf	inf	inf	inf	inf	inf	inf	inf	inf	inf
63	1	2	3	6.333333333333333	6.333333333333333	17.152925491333008	17.152925491333008	12.666666666666666	inf	inf	inf	inf	55.19985580444336	inf	inf	inf	inf
64	1	2	4	6.333333333333333	6.333333333333333	17.152925491333008	17.152925491333008	inf	inf	inf	inf	inf	inf	inf	inf	inf	inf
65	1	3	0	6.333333333333333	6.333333333333333	17.152925491333008	17.152925491333008	6.0	-1.0	6.0	-1.0	-1.0	17.337839126586914	-1.0	13.667314529418945	-1.0	-1.0
66	1	3	1	6.333333333333333	6.333333333333333	17.152925491333008	17.152925491333008	-1.0	-1.0	-1.0	-1.0	-1.0	-1.0	-1.0	-1.0	-1.0	-1.0
67	1	3	2	6.333333333333333	6.333333333333333	17.152925491333008	17.152925491333008	inf	inf	inf	inf	inf	inf	inf	inf	inf	inf
68	1	3	3	6.333333333333333	6.333333333333333	17.152925491333008	17.152925491333008	inf	inf	inf	inf	inf	inf	inf	inf	inf	inf
69	1	3	4	6.333333333333333	6.333333333333333	17.152925491333008	17.152925491333008	inf	inf	inf	inf	inf	inf	inf	inf	inf	inf
70	1	4	0	6.333333333333333	6.333333333333333	17.152925491333008	17.152925491333008	6.333333333333333	inf	-1.0	-1.0	6.333333333333333	14.073189735412598	inf	-1.0	-1.0	15.757281303405762
71	1	4	1	6.333333333333333	6.333333333333333	17.152925491333008	17.152925491333008	12.666666666666666	-1.0	-1.0	inf	inf	55.19985580444336	-1.0	-1.0	inf	inf
72	1	4	2	6.333333333333333	6.333333333333333	17.152925491333008	17.152925491333008	inf	inf	inf	11.333333333333334	inf	inf	inf	inf	7.327785015106201	inf
73	1	4	3	6.333333333333333	6.333333333333333	17.152925491333008	17.152925491333008	inf	inf	inf	inf	inf	inf	inf	inf	inf	inf
74	1	4	4	6.333333333333333	6.333333333333333	17.152925491333008	17.152925491333008	inf	inf	inf	inf	inf	inf	inf	inf	inf	inf
75	1	5	0	6.333333333333333	6.333333333333333	17.152925491333008	17.152925491333008	-1.0	-1.0	-1.0	-1.0	-1.0	-1.0	-1.0	-1.0	-1.0	-1.0
76	1	5	1	6.333333333333333	6.333333333333333	17.152925491333008	17.152925491333008	inf	inf	inf	inf	inf	inf	inf	inf	inf	inf
77	1	5	2	6.333333333333333	6.333333333333333	17.152925491333008	17.152925491333008	inf	inf	inf	inf	inf	inf	inf	inf	inf	inf
78	1	5	3	6.333333333333333	6.333333333333333	17.152925491333008	17.152925491333008	inf	inf	inf	inf	inf	inf	inf	inf	inf	inf
79	1	5	4	6.333333333333333	6.333333333333333	17.152925491333008	17.152925491333008	inf	inf	inf	inf	inf	inf	inf	inf	inf	inf
80	1	6	0	6.333333333333333	6.333333333333333	17.152925491333008	17.152925491333008	12.666666666666666	-1.0	-1.0	-1.0	19.666666666666668	55.19985580444336	-1.0	-1.0	-1.0	17.979413986206055
81	1	6	1	6.333333333333333	6.333333333333333	17.152925491333008	17.152925491333008	inf	inf	inf	inf	inf	inf	inf	inf	inf	inf
82	1	6	2	6.333333333333333	6.333333333333333	17.152925491333008	17.152925491333008	inf	inf	inf	inf	inf	inf	inf	inf	inf	inf
83	1	6	3	6.333333333333333	6.333333333333333	17.152925491333008	17.152925491333008	inf	inf	inf	inf	inf	inf	inf	inf	inf	inf
84	1	6	4	6.333333333333333	6.333333333333333	17.152925491333008	17.152925491333008	inf	inf	inf	inf	inf	inf	inf	inf	inf	inf
85	1	7	0	6.333333333333333	6.333333333333333	17.152925491333008	17.152925491333008	-1.0	6.333333333333333	inf	7.333333333333333	9.666666666666666	-1.0	21.914875030517578	inf	18.796554565429688	35.60973358154297
86	1	7	1	6.333333333333333	6.333333333333333	17.152925491333008	17.152925491333008	inf	inf	inf	inf	inf	inf	inf	inf	inf	inf
87	1	7	2	6.333333333333333	6.333333333333333	17.152925491333008	17.152925491333008	inf	inf	inf	inf	inf	inf	inf	inf	inf	inf
88	1	7	3	6.333333333333333	6.333333333333333	17.152925491333008	17.152925491333008	13.0	inf	-1.0	-1.0	13.0	53.184547424316406	inf	-1.0	-1.0	53.225162506103516
89	1	7	4	6.333333333333333	6.333333333333333	17.152925491333008	17.152925491333008	inf	inf	inf	inf	inf	inf	inf	inf	inf	inf
90	1	8	0	6.333333333333333	6.333333333333333	17.152925491333008	17.152925491333008	7.0	-1.0	-1.0	-1.0	-1.0	15.701200485229492	-1.0	-1.0	-1.0	-1.0
91	1	8	1	6.333333333333333	6.333333333333333	17.152925491333008	17.152925491333008	inf	inf	inf	inf	inf	inf	inf	inf	inf	inf
92	1	8	2	6.333333333333333	6.333333333333333	17.152925491333008	17.152925491333008	-1.0	inf	11.666666666666666	-1.0	inf	-1.0	inf	7.376835346221924	-1.0	inf
93	1	8	3	6.333333333333333	6.333333333333333	17.152925491333008	17.152925491333008	-1.0	inf	14.333333333333334	inf	inf	-1.0	inf	32.66249465942383	inf	inf
94	1	8	4	6.333333333333333	6.333333333333333	17.152925491333008	17.152925491333008	inf	inf	inf	inf	inf	inf	inf	inf	inf	inf
95	1	9	0	6.333333333333333	6.333333333333333	17.152925491333008	17.152925491333008	-1.0	15.0	12.666666666666666	inf	inf	-1.0	20.95290184020996	52.262821197509766	inf	inf
96	1	9	1	6.333333333333333	6.333333333333333	17.152925491333008	17.152925491333008	inf	inf	inf	inf	inf	inf	inf	inf	inf	inf
97	1	9	2	6.333333333333333	6.333333333333333	17.152925491333008	17.152925491333008	inf	-1.0	-1.0	-1.0	inf	inf	-1.0	-1.0	-1.0	inf
98	1	9	3	6.333333333333333	6.333333333333333	17.152925491333008	17.152925491333008	inf	13.666666666666666	14.0	13.666666666666666	inf	inf	43.47431182861328	48.02873229980469	46.85778045654297	inf
99	1	9	4	6.333333333333333	6.333333333333333	17.152925491333008	17.152925491333008	inf	inf	inf	inf	inf	inf	inf	inf	inf	inf
100	2	0	0	6.333333333333333	6.333333333333333	17.152925491333008	17.152925491333008	-1.0	-1.0	6.333333333333333	-1.0	-1.0	-1.0	-1.0	14.073189735412598	-1.0	-1.0
101	2	0	1	6.333333333333333	6.333333333333333	17.152925491333008	17.152925491333008	17.0	17.0	-1.0	inf	inf	17.68310546875	14.387238502502441	-1.0	inf	inf
102	2	0	2	6.333333333333333	6.333333333333333	17.152925491333008	17.152925491333008	8.0	15.0	13.666666666666666	16.666666666666668	11.666666666666666	21.353862762451172	16.99786376953125	43.55906295776367	41.391883850097656	27.323162078857422
103	2	0	3	6.333333333333333	6.333333333333333	17.152925491333008	17.152925491333008	13.0	24.0	13.333333333333334	inf	19.666666666666668	53.88602828979492	23.847501754760742	52.67837905883789	inf	17.979413986206055
104	2	0	4	6.333333333333333	6.333333333333333	17.152925491333008	17.152925491333008	inf	40.666666666666664	16.666666666666668	inf	12.666666666666666	inf	16.344589233398438	32.49100112915039	inf	52.08662414550781
105	2	1	0	6.333333333333333	6.333333333333333	17.152925491333008	17.152925491333008	7.333333333333333	7.0	inf	-1.0	6.666666666666667	12.35238265991211	12.087974548339844	inf	-1.0	12.176447868347168
106	2	1	1	6.333333333333333	6.333333333333333	17.152925491333008	17.152925491333008	inf	12.333333333333334	inf	16.0	inf	inf	27.75382423400879	inf	33.13680648803711	inf
107	2	1	2	6.333333333333333	6.333333333333333	17.152925491333008	17.152925491333008	inf	19.333333333333332	inf	inf	inf	inf	15.611475944519043	inf	inf	inf
108	2	1	3	6.333333333333333	6.333333333333333	17.152925491333008	17.152925491333008	14.0	14.333333333333334	inf	inf	14.333333333333334	46.33981704711914	45.32427215576172	inf	inf	45.66419219970703
109	2	1	4	6.333333333333333	6.333333333333333	17.152925491333008	17.152925491333008	inf	inf	10.666666666666666	27.333333333333332	inf	inf	inf	22.674999237060547	18.160308837890625	inf
110	2	2	0	6.333333333333333	6.333333333333333	17.152925491333008	17.152925491333008	inf	inf	inf	6.666666666666667	-1.0	inf	inf	inf	12.570995330810547	-1.0
111	2	2	1	6.333333333333333	6.333333333333333	17.152925491333008	17.152925491333008	15.333333333333334	inf	15.666666666666666	13.666666666666666	inf	21.895540237426758	inf	24.002830505371094	19.765016555786133	inf
112	2	2	2	6.333333333333333	6.333333333333333	17.152925491333008	17.152925491333008	inf	12.666666666666666	inf	inf	15.0	inf	18.8828067779541	inf	inf	16.284488677978516
113	2	2	3	6.333333333333333	6.333333333333333	17.152925491333008	17.152925491333008	17.333333333333332	13.666666666666666	14.666666666666666	-1.0	9.0	29.12131690979004	51.88127136230469	47.54754638671875	-1.0	16.887781143188477
114	2	2	4	6.333333333333333	6.333333333333333	17.152925491333008	17.152925491333008	inf	inf	inf	inf	inf	inf	inf	inf	inf	inf
115	2	3	0	6.333333333333333	6.333333333333333	17.152925491333008	17.152925491333008	7.0	6.666666666666667	inf	-1.0	-1.0	12.153343200683594	12.264724731445312	inf	-1.0	-1.0
116	2	3	1	6.333333333333333	6.333333333333333	17.152925491333008	17.152925491333008	6.333333333333333	7.333333333333333	6.666666666666667	6.666666666666667	6.666666666666667	17.756126403808594	20.47154998779297	20.96048927307129	16.37803077697754	20.624231338500977
117	2	3	2	6.333333333333333	6.333333333333333	17.152925491333008	17.152925491333008	13.666666666666666	-1.0	inf	inf	inf	35.03330612182617	-1.0	inf	inf	inf
118	2	3	3	6.333333333333333	6.333333333333333	17.152925491333008	17.152925491333008	16.333333333333332	18.333333333333332	16.0	15.666666666666666	17.333333333333332	29.960786819458008	21.954158782958984	33.2180290222168	35.849483489990234	16.598838806152344
119	2	3	4	6.333333333333333	6.333333333333333	17.152925491333008	17.152925491333008	inf	inf	inf	inf	inf	inf	inf	inf	inf	inf
120	2	4	0	6.333333333333333	6.333333333333333	17.152925491333008	17.152925491333008	inf	6.666666666666667	-1.0	-1.0	inf	inf	12.375309944152832	-1.0	-1.0	inf
121	2	4	1	6.333333333333333	6.333333333333333	17.152925491333008	17.152925491333008	6.333333333333333	-1.0	-1.0	7.333333333333333	-1.0	14.073189735412598	-1.0	-1.0	18.651145935058594	-1.0
122	2	4	2	6.333333333333333	6.333333333333333	17.152925491333008	17.152925491333008	inf	inf	inf	inf	15.333333333333334	inf	inf	inf	inf	32.06459426879883
123	2	4	3	6.333333333333333	6.333333333333333	17.152925491333008	17.152925491333008	14.666666666666666	12.666666666666666	13.666666666666666	17.333333333333332	15.666666666666666	29.078100204467773	21.473247528076172	25.342897415161133	17.24908447265625	25.130428314208984
124	2	4	4	6.333333333333333	6.333333333333333	17.152925491333008	17.152925491333008	inf	inf	inf	inf	inf	inf	inf	inf	inf	inf
125	2	5	0	6.333333333333333	6.333333333333333	17.152925491333008	17.152925491333008	6.0	6.333333333333333	6.0	-1.0	7.0	13.69780158996582	13.627120018005371	14.399801254272461	-1.0	11.629427909851074
126	2	5	1	6.333333333333333	6.333333333333333	17.152925491333008	17.152925491333008	inf	inf	13.666666666666666	inf	inf	inf	inf	44.079933166503906	inf	inf
127	2	5	2	6.333333333333333	6.333333333333333	17.152925491333008	17.152925491333008	inf	inf	inf	inf	inf	inf	inf	inf	inf	inf
128	2	5	3	6.333333333333333	6.333333333333333	17.152925491333008	17.152925491333008	7.0	7.333333333333333	7.333333333333333	-1.0	-1.0	20.852615356445312	20.546972274780273	20.470064163208008	-1.0	-1.0
129	2	5	4	6.333333333333333	6.333333333333333	17.152925491333008	17.152925491333008	inf	inf	inf	inf	inf	inf	inf	inf	inf	inf
130	2	6	0	6.333333333333333	6.333333333333333	17.152925491333008	17.152925491333008	-1.0	-1.0	inf	-1.0	6.0	-1.0	-1.0	inf	-1.0	13.820425987243652
131	2	6	1	6.333333333333333	6.333333333333333	17.152925491333008	17.152925491333008	inf	inf	inf	inf	inf	inf	inf	inf	inf	inf
132	2	6	2	6.333333333333333	6.333333333333333	17.152925491333008	17.152925491333008	inf	inf	inf	inf	inf	inf	inf	inf	inf	inf
133	2	6	3	6.333333333333333	6.333333333333333	17.152925491333008	17.152925491333008	14.666666666666666	inf	-1.0	inf	inf	34.58974838256836	inf	-1.0	inf	inf
134	2	6	4	6.333333333333333	6.333333333333333	17.152925491333008	17.152925491333008	inf	inf	inf	inf	inf	inf	inf	inf	inf	inf
135	2	7	0	6.333333333333333	6.333333333333333	17.152925491333008	17.152925491333008	-1.0	5.666666666666667	-1.0	-1.0	-1.0	-1.0	13.767937660217285	-1.0	-1.0	-1.0
136	2	7	1	6.333333333333333	6.333333333333333	17.152925491333008	17.152925491333008	inf	inf	inf	inf	inf	inf	inf	inf	inf	inf
137	2	7	2	6.333333333333333	6.333333333333333	17.152925491333008	17.152925491333008	inf	inf	inf	inf	inf	inf	inf	inf	inf	inf
138	2	7	3	6.333333333333333	6.333333333333333	17.152925491333008	17.152925491333008	inf	inf	inf	inf	inf	inf	inf	inf	inf	inf
139	2	7	4	6.333333333333333	6.333333333333333	17.152925491333008	17.152925491333008	inf	inf	inf	inf	inf	inf	inf	inf	inf	inf
140	2	8	0	6.333333333333333	6.333333333333333	17.152925491333008	17.152925491333008	-1.0	-1.0	-1.0	-1.0	7.0	-1.0	-1.0	-1.0	-1.0	16.183378219604492
141	2	8	1	6.333333333333333	6.333333333333333	17.152925491333008	17.152925491333008	inf	6.333333333333333	inf	inf	inf	inf	17.152925491333008	inf	inf	inf
142	2	8	2	6.333333333333333	6.333333333333333	17.152925491333008	17.152925491333008	inf	inf	inf	inf	inf	inf	inf	inf	inf	inf
143	2	8	3	6.333333333333333	6.333333333333333	17.152925491333008	17.152925491333008	inf	inf	inf	inf	inf	inf	inf	inf	inf	inf
144	2	8	4	6.333333333333333	6.333333333333333	17.152925491333008	17.152925491333008	inf	inf	inf	inf	inf	inf	inf	inf	inf	inf
145	2	9	0	6.333333333333333	6.333333333333333	17.152925491333008	17.152925491333008	7.0	6.0	7.0	-1.0	6.333333333333333	13.501049995422363	13.980834007263184	16.56549072265625	-1.0	13.826184272766113
146	2	9	1	6.333333333333333	6.333333333333333	17.152925491333008	17.152925491333008	inf	inf	inf	inf	inf	inf	inf	inf	inf	inf
147	2	9	2	6.333333333333333	6.333333333333333	17.152925491333008	17.152925491333008	inf	inf	inf	inf	inf	inf	inf	inf	inf	inf
148	2	9	3	6.333333333333333	6.333333333333333	17.152925491333008	17.152925491333008	inf	inf	inf	inf	inf	inf	inf	inf	inf	inf
149	2	9	4	6.333333333333333	6.333333333333333	17.152925491333008	17.152925491333008	inf	inf	inf	inf	inf	inf	inf	inf	inf	inf
