	reset_island_iter	improve_iter	island	program_1_hamming_score	program_2_hamming_score	program_1_neural_score	program_2_neural_score	output_program_1_hamming_score	output_program_2_hamming_score	output_program_3_hamming_score	output_program_4_hamming_score	output_program_5_hamming_score	output_program_1_neural_score	output_program_2_neural_score	output_program_3_neural_score	output_program_4_neural_score	output_program_5_neural_score
0	0	0	0	19.333333333333332	19.666666666666668	5.344016075134277	5.282029151916504	15.333333333333334	-1.0	inf	-1.0	-1.0	10.153347969055176	-1.0	inf	-1.0	-1.0
1	0	0	1	19.333333333333332	19.666666666666668	5.344016075134277	5.282029151916504	18.333333333333332	-1.0	7.333333333333333	inf	12.333333333333334	4.2672343254089355	-1.0	37.2138557434082	inf	8.540108680725098
2	0	0	2	19.333333333333332	19.666666666666668	5.344016075134277	5.282029151916504	inf	13.333333333333334	inf	14.666666666666666	15.0	inf	16.289958953857422	inf	18.599369049072266	32.011592864990234
3	0	0	3	19.333333333333332	19.666666666666668	5.344016075134277	5.282029151916504	16.333333333333332	18.0	-1.0	18.666666666666668	10.666666666666666	30.342782974243164	39.05614471435547	-1.0	26.07390785217285	9.395904541015625
4	0	0	4	19.333333333333332	19.666666666666668	5.344016075134277	5.282029151916504	8.666666666666666	-1.0	7.666666666666667	-1.0	-1.0	5.202962875366211	-1.0	7.143640041351318	-1.0	-1.0
5	0	1	0	8.666666666666666	7.666666666666667	5.202962875366211	7.143640041351318	16.333333333333332	16.666666666666668	-1.0	-1.0	-1.0	13.467077255249023	10.499002456665039	-1.0	-1.0	-1.0
6	0	1	1	8.666666666666666	7.666666666666667	5.202962875366211	7.143640041351318	19.666666666666668	15.666666666666666	inf	-1.0	inf	8.13306999206543	9.096184730529785	inf	-1.0	inf
7	0	1	2	8.666666666666666	7.666666666666667	5.202962875366211	7.143640041351318	15.333333333333334	14.333333333333334	-1.0	15.333333333333334	-1.0	11.387859344482422	8.499421119689941	-1.0	13.209166526794434	-1.0
8	0	1	3	8.666666666666666	7.666666666666667	5.202962875366211	7.143640041351318	18.333333333333332	8.666666666666666	-1.0	-1.0	19.666666666666668	4.2672343254089355	5.202962875366211	-1.0	-1.0	6.0192766189575195
9	0	1	4	8.666666666666666	7.666666666666667	5.202962875366211	7.143640041351318	16.666666666666668	19.333333333333332	-1.0	-1.0	-1.0	18.394760131835938	6.438100337982178	-1.0	-1.0	-1.0
10	0	2	0	19.333333333333332	19.333333333333332	5.344016075134277	6.438100337982178	9.666666666666666	8.666666666666666	7.666666666666667	-1.0	19.666666666666668	5.686855316162109	5.202962875366211	15.237927436828613	-1.0	6.0192766189575195
11	0	2	1	19.333333333333332	19.333333333333332	5.344016075134277	6.438100337982178	inf	19.0	inf	18.333333333333332	inf	inf	6.952793121337891	inf	15.08092212677002	inf
12	0	2	2	19.333333333333332	19.333333333333332	5.344016075134277	6.438100337982178	19.333333333333332	-1.0	19.666666666666668	17.666666666666668	inf	6.02130651473999	-1.0	6.0192766189575195	16.002038955688477	inf
13	0	2	3	19.333333333333332	19.333333333333332	5.344016075134277	6.438100337982178	-1.0	inf	-1.0	-1.0	-1.0	-1.0	inf	-1.0	-1.0	-1.0
14	0	2	4	19.333333333333332	19.333333333333332	5.344016075134277	6.438100337982178	-1.0	-1.0	-1.0	-1.0	15.0	-1.0	-1.0	-1.0	-1.0	24.959699630737305
15	0	3	0	19.333333333333332	19.666666666666668	5.344016075134277	5.282029151916504	14.0	-1.0	-1.0	-1.0	17.333333333333332	38.3542366027832	-1.0	-1.0	-1.0	15.149174690246582
16	0	3	1	19.333333333333332	19.666666666666668	5.344016075134277	5.282029151916504	14.0	18.0	16.0	14.0	inf	15.828766822814941	39.05614471435547	7.293052673339844	12.216922760009766	inf
17	0	3	2	19.333333333333332	19.666666666666668	5.344016075134277	5.282029151916504	19.0	16.333333333333332	-1.0	-1.0	inf	19.849136352539062	15.563508987426758	-1.0	-1.0	inf
18	0	3	3	19.333333333333332	19.666666666666668	5.344016075134277	5.282029151916504	9.0	12.333333333333334	7.333333333333333	8.666666666666666	9.333333333333334	9.845026016235352	7.731146812438965	9.476481437683105	9.404480934143066	9.870397567749023
19	0	3	4	19.333333333333332	19.666666666666668	5.344016075134277	5.282029151916504	inf	inf	18.333333333333332	inf	inf	inf	inf	5.600268363952637	inf	inf
20	0	4	0	19.666666666666668	8.666666666666666	5.282029151916504	5.202962875366211	15.666666666666666	-1.0	6.0	-1.0	16.0	9.795409202575684	-1.0	10.203929901123047	-1.0	14.410256385803223
21	0	4	1	19.666666666666668	8.666666666666666	5.282029151916504	5.202962875366211	inf	16.666666666666668	-1.0	inf	-1.0	inf	12.203872680664062	-1.0	inf	-1.0
22	0	4	2	19.666666666666668	8.666666666666666	5.282029151916504	5.202962875366211	inf	18.0	inf	inf	15.666666666666666	inf	15.053925514221191	inf	inf	22.893035888671875
23	0	4	3	19.666666666666668	8.666666666666666	5.282029151916504	5.202962875366211	inf	13.666666666666666	13.333333333333334	13.333333333333334	-1.0	inf	9.927335739135742	10.373671531677246	8.338354110717773	-1.0
24	0	4	4	19.666666666666668	8.666666666666666	5.282029151916504	5.202962875366211	13.333333333333334	-1.0	15.333333333333334	19.666666666666668	-1.0	4.429721355438232	-1.0	7.07600212097168	6.0192766189575195	-1.0
25	0	5	0	13.333333333333334	19.666666666666668	4.429721355438232	5.282029151916504	-1.0	-1.0	-1.0	-1.0	18.0	-1.0	-1.0	-1.0	-1.0	39.05614471435547
26	0	5	1	13.333333333333334	19.666666666666668	4.429721355438232	5.282029151916504	-1.0	-1.0	15.333333333333334	15.666666666666666	14.0	-1.0	-1.0	19.522287368774414	14.388437271118164	38.3542366027832
27	0	5	2	13.333333333333334	19.666666666666668	4.429721355438232	5.282029151916504	inf	inf	inf	-1.0	inf	inf	inf	inf	-1.0	inf
28	0	5	3	13.333333333333334	19.666666666666668	4.429721355438232	5.282029151916504	14.0	-1.0	17.0	-1.0	-1.0	38.3542366027832	-1.0	13.339300155639648	-1.0	-1.0
29	0	5	4	13.333333333333334	19.666666666666668	4.429721355438232	5.282029151916504	-1.0	-1.0	7.333333333333333	-1.0	-1.0	-1.0	-1.0	37.2138557434082	-1.0	-1.0
30	0	6	0	13.333333333333334	18.333333333333332	4.429721355438232	5.600268363952637	-1.0	-1.0	7.333333333333333	-1.0	-1.0	-1.0	-1.0	37.2138557434082	-1.0	-1.0
31	0	6	1	13.333333333333334	18.333333333333332	4.429721355438232	5.600268363952637	19.666666666666668	-1.0	-1.0	-1.0	12.333333333333334	6.0192766189575195	-1.0	-1.0	-1.0	5.803837299346924
32	0	6	2	13.333333333333334	18.333333333333332	4.429721355438232	5.600268363952637	inf	13.333333333333334	inf	18.666666666666668	inf	inf	23.58146858215332	inf	6.020359039306641	inf
33	0	6	3	13.333333333333334	18.333333333333332	4.429721355438232	5.600268363952637	3.0	-1.0	-1.0	7.333333333333333	19.666666666666668	2.820040225982666	-1.0	-1.0	37.2138557434082	16.6292724609375
34	0	6	4	13.333333333333334	18.333333333333332	4.429721355438232	5.600268363952637	7.666666666666667	-1.0	-1.0	-1.0	-1.0	33.76939392089844	-1.0	-1.0	-1.0	-1.0
35	0	7	0	19.333333333333332	13.333333333333334	5.344016075134277	4.429721355438232	10.0	7.666666666666667	9.666666666666666	10.0	9.0	6.598583698272705	11.432693481445312	6.989171981811523	5.600372314453125	6.427667140960693
36	0	7	1	19.333333333333332	13.333333333333334	5.344016075134277	4.429721355438232	18.666666666666668	inf	inf	18.0	inf	5.53563117980957	inf	inf	8.043196678161621	inf
37	0	7	2	19.333333333333332	13.333333333333334	5.344016075134277	4.429721355438232	-1.0	14.0	14.333333333333334	15.0	-1.0	-1.0	38.3542366027832	16.578371047973633	16.10028648376465	-1.0
38	0	7	3	19.333333333333332	13.333333333333334	5.344016075134277	4.429721355438232	-1.0	-1.0	-1.0	-1.0	-1.0	-1.0	-1.0	-1.0	-1.0	-1.0
39	0	7	4	19.333333333333332	13.333333333333334	5.344016075134277	4.429721355438232	-1.0	-1.0	-1.0	18.333333333333332	-1.0	-1.0	-1.0	-1.0	4.2672343254089355	-1.0
40	0	8	0	18.333333333333332	8.666666666666666	4.2672343254089355	5.202962875366211	inf	17.666666666666668	inf	inf	inf	inf	10.60024642944336	inf	inf	inf
41	0	8	1	18.333333333333332	8.666666666666666	4.2672343254089355	5.202962875366211	9.0	13.0	11.666666666666666	inf	inf	30.661596298217773	7.441965103149414	5.4091057777404785	inf	inf
42	0	8	2	18.333333333333332	8.666666666666666	4.2672343254089355	5.202962875366211	inf	inf	inf	inf	-1.0	inf	inf	inf	inf	-1.0
43	0	8	3	18.333333333333332	8.666666666666666	4.2672343254089355	5.202962875366211	-1.0	-1.0	-1.0	-1.0	-1.0	-1.0	-1.0	-1.0	-1.0	-1.0
44	0	8	4	18.333333333333332	8.666666666666666	4.2672343254089355	5.202962875366211	inf	-1.0	inf	-1.0	14.666666666666666	inf	-1.0	inf	-1.0	16.109254837036133
45	0	9	0	18.333333333333332	8.666666666666666	4.2672343254089355	5.202962875366211	17.666666666666668	inf	19.333333333333332	inf	16.333333333333332	13.87110710144043	inf	12.006747245788574	inf	13.261380195617676
46	0	9	1	18.333333333333332	8.666666666666666	4.2672343254089355	5.202962875366211	13.333333333333334	17.333333333333332	13.0	11.0	-1.0	33.85216522216797	7.5877814292907715	5.553350448608398	7.165870666503906	-1.0
47	0	9	2	18.333333333333332	8.666666666666666	4.2672343254089355	5.202962875366211	18.0	-1.0	-1.0	17.666666666666668	16.0	31.87071990966797	-1.0	-1.0	23.06707191467285	6.559976577758789
48	0	9	3	18.333333333333332	8.666666666666666	4.2672343254089355	5.202962875366211	-1.0	-1.0	-1.0	-1.0	17.333333333333332	-1.0	-1.0	-1.0	-1.0	21.95770263671875
49	0	9	4	18.333333333333332	8.666666666666666	4.2672343254089355	5.202962875366211	-1.0	3.0	-1.0	-1.0	-1.0	-1.0	2.820040225982666	-1.0	-1.0	-1.0
50	1	0	0	18.666666666666668	19.666666666666668	4.8075971603393555	4.8780694007873535	-1.0	8.666666666666666	-1.0	-1.0	-1.0	-1.0	5.202962875366211	-1.0	-1.0	-1.0
51	1	0	1	18.666666666666668	19.666666666666668	4.8075971603393555	4.8780694007873535	8.666666666666666	-1.0	-1.0	-1.0	-1.0	5.202962875366211	-1.0	-1.0	-1.0	-1.0
52	1	0	2	18.666666666666668	19.666666666666668	4.8075971603393555	4.8780694007873535	-1.0	-1.0	-1.0	19.666666666666668	-1.0	-1.0	-1.0	-1.0	6.0192766189575195	-1.0
53	1	0	3	18.666666666666668	19.666666666666668	4.8075971603393555	4.8780694007873535	15.333333333333334	-1.0	14.0	17.0	14.666666666666666	10.153347969055176	-1.0	38.3542366027832	8.127344131469727	9.576486587524414
54	1	0	4	18.666666666666668	19.666666666666668	4.8075971603393555	4.8780694007873535	inf	inf	inf	inf	17.333333333333332	inf	inf	inf	inf	11.6891450881958
55	1	1	0	19.666666666666668	18.666666666666668	4.8780694007873535	4.8075971603393555	-1.0	-1.0	-1.0	-1.0	-1.0	-1.0	-1.0	-1.0	-1.0	-1.0
56	1	1	1	19.666666666666668	18.666666666666668	4.8780694007873535	4.8075971603393555	19.666666666666668	14.0	-1.0	-1.0	-1.0	6.0192766189575195	38.3542366027832	-1.0	-1.0	-1.0
57	1	1	2	19.666666666666668	18.666666666666668	4.8780694007873535	4.8075971603393555	3.0	17.0	-1.0	-1.0	-1.0	2.820040225982666	7.521218299865723	-1.0	-1.0	-1.0
58	1	1	3	19.666666666666668	18.666666666666668	4.8780694007873535	4.8075971603393555	inf	inf	7.333333333333333	8.666666666666666	19.666666666666668	inf	inf	22.498294830322266	5.202962875366211	6.0192766189575195
59	1	1	4	19.666666666666668	18.666666666666668	4.8780694007873535	4.8075971603393555	inf	19.666666666666668	15.333333333333334	16.0	14.0	inf	6.0192766189575195	15.414809226989746	9.153252601623535	38.3542366027832
60	1	2	0	19.666666666666668	19.666666666666668	4.8780694007873535	6.0192766189575195	-1.0	-1.0	-1.0	-1.0	14.0	-1.0	-1.0	-1.0	-1.0	12.692145347595215
61	1	2	1	19.666666666666668	19.666666666666668	4.8780694007873535	6.0192766189575195	16.666666666666668	18.0	-1.0	inf	-1.0	5.210933208465576	39.05614471435547	-1.0	inf	-1.0
62	1	2	2	19.666666666666668	19.666666666666668	4.8780694007873535	6.0192766189575195	11.333333333333334	7.333333333333333	-1.0	8.0	-1.0	5.2278151512146	37.2138557434082	-1.0	6.004237174987793	-1.0
63	1	2	3	19.666666666666668	19.666666666666668	4.8780694007873535	6.0192766189575195	16.666666666666668	15.666666666666666	-1.0	-1.0	11.333333333333334	11.99397087097168	11.185517311096191	-1.0	-1.0	4.409572601318359
64	1	2	4	19.666666666666668	19.666666666666668	4.8780694007873535	6.0192766189575195	7.333333333333333	inf	7.333333333333333	-1.0	10.333333333333334	37.2138557434082	inf	25.43256950378418	-1.0	11.264307975769043
65	1	3	0	19.666666666666668	18.666666666666668	6.0192766189575195	4.8075971603393555	inf	-1.0	-1.0	-1.0	-1.0	inf	-1.0	-1.0	-1.0	-1.0
66	1	3	1	19.666666666666668	18.666666666666668	6.0192766189575195	4.8075971603393555	inf	-1.0	-1.0	-1.0	-1.0	inf	-1.0	-1.0	-1.0	-1.0
67	1	3	2	19.666666666666668	18.666666666666668	6.0192766189575195	4.8075971603393555	8.666666666666666	16.666666666666668	-1.0	-1.0	inf	5.202962875366211	5.210933208465576	-1.0	-1.0	inf
68	1	3	3	19.666666666666668	18.666666666666668	6.0192766189575195	4.8075971603393555	-1.0	-1.0	-1.0	11.333333333333334	-1.0	-1.0	-1.0	-1.0	11.796167373657227	-1.0
69	1	3	4	19.666666666666668	18.666666666666668	6.0192766189575195	4.8075971603393555	16.333333333333332	inf	18.333333333333332	-1.0	-1.0	9.927848815917969	inf	4.2672343254089355	-1.0	-1.0
70	1	4	0	18.333333333333332	19.666666666666668	4.2672343254089355	4.8780694007873535	19.666666666666668	-1.0	-1.0	inf	-1.0	6.0192766189575195	-1.0	-1.0	inf	-1.0
71	1	4	1	18.333333333333332	19.666666666666668	4.2672343254089355	4.8780694007873535	-1.0	-1.0	-1.0	-1.0	-1.0	-1.0	-1.0	-1.0	-1.0	-1.0
72	1	4	2	18.333333333333332	19.666666666666668	4.2672343254089355	4.8780694007873535	-1.0	inf	18.0	inf	-1.0	-1.0	inf	39.05614471435547	inf	-1.0
73	1	4	3	18.333333333333332	19.666666666666668	4.2672343254089355	4.8780694007873535	17.0	-1.0	-1.0	-1.0	-1.0	22.942073822021484	-1.0	-1.0	-1.0	-1.0
74	1	4	4	18.333333333333332	19.666666666666668	4.2672343254089355	4.8780694007873535	9.333333333333334	inf	17.333333333333332	inf	9.666666666666666	6.141983509063721	inf	8.73701286315918	inf	10.41278076171875
75	1	5	0	18.333333333333332	19.666666666666668	4.2672343254089355	6.0192766189575195	inf	-1.0	inf	inf	inf	inf	-1.0	inf	inf	inf
76	1	5	1	18.333333333333332	19.666666666666668	4.2672343254089355	6.0192766189575195	-1.0	-1.0	-1.0	-1.0	-1.0	-1.0	-1.0	-1.0	-1.0	-1.0
77	1	5	2	18.333333333333332	19.666666666666668	4.2672343254089355	6.0192766189575195	inf	-1.0	-1.0	-1.0	-1.0	inf	-1.0	-1.0	-1.0	-1.0
78	1	5	3	18.333333333333332	19.666666666666668	4.2672343254089355	6.0192766189575195	inf	inf	inf	-1.0	-1.0	inf	inf	inf	-1.0	-1.0
79	1	5	4	18.333333333333332	19.666666666666668	4.2672343254089355	6.0192766189575195	inf	inf	inf	inf	inf	inf	inf	inf	inf	inf
80	1	6	0	18.333333333333332	19.666666666666668	4.2672343254089355	4.8780694007873535	-1.0	1.0	-1.0	-1.0	inf	-1.0	2.796363592147827	-1.0	-1.0	inf
81	1	6	1	18.333333333333332	19.666666666666668	4.2672343254089355	4.8780694007873535	-1.0	inf	inf	inf	16.666666666666668	-1.0	inf	inf	inf	7.659472942352295
82	1	6	2	18.333333333333332	19.666666666666668	4.2672343254089355	4.8780694007873535	17.0	14.0	-1.0	-1.0	-1.0	13.339300155639648	38.3542366027832	-1.0	-1.0	-1.0
83	1	6	3	18.333333333333332	19.666666666666668	4.2672343254089355	4.8780694007873535	-1.0	19.666666666666668	-1.0	18.333333333333332	-1.0	-1.0	7.384533405303955	-1.0	4.844956398010254	-1.0
84	1	6	4	18.333333333333332	19.666666666666668	4.2672343254089355	4.8780694007873535	inf	-1.0	15.666666666666666	17.0	-1.0	inf	-1.0	7.37617301940918	7.709177017211914	-1.0
85	1	7	0	18.666666666666668	19.666666666666668	4.8075971603393555	6.0192766189575195	7.333333333333333	-1.0	-1.0	-1.0	-1.0	5.842635154724121	-1.0	-1.0	-1.0	-1.0
86	1	7	1	18.666666666666668	19.666666666666668	4.8075971603393555	6.0192766189575195	inf	3.0	-1.0	7.333333333333333	-1.0	inf	2.820040225982666	-1.0	37.2138557434082	-1.0
87	1	7	2	18.666666666666668	19.666666666666668	4.8075971603393555	6.0192766189575195	-1.0	-1.0	inf	-1.0	-1.0	-1.0	-1.0	inf	-1.0	-1.0
88	1	7	3	18.666666666666668	19.666666666666668	4.8075971603393555	6.0192766189575195	-1.0	-1.0	19.666666666666668	-1.0	-1.0	-1.0	-1.0	13.265124320983887	-1.0	-1.0
89	1	7	4	18.666666666666668	19.666666666666668	4.8075971603393555	6.0192766189575195	-1.0	17.0	18.333333333333332	-1.0	-1.0	-1.0	6.658067226409912	11.690735816955566	-1.0	-1.0
90	1	8	0	18.333333333333332	19.666666666666668	4.2672343254089355	6.0192766189575195	-1.0	-1.0	-1.0	-1.0	inf	-1.0	-1.0	-1.0	-1.0	inf
91	1	8	1	18.333333333333332	19.666666666666668	4.2672343254089355	6.0192766189575195	-1.0	-1.0	-1.0	-1.0	-1.0	-1.0	-1.0	-1.0	-1.0	-1.0
92	1	8	2	18.333333333333332	19.666666666666668	4.2672343254089355	6.0192766189575195	14.333333333333334	inf	inf	-1.0	inf	14.528093338012695	inf	inf	-1.0	inf
93	1	8	3	18.333333333333332	19.666666666666668	4.2672343254089355	6.0192766189575195	18.333333333333332	17.0	18.333333333333332	-1.0	-1.0	6.968917369842529	10.937751770019531	4.202217102050781	-1.0	-1.0
94	1	8	4	18.333333333333332	19.666666666666668	4.2672343254089355	6.0192766189575195	-1.0	-1.0	-1.0	-1.0	-1.0	-1.0	-1.0	-1.0	-1.0	-1.0
95	1	9	0	18.333333333333332	18.666666666666668	4.2672343254089355	4.8075971603393555	-1.0	-1.0	inf	-1.0	-1.0	-1.0	-1.0	inf	-1.0	-1.0
96	1	9	1	18.333333333333332	18.666666666666668	4.2672343254089355	4.8075971603393555	-1.0	-1.0	-1.0	-1.0	-1.0	-1.0	-1.0	-1.0	-1.0	-1.0
97	1	9	2	18.333333333333332	18.666666666666668	4.2672343254089355	4.8075971603393555	12.333333333333334	-1.0	-1.0	inf	-1.0	5.803837299346924	-1.0	-1.0	inf	-1.0
98	1	9	3	18.333333333333332	18.666666666666668	4.2672343254089355	4.8075971603393555	17.0	-1.0	inf	13.666666666666666	15.0	11.66312026977539	-1.0	inf	7.6748270988464355	29.142166137695312
99	1	9	4	18.333333333333332	18.666666666666668	4.2672343254089355	4.8075971603393555	inf	18.333333333333332	14.333333333333334	-1.0	-1.0	inf	7.615341663360596	8.499421119689941	-1.0	-1.0
100	2	0	0	18.0	16.666666666666668	3.677874803543091	3.8286373615264893	14.333333333333334	-1.0	-1.0	-1.0	-1.0	36.78955078125	-1.0	-1.0	-1.0	-1.0
101	2	0	1	18.0	16.666666666666668	3.677874803543091	3.8286373615264893	18.333333333333332	9.0	14.333333333333334	inf	3.3333333333333335	4.202217102050781	8.633037567138672	36.78955078125	inf	2.973816156387329
102	2	0	2	18.0	16.666666666666668	3.677874803543091	3.8286373615264893	11.333333333333334	-1.0	8.666666666666666	11.0	11.333333333333334	6.463939666748047	-1.0	7.615476131439209	8.037140846252441	7.303897857666016
103	2	0	3	18.0	16.666666666666668	3.677874803543091	3.8286373615264893	inf	inf	inf	17.0	inf	inf	inf	inf	17.785017013549805	inf
104	2	0	4	18.0	16.666666666666668	3.677874803543091	3.8286373615264893	inf	inf	inf	13.333333333333334	15.333333333333334	inf	inf	inf	4.3408427238464355	4.724897861480713
105	2	1	0	16.666666666666668	18.0	3.8286373615264893	3.677874803543091	18.333333333333332	-1.0	-1.0	-1.0	inf	4.202217102050781	-1.0	-1.0	-1.0	inf
106	2	1	1	16.666666666666668	18.0	3.8286373615264893	3.677874803543091	6.333333333333333	17.333333333333332	inf	-1.0	-1.0	3.892259359359741	36.62490463256836	inf	-1.0	-1.0
107	2	1	2	16.666666666666668	18.0	3.8286373615264893	3.677874803543091	inf	inf	16.666666666666668	inf	inf	inf	inf	11.674432754516602	inf	inf
108	2	1	3	16.666666666666668	18.0	3.8286373615264893	3.677874803543091	inf	inf	inf	inf	inf	inf	inf	inf	inf	inf
109	2	1	4	16.666666666666668	18.0	3.8286373615264893	3.677874803543091	inf	inf	inf	11.0	inf	inf	inf	inf	8.387632369995117	inf
110	2	2	0	13.333333333333334	16.666666666666668	4.3408427238464355	3.8286373615264893	7.333333333333333	-1.0	-1.0	-1.0	-1.0	35.634178161621094	-1.0	-1.0	-1.0	-1.0
111	2	2	1	13.333333333333334	16.666666666666668	4.3408427238464355	3.8286373615264893	inf	-1.0	7.333333333333333	-1.0	-1.0	inf	-1.0	35.634178161621094	-1.0	-1.0
112	2	2	2	13.333333333333334	16.666666666666668	4.3408427238464355	3.8286373615264893	inf	inf	inf	inf	inf	inf	inf	inf	inf	inf
113	2	2	3	13.333333333333334	16.666666666666668	4.3408427238464355	3.8286373615264893	inf	inf	inf	inf	inf	inf	inf	inf	inf	inf
114	2	2	4	13.333333333333334	16.666666666666668	4.3408427238464355	3.8286373615264893	13.0	12.333333333333334	inf	13.333333333333334	8.0	22.055917739868164	4.591987133026123	inf	4.48071813583374	3.711296319961548
115	2	3	0	13.333333333333334	15.333333333333334	4.3408427238464355	4.724897861480713	-1.0	-1.0	-1.0	-1.0	7.333333333333333	-1.0	-1.0	-1.0	-1.0	37.21385955810547
116	2	3	1	13.333333333333334	15.333333333333334	4.3408427238464355	4.724897861480713	13.0	18.333333333333332	inf	-1.0	9.333333333333334	5.372848033905029	4.267234802246094	inf	-1.0	20.599933624267578
117	2	3	2	13.333333333333334	15.333333333333334	4.3408427238464355	4.724897861480713	inf	inf	15.333333333333334	17.333333333333332	inf	inf	inf	14.520484924316406	17.618436813354492	inf
118	2	3	3	13.333333333333334	15.333333333333334	4.3408427238464355	4.724897861480713	inf	inf	inf	inf	inf	inf	inf	inf	inf	inf
119	2	3	4	13.333333333333334	15.333333333333334	4.3408427238464355	4.724897861480713	inf	inf	14.0	inf	inf	inf	inf	38.3542366027832	inf	inf
120	2	4	0	16.666666666666668	18.0	3.8286373615264893	3.677874803543091	-1.0	inf	-1.0	inf	-1.0	-1.0	inf	-1.0	inf	-1.0
121	2	4	1	16.666666666666668	18.0	3.8286373615264893	3.677874803543091	-1.0	-1.0	-1.0	-1.0	-1.0	-1.0	-1.0	-1.0	-1.0	-1.0
122	2	4	2	16.666666666666668	18.0	3.8286373615264893	3.677874803543091	inf	inf	inf	inf	inf	inf	inf	inf	inf	inf
123	2	4	3	16.666666666666668	18.0	3.8286373615264893	3.677874803543091	inf	inf	13.333333333333334	-1.0	16.0	inf	inf	4.3408427238464355	-1.0	5.550477504730225
124	2	4	4	16.666666666666668	18.0	3.8286373615264893	3.677874803543091	inf	inf	inf	inf	inf	inf	inf	inf	inf	inf
125	2	5	0	18.0	12.333333333333334	3.677874803543091	4.591987133026123	-1.0	inf	-1.0	-1.0	3.3333333333333335	-1.0	inf	-1.0	-1.0	2.973816156387329
126	2	5	1	18.0	12.333333333333334	3.677874803543091	4.591987133026123	inf	inf	inf	inf	inf	inf	inf	inf	inf	inf
127	2	5	2	18.0	12.333333333333334	3.677874803543091	4.591987133026123	inf					inf				
128	2	5	3	18.0	12.333333333333334	3.677874803543091	4.591987133026123	inf	inf	inf	inf	inf	inf	inf	inf	inf	inf
129	2	5	4	18.0	12.333333333333334	3.677874803543091	4.591987133026123	12.333333333333334	inf	-1.0	-1.0	inf	4.999621391296387	inf	-1.0	-1.0	inf
130	2	6	0	13.333333333333334	8.0	4.48071813583374	3.711296319961548	inf	-1.0	-1.0	-1.0	-1.0	inf	-1.0	-1.0	-1.0	-1.0
131	2	6	1	13.333333333333334	8.0	4.48071813583374	3.711296319961548	17.333333333333332	-1.0	8.666666666666666	-1.0	-1.0	38.39555740356445	-1.0	14.539647102355957	-1.0	-1.0
132	2	6	2	13.333333333333334	8.0	4.48071813583374	3.711296319961548	inf	inf	inf	inf	17.0	inf	inf	inf	inf	18.339990615844727
133	2	6	3	13.333333333333334	8.0	4.48071813583374	3.711296319961548	inf	inf	-1.0	-1.0	-1.0	inf	inf	-1.0	-1.0	-1.0
134	2	6	4	13.333333333333334	8.0	4.48071813583374	3.711296319961548	inf	10.333333333333334	-1.0	14.666666666666666	-1.0	inf	21.553937911987305	-1.0	4.349403381347656	-1.0
135	2	7	0	8.0	12.333333333333334	3.711296319961548	4.591987133026123	inf	-1.0	-1.0	13.333333333333334	-1.0	inf	-1.0	-1.0	14.378474235534668	-1.0
136	2	7	1	8.0	12.333333333333334	3.711296319961548	4.591987133026123	-1.0	-1.0	-1.0	-1.0	-1.0	-1.0	-1.0	-1.0	-1.0	-1.0
137	2	7	2	8.0	12.333333333333334	3.711296319961548	4.591987133026123	inf	inf	-1.0	-1.0	14.666666666666666	inf	inf	-1.0	-1.0	34.749114990234375
138	2	7	3	8.0	12.333333333333334	3.711296319961548	4.591987133026123	inf	inf	inf	inf	inf	inf	inf	inf	inf	inf
139	2	7	4	8.0	12.333333333333334	3.711296319961548	4.591987133026123	-1.0	inf	-1.0	-1.0	-1.0	-1.0	inf	-1.0	-1.0	-1.0
140	2	8	0	12.333333333333334	14.666666666666666	4.591987133026123	4.349403381347656	inf	-1.0	inf	inf	inf	inf	-1.0	inf	inf	inf
141	2	8	1	12.333333333333334	14.666666666666666	4.591987133026123	4.349403381347656	inf	7.333333333333333	12.333333333333334	-1.0	-1.0	inf	21.55381965637207	37.92095947265625	-1.0	-1.0
142	2	8	2	12.333333333333334	14.666666666666666	4.591987133026123	4.349403381347656	inf	inf	15.0	inf	inf	inf	inf	13.387542724609375	inf	inf
143	2	8	3	12.333333333333334	14.666666666666666	4.591987133026123	4.349403381347656	inf	inf	inf	inf	inf	inf	inf	inf	inf	inf
144	2	8	4	12.333333333333334	14.666666666666666	4.591987133026123	4.349403381347656	11.0	-1.0	14.666666666666666	12.333333333333334	-1.0	4.611691951751709	-1.0	3.5390870571136475	5.000715255737305	-1.0
145	2	9	0	18.0	13.333333333333334	3.677874803543091	4.48071813583374	-1.0	-1.0	-1.0	15.333333333333334	-1.0	-1.0	-1.0	-1.0	4.201001167297363	-1.0
146	2	9	1	18.0	13.333333333333334	3.677874803543091	4.48071813583374	-1.0	-1.0	-1.0	-1.0	-1.0	-1.0	-1.0	-1.0	-1.0	-1.0
147	2	9	2	18.0	13.333333333333334	3.677874803543091	4.48071813583374	-1.0	16.666666666666668	16.333333333333332	-1.0	17.0	-1.0	20.428987503051758	21.287137985229492	-1.0	19.513200759887695
148	2	9	3	18.0	13.333333333333334	3.677874803543091	4.48071813583374	inf	inf	inf	inf	inf	inf	inf	inf	inf	inf
149	2	9	4	18.0	13.333333333333334	3.677874803543091	4.48071813583374	14.333333333333334	11.666666666666666	-1.0	-1.0	-1.0	15.81982421875	13.5499267578125	-1.0	-1.0	-1.0
