	reset_island_iter	improve_iter	island	program_1_hamming_score	program_2_hamming_score	program_1_neural_score	program_2_neural_score	output_program_1_hamming_score	output_program_2_hamming_score	output_program_3_hamming_score	output_program_4_hamming_score	output_program_5_hamming_score	output_program_1_neural_score	output_program_2_neural_score	output_program_3_neural_score	output_program_4_neural_score	output_program_5_neural_score
0	0	0	0	0.26666666666666666	0.25999999999999995	16.76174545288086	28.6402530670166	0.91	0.8966666666666666	-1.0	-1.0	0.30666666666666664	71.32331848144531	74.79037475585938	-1.0	-1.0	6.754779815673828
1	0	0	1	0.26666666666666666	0.25999999999999995	16.76174545288086	28.6402530670166	inf	inf	inf	inf	inf	inf	inf	inf	inf	inf
2	0	0	2	0.26666666666666666	0.25999999999999995	16.76174545288086	28.6402530670166	0.42333333333333334	0.41	inf	-1.0	inf	30.09856605529785	24.52021026611328	inf	-1.0	inf
3	0	0	3	0.26666666666666666	0.25999999999999995	16.76174545288086	28.6402530670166	0.21	0.20333333333333334	0.30666666666666664	inf	-1.0	4.65898323059082	5.735779285430908	6.754779815673828	inf	-1.0
4	0	0	4	0.26666666666666666	0.25999999999999995	16.76174545288086	28.6402530670166	0.31666666666666665	1.0	0.22333333333333336	0.31666666666666665	0.21	6.953216552734375	6.954697132110596	5.514487266540527	3.9786696434020996	5.040971755981445
5	0	1	0	0.31666666666666665	0.22333333333333336	6.953216552734375	5.514487266540527	-1.0	-1.0	0.9899999999999999	inf	inf	-1.0	-1.0	9.046485900878906	inf	inf
6	0	1	1	0.31666666666666665	0.22333333333333336	6.953216552734375	5.514487266540527	0.98	-1.0	1.0	-1.0	-1.0	6.365507125854492	-1.0	5.700560569763184	-1.0	-1.0
7	0	1	2	0.31666666666666665	0.22333333333333336	6.953216552734375	5.514487266540527	0.33666666666666667	inf	inf	inf	inf	27.593143463134766	inf	inf	inf	inf
8	0	1	3	0.31666666666666665	0.22333333333333336	6.953216552734375	5.514487266540527	inf	-1.0	-1.0	0.24333333333333332	-1.0	inf	-1.0	-1.0	3.4868922233581543	-1.0
9	0	1	4	0.31666666666666665	0.22333333333333336	6.953216552734375	5.514487266540527	-1.0	-1.0	-1.0	-1.0	-1.0	-1.0	-1.0	-1.0	-1.0	-1.0
10	0	2	0	0.25999999999999995	0.26666666666666666	28.6402530670166	16.76174545288086	inf	inf	inf	inf	inf	inf	inf	inf	inf	inf
11	0	2	1	0.25999999999999995	0.26666666666666666	28.6402530670166	16.76174545288086	0.9766666666666666	0.32666666666666666	0.32666666666666666	0.98	-1.0	6.59842586517334	6.830434322357178	6.787723541259766	6.121702194213867	-1.0
12	0	2	2	0.25999999999999995	0.26666666666666666	28.6402530670166	16.76174545288086	-1.0	inf	inf	inf	inf	-1.0	inf	inf	inf	inf
13	0	2	3	0.25999999999999995	0.26666666666666666	28.6402530670166	16.76174545288086	0.24333333333333332	0.21333333333333335	-1.0	-1.0	inf	3.429689645767212	4.945613861083984	-1.0	-1.0	inf
14	0	2	4	0.25999999999999995	0.26666666666666666	28.6402530670166	16.76174545288086	0.30666666666666664	-1.0	0.30666666666666664	-1.0	0.30666666666666664	12.990260124206543	-1.0	6.754779815673828	-1.0	27.931758880615234
15	0	3	0	1.0	0.30666666666666664	6.954697132110596	12.990260124206543	-1.0	-1.0	inf	inf	-1.0	-1.0	-1.0	inf	inf	-1.0
16	0	3	1	1.0	0.30666666666666664	6.954697132110596	12.990260124206543	0.34	-1.0	-1.0	-1.0	-1.0	8.953200340270996	-1.0	-1.0	-1.0	-1.0
17	0	3	2	1.0	0.30666666666666664	6.954697132110596	12.990260124206543	0.7033333333333333	0.5199999999999999	0.7266666666666667	-1.0	0.31	5.993130207061768	29.041318893432617	7.839476108551025	-1.0	5.2443695068359375
18	0	3	3	1.0	0.30666666666666664	6.954697132110596	12.990260124206543	inf	-1.0	inf	inf	inf	inf	-1.0	inf	inf	inf
19	0	3	4	1.0	0.30666666666666664	6.954697132110596	12.990260124206543	0.33666666666666667	-1.0	0.33666666666666667	inf	-1.0	20.964262008666992	-1.0	31.918067932128906	inf	-1.0
20	0	4	0	0.22333333333333336	0.33666666666666667	5.514487266540527	31.918067932128906	inf	0.31666666666666665	inf	inf	-1.0	inf	7.797231197357178	inf	inf	-1.0
21	0	4	1	0.22333333333333336	0.33666666666666667	5.514487266540527	31.918067932128906	inf	inf	inf	inf	inf	inf	inf	inf	inf	inf
22	0	4	2	0.22333333333333336	0.33666666666666667	5.514487266540527	31.918067932128906	-1.0	0.41	-1.0	-1.0	0.4066666666666667	-1.0	24.353498458862305	-1.0	-1.0	33.39779281616211
23	0	4	3	0.22333333333333336	0.33666666666666667	5.514487266540527	31.918067932128906	-1.0	-1.0	-1.0	-1.0	-1.0	-1.0	-1.0	-1.0	-1.0	-1.0
24	0	4	4	0.22333333333333336	0.33666666666666667	5.514487266540527	31.918067932128906	0.33666666666666667	inf	inf	0.2966666666666667	0.33666666666666667	68.55184173583984	inf	inf	44.95987319946289	69.58033752441406
25	0	5	0	0.31666666666666665	0.26666666666666666	3.9786696434020996	16.76174545288086	inf	-1.0	inf	0.9700000000000001	inf	inf	-1.0	inf	7.056012153625488	inf
26	0	5	1	0.31666666666666665	0.26666666666666666	3.9786696434020996	16.76174545288086	0.33666666666666667	0.34	inf	0.41333333333333333	0.45333333333333337	75.47545623779297	72.87012481689453	inf	34.080970764160156	32.33686447143555
27	0	5	2	0.31666666666666665	0.26666666666666666	3.9786696434020996	16.76174545288086	0.3066666666666667	-1.0	0.33666666666666667	inf	0.31	6.715771198272705	-1.0	26.578651428222656	inf	16.664154052734375
28	0	5	3	0.31666666666666665	0.26666666666666666	3.9786696434020996	16.76174545288086	inf	inf	inf	inf	0.30333333333333334	inf	inf	inf	inf	5.614241600036621
29	0	5	4	0.31666666666666665	0.26666666666666666	3.9786696434020996	16.76174545288086	-1.0	inf	-1.0	0.32666666666666666	0.26333333333333336	-1.0	inf	-1.0	6.709707736968994	40.477596282958984
30	0	6	0	0.32666666666666666	0.2966666666666667	6.709707736968994	44.95987319946289	inf	-1.0	inf	inf	inf	inf	-1.0	inf	inf	inf
31	0	6	1	0.32666666666666666	0.2966666666666667	6.709707736968994	44.95987319946289	0.33666666666666667	0.3866666666666667	-1.0	0.33666666666666667	-1.0	71.27818298339844	50.00737380981445	-1.0	71.36087036132812	-1.0
32	0	6	2	0.32666666666666666	0.2966666666666667	6.709707736968994	44.95987319946289	-1.0	0.29	-1.0	-1.0	-1.0	-1.0	6.2389607429504395	-1.0	-1.0	-1.0
33	0	6	3	0.32666666666666666	0.2966666666666667	6.709707736968994	44.95987319946289	0.32666666666666666	0.32666666666666666	inf	-1.0	0.5299999999999999	6.923973083496094	6.787723541259766	inf	-1.0	6.51038122177124
34	0	6	4	0.32666666666666666	0.2966666666666667	6.709707736968994	44.95987319946289	0.31	0.33666666666666667	0.31666666666666665	-1.0	0.32666666666666666	6.896120071411133	68.88951873779297	6.690949440002441	-1.0	6.80316686630249
35	0	7	0	0.21	0.31666666666666665	5.040971755981445	3.9786696434020996	-1.0	-1.0	-1.0	-1.0	0.33666666666666667	-1.0	-1.0	-1.0	-1.0	10.806132316589355
36	0	7	1	0.21	0.31666666666666665	5.040971755981445	3.9786696434020996	0.30666666666666664	-1.0	-1.0	-1.0	-1.0	3.3056046962738037	-1.0	-1.0	-1.0	-1.0
37	0	7	2	0.21	0.31666666666666665	5.040971755981445	3.9786696434020996	-1.0	inf	-1.0	inf	inf	-1.0	inf	-1.0	inf	inf
38	0	7	3	0.21	0.31666666666666665	5.040971755981445	3.9786696434020996	inf	0.31666666666666665	0.31666666666666665	-1.0	0.31666666666666665	inf	7.319282531738281	7.319350719451904	-1.0	7.318926811218262
39	0	7	4	0.21	0.31666666666666665	5.040971755981445	3.9786696434020996	-1.0	-1.0	0.31333333333333335	-1.0	-1.0	-1.0	-1.0	4.0293402671813965	-1.0	-1.0
40	0	8	0	0.30666666666666664	0.30666666666666664	27.931758880615234	12.990260124206543	inf	0.21666666666666667	0.9700000000000001	0.9700000000000001	-1.0	inf	6.023784637451172	6.453514099121094	7.0016703605651855	-1.0
41	0	8	1	0.30666666666666664	0.30666666666666664	27.931758880615234	12.990260124206543	1.0	0.2633333333333333	0.33666666666666667	0.7200000000000001	0.32666666666666666	6.954697132110596	3.6448893547058105	32.58608627319336	11.804883003234863	6.709707736968994
42	0	8	2	0.30666666666666664	0.30666666666666664	27.931758880615234	12.990260124206543	inf	inf	inf	inf	inf	inf	inf	inf	inf	inf
43	0	8	3	0.30666666666666664	0.30666666666666664	27.931758880615234	12.990260124206543	-1.0	-1.0	-1.0	inf	-1.0	-1.0	-1.0	-1.0	inf	-1.0
44	0	8	4	0.30666666666666664	0.30666666666666664	27.931758880615234	12.990260124206543	-1.0	0.30666666666666664	inf	0.30666666666666664	0.7766666666666667	-1.0	22.66667366027832	inf	13.93067455291748	63.223785400390625
45	0	9	0	0.25999999999999995	0.30666666666666664	28.6402530670166	6.754779815673828	-1.0	-1.0	inf	-1.0	inf	-1.0	-1.0	inf	-1.0	inf
46	0	9	1	0.25999999999999995	0.30666666666666664	28.6402530670166	6.754779815673828	0.2833333333333333	-1.0	0.33666666666666667	-1.0	0.31666666666666665	3.929705858230591	-1.0	4.544790744781494	-1.0	3.9786696434020996
47	0	9	2	0.25999999999999995	0.30666666666666664	28.6402530670166	6.754779815673828	inf	inf	0.33666666666666667	0.2733333333333334	inf	inf	inf	8.117569923400879	3.900264024734497	inf
48	0	9	3	0.25999999999999995	0.30666666666666664	28.6402530670166	6.754779815673828	-1.0	-1.0	inf	-1.0	inf	-1.0	-1.0	inf	-1.0	inf
49	0	9	4	0.25999999999999995	0.30666666666666664	28.6402530670166	6.754779815673828	inf	inf	inf	0.22666666666666668	0.20333333333333334	inf	inf	inf	6.488432884216309	5.735779285430908
50	1	0	0	0.20333333333333334	0.21	5.735779285430908	4.65898323059082	inf	0.9700000000000001	-1.0	-1.0	0.9700000000000001	inf	68.39096069335938	-1.0	-1.0	7.88248872756958
51	1	0	1	0.20333333333333334	0.21	5.735779285430908	4.65898323059082	0.91	0.94	1.0	0.86	0.5199999999999999	66.84601593017578	3.8281781673431396	6.468006610870361	6.206197738647461	4.163647174835205
52	1	0	2	0.20333333333333334	0.21	5.735779285430908	4.65898323059082	0.31	-1.0	-1.0	-1.0	inf	6.750445365905762	-1.0	-1.0	-1.0	inf
53	1	0	3	0.20333333333333334	0.21	5.735779285430908	4.65898323059082	-1.0	0.9700000000000001	-1.0	inf	0.21	-1.0	8.326671600341797	-1.0	inf	4.65898323059082
54	1	0	4	0.20333333333333334	0.21	5.735779285430908	4.65898323059082	-1.0	0.30666666666666664	0.22666666666666668	-1.0	-1.0	-1.0	6.754779815673828	5.974822998046875	-1.0	-1.0
55	1	1	0	0.20333333333333334	0.21	5.735779285430908	4.65898323059082	inf	-1.0	-1.0	0.31666666666666665	-1.0	inf	-1.0	-1.0	6.99935245513916	-1.0
56	1	1	1	0.20333333333333334	0.21	5.735779285430908	4.65898323059082	0.9700000000000001	-1.0	-1.0	-1.0	-1.0	47.57374954223633	-1.0	-1.0	-1.0	-1.0
57	1	1	2	0.20333333333333334	0.21	5.735779285430908	4.65898323059082	0.31666666666666665	-1.0	-1.0	-1.0	0.3033333333333333	8.194395065307617	-1.0	-1.0	-1.0	6.2875776290893555
58	1	1	3	0.20333333333333334	0.21	5.735779285430908	4.65898323059082	inf	inf	inf	inf	0.91	inf	inf	inf	inf	8.04672622680664
59	1	1	4	0.20333333333333334	0.21	5.735779285430908	4.65898323059082	0.32666666666666666	-1.0	-1.0	-1.0	-1.0	6.835364818572998	-1.0	-1.0	-1.0	-1.0
60	1	2	0	0.32666666666666666	0.30666666666666664	6.835364818572998	6.754779815673828	0.9700000000000001	-1.0	-1.0	-1.0	-1.0	7.0016703605651855	-1.0	-1.0	-1.0	-1.0
61	1	2	1	0.32666666666666666	0.30666666666666664	6.835364818572998	6.754779815673828	0.9066666666666666	-1.0	0.30666666666666664	0.8866666666666667	0.9899999999999999	70.6584243774414	-1.0	6.754779815673828	66.37794494628906	30.26433753967285
62	1	2	2	0.32666666666666666	0.30666666666666664	6.835364818572998	6.754779815673828	0.5066666666666667	0.30666666666666664	-1.0	0.5033333333333334	-1.0	9.91136360168457	6.754779815673828	-1.0	9.802186965942383	-1.0
63	1	2	3	0.32666666666666666	0.30666666666666664	6.835364818572998	6.754779815673828	inf	inf	inf	inf	inf	inf	inf	inf	inf	inf
64	1	2	4	0.32666666666666666	0.30666666666666664	6.835364818572998	6.754779815673828	inf	inf	0.32666666666666666	-1.0	0.32666666666666666	inf	inf	6.709707736968994	-1.0	6.923973083496094
65	1	3	0	0.32666666666666666	0.20333333333333334	6.709707736968994	5.735779285430908	-1.0	0.9700000000000001	-1.0	0.9700000000000001	-1.0	-1.0	7.380078315734863	-1.0	6.453514099121094	-1.0
66	1	3	1	0.32666666666666666	0.20333333333333334	6.709707736968994	5.735779285430908	0.31666666666666665	0.24333333333333332	0.22999999999999998	-1.0	inf	3.9786696434020996	6.469123363494873	4.960134983062744	-1.0	inf
67	1	3	2	0.32666666666666666	0.20333333333333334	6.709707736968994	5.735779285430908	0.34	-1.0	0.34	inf	-1.0	9.465204238891602	-1.0	10.670856475830078	inf	-1.0
68	1	3	3	0.32666666666666666	0.20333333333333334	6.709707736968994	5.735779285430908	0.2333333333333333	inf	inf	-1.0	0.8866666666666667	9.037284851074219	inf	inf	-1.0	50.07475662231445
69	1	3	4	0.32666666666666666	0.20333333333333334	6.709707736968994	5.735779285430908	inf	-1.0	inf	-1.0	0.32666666666666666	inf	-1.0	inf	-1.0	7.725671291351318
70	1	4	0	0.32666666666666666	0.32666666666666666	6.709707736968994	6.835364818572998	0.98	0.98	0.9899999999999999	-1.0	0.98	8.899048805236816	6.228626251220703	6.8177361488342285	-1.0	8.400212287902832
71	1	4	1	0.32666666666666666	0.32666666666666666	6.709707736968994	6.835364818572998	-1.0	-1.0	0.31	0.33666666666666667	-1.0	-1.0	-1.0	4.978726387023926	4.544790744781494	-1.0
72	1	4	2	0.32666666666666666	0.32666666666666666	6.709707736968994	6.835364818572998	0.3	0.30666666666666664	-1.0	-1.0	0.33	5.254362106323242	5.50004768371582	-1.0	-1.0	8.441263198852539
73	1	4	3	0.32666666666666666	0.32666666666666666	6.709707736968994	6.835364818572998	inf	inf	inf	inf	inf	inf	inf	inf	inf	inf
74	1	4	4	0.32666666666666666	0.32666666666666666	6.709707736968994	6.835364818572998	inf	-1.0	-1.0	inf	inf	inf	-1.0	-1.0	inf	inf
75	1	5	0	0.32666666666666666	0.20333333333333334	6.835364818572998	5.735779285430908	0.31666666666666665	-1.0	0.30666666666666664	-1.0	-1.0	7.797231197357178	-1.0	16.66876983642578	-1.0	-1.0
76	1	5	1	0.32666666666666666	0.20333333333333334	6.835364818572998	5.735779285430908	-1.0	-1.0	-1.0	-1.0	-1.0	-1.0	-1.0	-1.0	-1.0	-1.0
77	1	5	2	0.32666666666666666	0.20333333333333334	6.835364818572998	5.735779285430908	0.3133333333333333	0.30666666666666664	-1.0	inf	inf	6.38973331451416	5.946554183959961	-1.0	inf	inf
78	1	5	3	0.32666666666666666	0.20333333333333334	6.835364818572998	5.735779285430908	inf	inf	inf	inf	inf	inf	inf	inf	inf	inf
79	1	5	4	0.32666666666666666	0.20333333333333334	6.835364818572998	5.735779285430908	inf	inf	0.32666666666666666	-1.0	inf	inf	inf	6.899583339691162	-1.0	inf
80	1	6	0	0.32666666666666666	0.22666666666666668	6.923973083496094	5.974822998046875	0.9899999999999999	0.9899999999999999	-1.0	0.9899999999999999	0.31666666666666665	6.986428260803223	6.122681617736816	-1.0	6.455456733703613	69.51820373535156
81	1	6	1	0.32666666666666666	0.22666666666666668	6.923973083496094	5.974822998046875	inf	-1.0	-1.0	inf	inf	inf	-1.0	-1.0	inf	inf
82	1	6	2	0.32666666666666666	0.22666666666666668	6.923973083496094	5.974822998046875	inf	inf	inf	0.3133333333333333	inf	inf	inf	inf	5.6732869148254395	inf
83	1	6	3	0.32666666666666666	0.22666666666666668	6.923973083496094	5.974822998046875	inf	inf	inf	0.47666666666666674	inf	inf	inf	inf	21.13741683959961	inf
84	1	6	4	0.32666666666666666	0.22666666666666668	6.923973083496094	5.974822998046875	0.32666666666666666	inf	inf	0.32666666666666666	-1.0	6.830434322357178	inf	inf	6.836186408996582	-1.0
85	1	7	0	0.22666666666666668	0.32666666666666666	5.974822998046875	7.725671291351318	0.30666666666666664	-1.0	-1.0	0.31	inf	6.754779815673828	-1.0	-1.0	7.098971843719482	inf
86	1	7	1	0.22666666666666668	0.32666666666666666	5.974822998046875	7.725671291351318	inf	inf	inf	0.98	-1.0	inf	inf	inf	6.337493896484375	-1.0
87	1	7	2	0.22666666666666668	0.32666666666666666	5.974822998046875	7.725671291351318	inf	inf	inf	inf	inf	inf	inf	inf	inf	inf
88	1	7	3	0.22666666666666668	0.32666666666666666	5.974822998046875	7.725671291351318	inf	inf	inf	inf	inf	inf	inf	inf	inf	inf
89	1	7	4	0.22666666666666668	0.32666666666666666	5.974822998046875	7.725671291351318	-1.0	0.32666666666666666	inf	-1.0	inf	-1.0	7.761721134185791	inf	-1.0	inf
90	1	8	0	0.30666666666666664	0.32666666666666666	6.754779815673828	6.830434322357178	0.33666666666666667	0.32666666666666666	0.32666666666666666	0.32666666666666666	-1.0	69.58033752441406	6.80316686630249	6.923973083496094	7.793549060821533	-1.0
91	1	8	1	0.30666666666666664	0.32666666666666666	6.754779815673828	6.830434322357178	inf	inf	inf	inf	0.8933333333333332	inf	inf	inf	inf	70.5373764038086
92	1	8	2	0.30666666666666664	0.32666666666666666	6.754779815673828	6.830434322357178	0.3333333333333333	-1.0	-1.0	inf	inf	10.265766143798828	-1.0	-1.0	inf	inf
93	1	8	3	0.30666666666666664	0.32666666666666666	6.754779815673828	6.830434322357178	inf	inf	inf	inf	inf	inf	inf	inf	inf	inf
94	1	8	4	0.30666666666666664	0.32666666666666666	6.754779815673828	6.830434322357178	-1.0	inf	inf	inf	inf	-1.0	inf	inf	inf	inf
95	1	9	0	0.22666666666666668	0.20333333333333334	5.974822998046875	5.735779285430908	0.98	0.33666666666666667	inf	inf	-1.0	32.288326263427734	6.754831790924072	inf	inf	-1.0
96	1	9	1	0.22666666666666668	0.20333333333333334	5.974822998046875	5.735779285430908	0.32666666666666666	-1.0	inf	-1.0	inf	6.80316686630249	-1.0	inf	-1.0	inf
97	1	9	2	0.22666666666666668	0.20333333333333334	5.974822998046875	5.735779285430908	-1.0	0.33666666666666667	inf	inf	inf	-1.0	10.806132316589355	inf	inf	inf
98	1	9	3	0.22666666666666668	0.20333333333333334	5.974822998046875	5.735779285430908	inf	inf	0.30666666666666664	inf	inf	inf	inf	6.754779815673828	inf	inf
99	1	9	4	0.22666666666666668	0.20333333333333334	5.974822998046875	5.735779285430908	inf	inf	inf	inf	inf	inf	inf	inf	inf	inf
100	2	0	0	0.19999999999999998	0.19999999999999998	6.130495548248291	5.8000078201293945	0.66	0.20333333333333334	0.6666666666666666	inf	inf	7.488639831542969	5.735779285430908	6.6909565925598145	inf	inf
101	2	0	1	0.19999999999999998	0.19999999999999998	6.130495548248291	5.8000078201293945	inf	0.2233333333333333	0.21333333333333335	-1.0	-1.0	inf	9.704941749572754	6.504378795623779	-1.0	-1.0
102	2	0	2	0.19999999999999998	0.19999999999999998	6.130495548248291	5.8000078201293945	inf	inf	0.26	0.2233333333333333	0.4666666666666666	inf	inf	8.586234092712402	3.432145833969116	17.203081130981445
103	2	0	3	0.19999999999999998	0.19999999999999998	6.130495548248291	5.8000078201293945	0.20333333333333334	0.20333333333333334	-1.0	0.21333333333333335	0.24000000000000002	5.575297832489014	5.735779285430908	-1.0	5.309544563293457	5.163523197174072
104	2	0	4	0.19999999999999998	0.19999999999999998	6.130495548248291	5.8000078201293945	inf	inf	0.23333333333333336	0.24	inf	inf	inf	4.324946403503418	4.185272216796875	inf
105	2	1	0	0.24	0.19999999999999998	4.185272216796875	5.8000078201293945	inf	inf	inf	inf	inf	inf	inf	inf	inf	inf
106	2	1	1	0.24	0.19999999999999998	4.185272216796875	5.8000078201293945	0.21333333333333335	0.26666666666666666	-1.0	0.21333333333333335	-1.0	3.186347007751465	31.225902557373047	-1.0	5.482283115386963	-1.0
107	2	1	2	0.24	0.19999999999999998	4.185272216796875	5.8000078201293945	0.20333333333333334	-1.0	inf	-1.0	0.2333333333333333	5.735779285430908	-1.0	inf	-1.0	5.323766231536865
108	2	1	3	0.24	0.19999999999999998	4.185272216796875	5.8000078201293945	0.20333333333333334	inf	0.23	-1.0	-1.0	5.529713153839111	inf	5.375539302825928	-1.0	-1.0
109	2	1	4	0.24	0.19999999999999998	4.185272216796875	5.8000078201293945	0.21333333333333335	0.2233333333333333	0.19333333333333333	0.18999999999999997	0.19333333333333333	5.572832107543945	5.802845001220703	3.8274269104003906	3.977210283279419	3.7363269329071045
110	2	2	0	0.23333333333333336	0.2233333333333333	4.324946403503418	5.802845001220703	0.6633333333333332	-1.0	-1.0	-1.0	inf	45.866477966308594	-1.0	-1.0	-1.0	inf
111	2	2	1	0.23333333333333336	0.2233333333333333	4.324946403503418	5.802845001220703	inf					inf				
112	2	2	2	0.23333333333333336	0.2233333333333333	4.324946403503418	5.802845001220703	-1.0	inf	inf	-1.0	-1.0	-1.0	inf	inf	-1.0	-1.0
113	2	2	3	0.23333333333333336	0.2233333333333333	4.324946403503418	5.802845001220703	-1.0	0.2733333333333333	-1.0	-1.0	-1.0	-1.0	4.515387535095215	-1.0	-1.0	-1.0
114	2	2	4	0.23333333333333336	0.2233333333333333	4.324946403503418	5.802845001220703	0.24666666666666667	inf	inf	inf	inf	3.562851667404175	inf	inf	inf	inf
115	2	3	0	0.23333333333333336	0.19999999999999998	4.324946403503418	5.8000078201293945	0.8666666666666667	inf	-1.0	-1.0	inf	8.1090726852417	inf	-1.0	-1.0	inf
116	2	3	1	0.23333333333333336	0.19999999999999998	4.324946403503418	5.8000078201293945	0.21333333333333335	0.20333333333333334	-1.0	0.2233333333333333	-1.0	6.360705852508545	5.735779285430908	-1.0	5.810487270355225	-1.0
117	2	3	2	0.23333333333333336	0.19999999999999998	4.324946403503418	5.8000078201293945	inf	0.3666666666666667	inf	0.38333333333333336	inf	inf	8.644094467163086	inf	13.462510108947754	inf
118	2	3	3	0.23333333333333336	0.19999999999999998	4.324946403503418	5.8000078201293945	-1.0	-1.0	0.24000000000000002	0.22333333333333336	-1.0	-1.0	-1.0	5.445319652557373	5.068412780761719	-1.0
119	2	3	4	0.23333333333333336	0.19999999999999998	4.324946403503418	5.8000078201293945	-1.0	inf	0.10666666666666667	0.21999999999999997	-1.0	-1.0	inf	2.786250114440918	5.832821369171143	-1.0
120	2	4	0	0.18999999999999997	0.21999999999999997	3.977210283279419	5.832821369171143	inf	-1.0	inf	inf	inf	inf	-1.0	inf	inf	inf
121	2	4	1	0.18999999999999997	0.21999999999999997	3.977210283279419	5.832821369171143	0.21333333333333335	0.21333333333333335	inf	inf	0.21333333333333335	6.905474662780762	5.82308292388916	inf	inf	6.422097206115723
122	2	4	2	0.18999999999999997	0.21999999999999997	3.977210283279419	5.832821369171143	inf	inf	inf	inf	inf	inf	inf	inf	inf	inf
123	2	4	3	0.18999999999999997	0.21999999999999997	3.977210283279419	5.832821369171143	inf	0.2233333333333333	inf	0.2233333333333333	-1.0	inf	5.802845001220703	inf	6.511876106262207	-1.0
124	2	4	4	0.18999999999999997	0.21999999999999997	3.977210283279419	5.832821369171143	0.21666666666666667	-1.0	inf	-1.0	-1.0	5.8382344245910645	-1.0	inf	-1.0	-1.0
125	2	5	0	0.21999999999999997	0.21666666666666667	5.832821369171143	5.8382344245910645	inf	-1.0	inf	inf	inf	inf	-1.0	inf	inf	inf
126	2	5	1	0.21999999999999997	0.21666666666666667	5.832821369171143	5.8382344245910645	-1.0	0.20333333333333334	inf	inf	inf	-1.0	5.575297832489014	inf	inf	inf
127	2	5	2	0.21999999999999997	0.21666666666666667	5.832821369171143	5.8382344245910645	inf	inf	inf	inf	inf	inf	inf	inf	inf	inf
128	2	5	3	0.21999999999999997	0.21666666666666667	5.832821369171143	5.8382344245910645	0.24000000000000002	-1.0	0.33666666666666667	0.25333333333333335	inf	6.232256889343262	-1.0	42.4403190612793	3.743760824203491	inf
129	2	5	4	0.21999999999999997	0.21666666666666667	5.832821369171143	5.8382344245910645	-1.0	-1.0	0.2233333333333333	-1.0	-1.0	-1.0	-1.0	8.451441764831543	-1.0	-1.0
130	2	6	0	0.19333333333333333	0.21666666666666667	3.7363269329071045	5.8382344245910645	inf	inf	inf	inf	inf	inf	inf	inf	inf	inf
131	2	6	1	0.19333333333333333	0.21666666666666667	3.7363269329071045	5.8382344245910645	0.20333333333333334	-1.0	inf	-1.0	-1.0	5.529713153839111	-1.0	inf	-1.0	-1.0
132	2	6	2	0.19333333333333333	0.21666666666666667	3.7363269329071045	5.8382344245910645	inf	inf	inf	inf	inf	inf	inf	inf	inf	inf
133	2	6	3	0.19333333333333333	0.21666666666666667	3.7363269329071045	5.8382344245910645	-1.0	-1.0	0.2866666666666666	-1.0	inf	-1.0	-1.0	5.865015029907227	-1.0	inf
134	2	6	4	0.19333333333333333	0.21666666666666667	3.7363269329071045	5.8382344245910645	inf	-1.0	inf	-1.0	0.21333333333333335	inf	-1.0	inf	-1.0	5.670132637023926
135	2	7	0	0.18999999999999997	0.21999999999999997	3.977210283279419	5.832821369171143	inf	inf	inf	inf	inf	inf	inf	inf	inf	inf
136	2	7	1	0.18999999999999997	0.21999999999999997	3.977210283279419	5.832821369171143	0.20333333333333334	-1.0	0.21333333333333335	-1.0	inf	3.7571048736572266	-1.0	5.749773979187012	-1.0	inf
137	2	7	2	0.18999999999999997	0.21999999999999997	3.977210283279419	5.832821369171143	inf	inf	inf	inf	inf	inf	inf	inf	inf	inf
138	2	7	3	0.18999999999999997	0.21999999999999997	3.977210283279419	5.832821369171143	-1.0	-1.0	inf	-1.0	-1.0	-1.0	-1.0	inf	-1.0	-1.0
139	2	7	4	0.18999999999999997	0.21999999999999997	3.977210283279419	5.832821369171143	0.20333333333333334	-1.0	inf	-1.0	-1.0	5.735779285430908	-1.0	inf	-1.0	-1.0
140	2	8	0	0.20333333333333334	0.19333333333333333	5.735779285430908	3.7363269329071045	inf	inf	inf	inf	inf	inf	inf	inf	inf	inf
141	2	8	1	0.20333333333333334	0.19333333333333333	5.735779285430908	3.7363269329071045	-1.0	-1.0	-1.0	-1.0	-1.0	-1.0	-1.0	-1.0	-1.0	-1.0
142	2	8	2	0.20333333333333334	0.19333333333333333	5.735779285430908	3.7363269329071045	inf	inf	inf	inf	inf	inf	inf	inf	inf	inf
143	2	8	3	0.20333333333333334	0.19333333333333333	5.735779285430908	3.7363269329071045	-1.0	-1.0	inf	-1.0	-1.0	-1.0	-1.0	inf	-1.0	-1.0
144	2	8	4	0.20333333333333334	0.19333333333333333	5.735779285430908	3.7363269329071045	-1.0	-1.0	-1.0	-1.0	-1.0	-1.0	-1.0	-1.0	-1.0	-1.0
145	2	9	0	0.19333333333333333	0.20333333333333334	3.7363269329071045	5.735779285430908	inf	inf	inf	inf	inf	inf	inf	inf	inf	inf
146	2	9	1	0.19333333333333333	0.20333333333333334	3.7363269329071045	5.735779285430908	inf	-1.0	0.21	0.21333333333333335	inf	inf	-1.0	5.730794429779053	5.853344440460205	inf
147	2	9	2	0.19333333333333333	0.20333333333333334	3.7363269329071045	5.735779285430908	0.33666666666666667	-1.0	-1.0	-1.0	inf	75.47545623779297	-1.0	-1.0	-1.0	inf
148	2	9	3	0.19333333333333333	0.20333333333333334	3.7363269329071045	5.735779285430908	-1.0	-1.0	-1.0	0.2733333333333333	-1.0	-1.0	-1.0	-1.0	4.506166458129883	-1.0
149	2	9	4	0.19333333333333333	0.20333333333333334	3.7363269329071045	5.735779285430908	-1.0	-1.0	-1.0	-1.0	0.24333333333333337	-1.0	-1.0	-1.0	-1.0	19.81951141357422
