	reset_island_iter	improve_iter	island	program_1_hamming_score	program_2_hamming_score	program_1_neural_score	program_2_neural_score	output_program_1_hamming_score	output_program_2_hamming_score	output_program_3_hamming_score	output_program_4_hamming_score	output_program_5_hamming_score	output_program_1_neural_score	output_program_2_neural_score	output_program_3_neural_score	output_program_4_neural_score	output_program_5_neural_score
0	0	0	0	10.666666666666666	4.0	5.562827110290527	5.523913860321045	3.0	4.666666666666667	-1.0	4.0	-1.0	3.7708418369293213	8.79177188873291	-1.0	5.711287975311279	-1.0
1	0	0	1	10.666666666666666	4.0	5.562827110290527	5.523913860321045	2.6666666666666665	-1.0	-1.0	-1.0	3.3333333333333335	4.898824691772461	-1.0	-1.0	-1.0	2.6694514751434326
2	0	0	2	10.666666666666666	4.0	5.562827110290527	5.523913860321045	inf	5.666666666666667	5.333333333333333	-1.0	-1.0	inf	14.84088134765625	13.642966270446777	-1.0	-1.0
3	0	0	3	10.666666666666666	4.0	5.562827110290527	5.523913860321045	3.6666666666666665	10.0	-1.0	3.3333333333333335	-1.0	4.886913776397705	10.710814476013184	-1.0	4.692983627319336	-1.0
4	0	0	4	10.666666666666666	4.0	5.562827110290527	5.523913860321045	2.6666666666666665	3.0	3.3333333333333335	-1.0	3.0	4.04079532623291	3.7708418369293213	2.516477346420288	-1.0	2.4739151000976562
5	0	1	0	3.3333333333333335	3.0	2.516477346420288	3.7708418369293213	5.333333333333333	inf	-1.0	-1.0	2.3333333333333335	10.267762184143066	inf	-1.0	-1.0	4.877960205078125
6	0	1	1	3.3333333333333335	3.0	2.516477346420288	3.7708418369293213	3.3333333333333335	inf	-1.0	-1.0	inf	6.2402262687683105	inf	-1.0	-1.0	inf
7	0	1	2	3.3333333333333335	3.0	2.516477346420288	3.7708418369293213	-1.0	1.6666666666666667	-1.0	-1.0	-1.0	-1.0	6.3212971687316895	-1.0	-1.0	-1.0
8	0	1	3	3.3333333333333335	3.0	2.516477346420288	3.7708418369293213	1.6666666666666667	inf	16.666666666666668	8.333333333333334	-1.0	6.3212971687316895	inf	34.462337493896484	10.700291633605957	-1.0
9	0	1	4	3.3333333333333335	3.0	2.516477346420288	3.7708418369293213	1.6666666666666667	10.0	-1.0	-1.0	-1.0	6.3212971687316895	46.66998291015625	-1.0	-1.0	-1.0
10	0	2	0	3.0	3.3333333333333335	2.4739151000976562	2.516477346420288	inf	inf	inf	inf	inf	inf	inf	inf	inf	inf
11	0	2	1	3.0	3.3333333333333335	2.4739151000976562	2.516477346420288	1.6666666666666667	inf	-1.0	-1.0	-1.0	6.3212971687316895	inf	-1.0	-1.0	-1.0
12	0	2	2	3.0	3.3333333333333335	2.4739151000976562	2.516477346420288	-1.0	-1.0	-1.0	-1.0	7.0	-1.0	-1.0	-1.0	-1.0	18.20989990234375
13	0	2	3	3.0	3.3333333333333335	2.4739151000976562	2.516477346420288	inf	-1.0	8.333333333333334	8.333333333333334	16.666666666666668	inf	-1.0	10.050698280334473	10.322237014770508	41.96304702758789
14	0	2	4	3.0	3.3333333333333335	2.4739151000976562	2.516477346420288	3.6666666666666665	inf	inf	0.6666666666666666	4.0	3.0913467407226562	inf	inf	2.1920764446258545	3.043924570083618
15	0	3	0	2.6666666666666665	3.0	4.04079532623291	2.4739151000976562	inf	inf	inf	inf	-1.0	inf	inf	inf	inf	-1.0
16	0	3	1	2.6666666666666665	3.0	4.04079532623291	2.4739151000976562	3.0	-1.0	inf	inf	-1.0	2.486599922180176	-1.0	inf	inf	-1.0
17	0	3	2	2.6666666666666665	3.0	4.04079532623291	2.4739151000976562	inf	6.333333333333333	inf	18.0	inf	inf	8.93301010131836	inf	8.43595027923584	inf
18	0	3	3	2.6666666666666665	3.0	4.04079532623291	2.4739151000976562	inf	8.333333333333334	8.333333333333334	8.333333333333334	8.333333333333334	inf	10.834932327270508	10.809131622314453	9.878952026367188	9.991308212280273
19	0	3	4	2.6666666666666665	3.0	4.04079532623291	2.4739151000976562	inf	3.6666666666666665	inf	inf	inf	inf	2.752535104751587	inf	inf	inf
20	0	4	0	0.6666666666666666	3.6666666666666665	2.1920764446258545	3.0913467407226562	-1.0	7.0	-1.0	-1.0	inf	-1.0	11.675909042358398	-1.0	-1.0	inf
21	0	4	1	0.6666666666666666	3.6666666666666665	2.1920764446258545	3.0913467407226562	2.3333333333333335	inf	inf	inf	inf	1.8079519271850586	inf	inf	inf	inf
22	0	4	2	0.6666666666666666	3.6666666666666665	2.1920764446258545	3.0913467407226562	inf	inf	inf	inf	inf	inf	inf	inf	inf	inf
23	0	4	3	0.6666666666666666	3.6666666666666665	2.1920764446258545	3.0913467407226562	9.0	8.666666666666666	8.333333333333334	-1.0	-1.0	9.215911865234375	9.593710899353027	10.554239273071289	-1.0	-1.0
24	0	4	4	0.6666666666666666	3.6666666666666665	2.1920764446258545	3.0913467407226562	inf	inf	inf	3.6666666666666665	inf	inf	inf	inf	2.8687963485717773	inf
25	0	5	0	3.0	3.6666666666666665	3.7708418369293213	2.8687963485717773	-1.0	inf	inf	inf	-1.0	-1.0	inf	inf	inf	-1.0
26	0	5	1	3.0	3.6666666666666665	3.7708418369293213	2.8687963485717773	3.0	inf	inf	2.3333333333333335	-1.0	3.340456247329712	inf	inf	3.1167359352111816	-1.0
27	0	5	2	3.0	3.6666666666666665	3.7708418369293213	2.8687963485717773	inf	inf	inf	inf	inf	inf	inf	inf	inf	inf
28	0	5	3	3.0	3.6666666666666665	3.7708418369293213	2.8687963485717773	-1.0	-1.0	-1.0	-1.0	-1.0	-1.0	-1.0	-1.0	-1.0	-1.0
29	0	5	4	3.0	3.6666666666666665	3.7708418369293213	2.8687963485717773	3.6666666666666665	inf	3.3333333333333335	inf	inf	2.6528549194335938	inf	2.8093509674072266	inf	inf
30	0	6	0	3.6666666666666665	3.6666666666666665	2.8687963485717773	2.752535104751587	-1.0	inf	-1.0	inf	inf	-1.0	inf	-1.0	inf	inf
31	0	6	1	3.6666666666666665	3.6666666666666665	2.8687963485717773	2.752535104751587	3.0	inf	3.3333333333333335	-1.0	4.333333333333333	3.1737313270568848	inf	3.1423749923706055	-1.0	4.804806232452393
32	0	6	2	3.6666666666666665	3.6666666666666665	2.8687963485717773	2.752535104751587	inf	inf	3.0	-1.0	-1.0	inf	inf	2.2588062286376953	-1.0	-1.0
33	0	6	3	3.6666666666666665	3.6666666666666665	2.8687963485717773	2.752535104751587	8.333333333333334	-1.0	-1.0	-1.0	inf	11.003496170043945	-1.0	-1.0	-1.0	inf
34	0	6	4	3.6666666666666665	3.6666666666666665	2.8687963485717773	2.752535104751587	inf	-1.0	inf	inf	-1.0	inf	-1.0	inf	inf	-1.0
35	0	7	0	3.3333333333333335	3.6666666666666665	2.516477346420288	2.6528549194335938	inf	inf	inf	1.6666666666666667	inf	inf	inf	inf	6.3212971687316895	inf
36	0	7	1	3.3333333333333335	3.6666666666666665	2.516477346420288	2.6528549194335938	inf	-1.0	-1.0	2.0	inf	inf	-1.0	-1.0	3.09981632232666	inf
37	0	7	2	3.3333333333333335	3.6666666666666665	2.516477346420288	2.6528549194335938	inf	-1.0	-1.0	-1.0	-1.0	inf	-1.0	-1.0	-1.0	-1.0
38	0	7	3	3.3333333333333335	3.6666666666666665	2.516477346420288	2.6528549194335938	8.333333333333334	inf	inf	8.333333333333334	-1.0	9.706380844116211	inf	inf	10.023782730102539	-1.0
39	0	7	4	3.3333333333333335	3.6666666666666665	2.516477346420288	2.6528549194335938	inf	inf	-1.0	-1.0	inf	inf	inf	-1.0	-1.0	inf
40	0	8	0	3.0	3.0	3.7708418369293213	2.4739151000976562	-1.0	-1.0	-1.0	-1.0	-1.0	-1.0	-1.0	-1.0	-1.0	-1.0
41	0	8	1	3.0	3.0	3.7708418369293213	2.4739151000976562	-1.0	inf	2.0	2.6666666666666665	-1.0	-1.0	inf	6.016012191772461	3.127629041671753	-1.0
42	0	8	2	3.0	3.0	3.7708418369293213	2.4739151000976562	inf	-1.0	8.333333333333334	6.0	-1.0	inf	-1.0	13.443549156188965	6.479824066162109	-1.0
43	0	8	3	3.0	3.0	3.7708418369293213	2.4739151000976562	inf	inf	inf	inf	inf	inf	inf	inf	inf	inf
44	0	8	4	3.0	3.0	3.7708418369293213	2.4739151000976562	inf	inf	inf	inf	inf	inf	inf	inf	inf	inf
45	0	9	0	4.0	3.6666666666666665	3.043924570083618	2.8687963485717773	4.333333333333333	12.666666666666666	-1.0	-1.0	inf	6.479964733123779	31.426172256469727	-1.0	-1.0	inf
46	0	9	1	4.0	3.6666666666666665	3.043924570083618	2.8687963485717773	inf	2.3333333333333335	5.0	-1.0	-1.0	inf	2.079030990600586	7.076817035675049	-1.0	-1.0
47	0	9	2	4.0	3.6666666666666665	3.043924570083618	2.8687963485717773	-1.0	inf	-1.0	inf	-1.0	-1.0	inf	-1.0	inf	-1.0
48	0	9	3	4.0	3.6666666666666665	3.043924570083618	2.8687963485717773	inf	inf	inf	inf	8.333333333333334	inf	inf	inf	inf	10.317625999450684
49	0	9	4	4.0	3.6666666666666665	3.043924570083618	2.8687963485717773	inf	-1.0	-1.0	-1.0	5.0	inf	-1.0	-1.0	-1.0	8.47265911102295
50	1	0	0	3.3333333333333335	3.6666666666666665	2.6694514751434326	2.752535104751587	2.3333333333333335	2.3333333333333335	-1.0	inf	inf	1.5873265266418457	3.1167359352111816	-1.0	inf	inf
51	1	0	1	3.3333333333333335	3.6666666666666665	2.6694514751434326	2.752535104751587	3.3333333333333335	3.6666666666666665	-1.0	-1.0	0.6666666666666666	2.516477346420288	2.8687963485717773	-1.0	-1.0	2.51495099067688
52	1	0	2	3.3333333333333335	3.6666666666666665	2.6694514751434326	2.752535104751587	3.6666666666666665	3.0	-1.0	inf	3.0	2.4038312435150146	2.388911247253418	-1.0	inf	2.1381020545959473
53	1	0	3	3.3333333333333335	3.6666666666666665	2.6694514751434326	2.752535104751587	3.6666666666666665	3.6666666666666665	-1.0	inf	-1.0	3.0913467407226562	2.9789910316467285	-1.0	inf	-1.0
54	1	0	4	3.3333333333333335	3.6666666666666665	2.6694514751434326	2.752535104751587	inf	2.3333333333333335	3.0	inf	3.3333333333333335	inf	1.8079519271850586	1.741024136543274	inf	2.7793500423431396
55	1	1	0	3.0	2.3333333333333335	1.741024136543274	1.8079519271850586	inf	-1.0	-1.0	-1.0	-1.0	inf	-1.0	-1.0	-1.0	-1.0
56	1	1	1	3.0	2.3333333333333335	1.741024136543274	1.8079519271850586	4.0	5.0	inf	-1.0	inf	3.0821354389190674	4.583652019500732	inf	-1.0	inf
57	1	1	2	3.0	2.3333333333333335	1.741024136543274	1.8079519271850586	2.3333333333333335	-1.0	-1.0	3.0	-1.0	3.1167359352111816	-1.0	-1.0	2.554670810699463	-1.0
58	1	1	3	3.0	2.3333333333333335	1.741024136543274	1.8079519271850586	inf	inf	3.6666666666666665	inf	3.0	inf	inf	2.8687963485717773	inf	2.554670810699463
59	1	1	4	3.0	2.3333333333333335	1.741024136543274	1.8079519271850586	3.0	inf	2.0	-1.0	1.6666666666666667	3.340456247329712	inf	3.09981632232666	-1.0	6.3212971687316895
60	1	2	0	3.3333333333333335	3.0	2.6694514751434326	1.741024136543274	-1.0	2.0	-1.0	inf	-1.0	-1.0	2.7183759212493896	-1.0	inf	-1.0
61	1	2	1	3.3333333333333335	3.0	2.6694514751434326	1.741024136543274	inf	inf	-1.0	inf	3.3333333333333335	inf	inf	-1.0	inf	2.390839099884033
62	1	2	2	3.3333333333333335	3.0	2.6694514751434326	1.741024136543274	1.6666666666666667	3.6666666666666665	-1.0	-1.0	2.3333333333333335	2.813588857650757	2.576748847961426	-1.0	-1.0	2.848923683166504
63	1	2	3	3.3333333333333335	3.0	2.6694514751434326	1.741024136543274	inf	inf	inf	inf	-1.0	inf	inf	inf	inf	-1.0
64	1	2	4	3.3333333333333335	3.0	2.6694514751434326	1.741024136543274	-1.0	3.6666666666666665	-1.0	-1.0	-1.0	-1.0	2.889538049697876	-1.0	-1.0	-1.0
65	1	3	0	3.3333333333333335	3.0	2.7793500423431396	1.741024136543274	3.0	inf	-1.0	-1.0	-1.0	3.2465200424194336	inf	-1.0	-1.0	-1.0
66	1	3	1	3.3333333333333335	3.0	2.7793500423431396	1.741024136543274	inf	inf	-1.0	-1.0	inf	inf	inf	-1.0	-1.0	inf
67	1	3	2	3.3333333333333335	3.0	2.7793500423431396	1.741024136543274	1.6666666666666667	-1.0	-1.0	1.6666666666666667	-1.0	3.0220894813537598	-1.0	-1.0	2.563647985458374	-1.0
68	1	3	3	3.3333333333333335	3.0	2.7793500423431396	1.741024136543274	-1.0	-1.0	-1.0	11.333333333333334	inf	-1.0	-1.0	-1.0	36.96192169189453	inf
69	1	3	4	3.3333333333333335	3.0	2.7793500423431396	1.741024136543274	2.3333333333333335	-1.0	-1.0	-1.0	-1.0	1.5873265266418457	-1.0	-1.0	-1.0	-1.0
70	1	4	0	2.3333333333333335	2.0	1.8079519271850586	3.09981632232666	2.0	-1.0	inf	10.333333333333334	-1.0	3.09981632232666	-1.0	inf	37.224517822265625	-1.0
71	1	4	1	2.3333333333333335	2.0	1.8079519271850586	3.09981632232666	-1.0	inf	-1.0	inf	-1.0	-1.0	inf	-1.0	inf	-1.0
72	1	4	2	2.3333333333333335	2.0	1.8079519271850586	3.09981632232666	3.6666666666666665	-1.0	-1.0	-1.0	-1.0	2.8687963485717773	-1.0	-1.0	-1.0	-1.0
73	1	4	3	2.3333333333333335	2.0	1.8079519271850586	3.09981632232666	inf	4.333333333333333	-1.0	inf	-1.0	inf	5.102100849151611	-1.0	inf	-1.0
74	1	4	4	2.3333333333333335	2.0	1.8079519271850586	3.09981632232666	-1.0	-1.0	-1.0	-1.0	2.6666666666666665	-1.0	-1.0	-1.0	-1.0	1.8289415836334229
75	1	5	0	2.3333333333333335	2.3333333333333335	1.8079519271850586	1.5873265266418457	-1.0	-1.0	inf	1.6666666666666667	10.666666666666666	-1.0	-1.0	inf	1.4547650814056396	39.68581771850586
76	1	5	1	2.3333333333333335	2.3333333333333335	1.8079519271850586	1.5873265266418457	inf	inf	-1.0	inf	inf	inf	inf	-1.0	inf	inf
77	1	5	2	2.3333333333333335	2.3333333333333335	1.8079519271850586	1.5873265266418457	2.0	3.0	inf	2.3333333333333335	-1.0	2.3090434074401855	2.7488515377044678	inf	2.8934566974639893	-1.0
78	1	5	3	2.3333333333333335	2.3333333333333335	1.8079519271850586	1.5873265266418457	-1.0	3.6666666666666665	-1.0	12.0	-1.0	-1.0	2.897705078125	-1.0	36.77254104614258	-1.0
79	1	5	4	2.3333333333333335	2.3333333333333335	1.8079519271850586	1.5873265266418457	2.3333333333333335	1.6666666666666667	-1.0	1.6666666666666667	-1.0	2.832491159439087	2.3292620182037354	-1.0	1.9951285123825073	-1.0
80	1	6	0	3.0	3.3333333333333335	1.741024136543274	2.6694514751434326	-1.0	inf	1.6666666666666667	2.3333333333333335	15.0	-1.0	inf	6.3212971687316895	2.642835855484009	5.956444263458252
81	1	6	1	3.0	3.3333333333333335	1.741024136543274	2.6694514751434326	inf	inf	3.0	-1.0	-1.0	inf	inf	2.4739151000976562	-1.0	-1.0
82	1	6	2	3.0	3.3333333333333335	1.741024136543274	2.6694514751434326	inf	inf	inf	inf	-1.0	inf	inf	inf	inf	-1.0
83	1	6	3	3.0	3.3333333333333335	1.741024136543274	2.6694514751434326	3.3333333333333335	-1.0	-1.0	inf	inf	2.8093509674072266	-1.0	-1.0	inf	inf
84	1	6	4	3.0	3.3333333333333335	1.741024136543274	2.6694514751434326	-1.0	-1.0	-1.0	-1.0	-1.0	-1.0	-1.0	-1.0	-1.0	-1.0
85	1	7	0	3.0	3.3333333333333335	3.340456247329712	2.6694514751434326	-1.0	inf	-1.0	5.0	-1.0	-1.0	inf	-1.0	8.47265911102295	-1.0
86	1	7	1	3.0	3.3333333333333335	3.340456247329712	2.6694514751434326	inf	-1.0	inf	-1.0	-1.0	inf	-1.0	inf	-1.0	-1.0
87	1	7	2	3.0	3.3333333333333335	3.340456247329712	2.6694514751434326	inf	3.0	-1.0	3.0	-1.0	inf	2.4878790378570557	-1.0	2.0029897689819336	-1.0
88	1	7	3	3.0	3.3333333333333335	3.340456247329712	2.6694514751434326	inf	inf	1.6666666666666667	inf	2.6666666666666665	inf	inf	6.3212971687316895	inf	3.9505982398986816
89	1	7	4	3.0	3.3333333333333335	3.340456247329712	2.6694514751434326	-1.0	inf	-1.0	-1.0	-1.0	-1.0	inf	-1.0	-1.0	-1.0
90	1	8	0	3.3333333333333335	2.0	2.7793500423431396	3.09981632232666	-1.0	-1.0	inf	-1.0	-1.0	-1.0	-1.0	inf	-1.0	-1.0
91	1	8	1	3.3333333333333335	2.0	2.7793500423431396	3.09981632232666	inf	inf	inf	-1.0	inf	inf	inf	inf	-1.0	inf
92	1	8	2	3.3333333333333335	2.0	2.7793500423431396	3.09981632232666	inf	-1.0	3.6666666666666665	-1.0	inf	inf	-1.0	2.9392006397247314	-1.0	inf
93	1	8	3	3.3333333333333335	2.0	2.7793500423431396	3.09981632232666	3.6666666666666665	-1.0	-1.0	-1.0	5.0	2.752535104751587	-1.0	-1.0	-1.0	8.47265911102295
94	1	8	4	3.3333333333333335	2.0	2.7793500423431396	3.09981632232666	1.6666666666666667	-1.0	-1.0	15.333333333333334	inf	1.6544430255889893	-1.0	-1.0	6.812089443206787	inf
95	1	9	0	2.3333333333333335	3.6666666666666665	1.5873265266418457	2.752535104751587	3.0	inf	-1.0	inf	-1.0	2.2606558799743652	inf	-1.0	inf	-1.0
96	1	9	1	2.3333333333333335	3.6666666666666665	1.5873265266418457	2.752535104751587	-1.0	-1.0	-1.0	inf	inf	-1.0	-1.0	-1.0	inf	inf
97	1	9	2	2.3333333333333335	3.6666666666666665	1.5873265266418457	2.752535104751587	inf	-1.0	-1.0	-1.0	-1.0	inf	-1.0	-1.0	-1.0	-1.0
98	1	9	3	2.3333333333333335	3.6666666666666665	1.5873265266418457	2.752535104751587	-1.0	-1.0	inf	76.0	-1.0	-1.0	-1.0	inf	91.36189270019531	-1.0
99	1	9	4	2.3333333333333335	3.6666666666666665	1.5873265266418457	2.752535104751587	-1.0	inf	-1.0	2.0	-1.0	-1.0	inf	-1.0	2.0668845176696777	-1.0
100	2	0	0	3.3333333333333335	3.3333333333333335	2.516477346420288	2.516477346420288	3.3333333333333335	-1.0	5.0	-1.0	-1.0	2.516477346420288	-1.0	8.47265911102295	-1.0	-1.0
101	2	0	1	3.3333333333333335	3.3333333333333335	2.516477346420288	2.516477346420288	11.666666666666666	4.333333333333333	3.3333333333333335	-1.0	1.6666666666666667	36.36056900024414	7.934014797210693	3.688175678253174	-1.0	6.321297645568848
102	2	0	2	3.3333333333333335	3.3333333333333335	2.516477346420288	2.516477346420288	13.333333333333334	23.333333333333332	34.666666666666664	-1.0	inf	5.3457560539245605	6.538805961608887	17.329219818115234	-1.0	inf
103	2	0	3	3.3333333333333335	3.3333333333333335	2.516477346420288	2.516477346420288	-1.0	inf	5.333333333333333	-1.0	-1.0	-1.0	inf	4.021597385406494	-1.0	-1.0
104	2	0	4	3.3333333333333335	3.3333333333333335	2.516477346420288	2.516477346420288	5.333333333333333	3.0	1.6666666666666667	inf	3.6666666666666665	6.654842376708984	4.013750076293945	1.6388977766036987	inf	2.4038314819335938
105	2	1	0	1.6666666666666667	3.6666666666666665	1.6388977766036987	2.4038314819335938	-1.0	-1.0	5.0	5.0	-1.0	-1.0	-1.0	6.215874671936035	5.705173969268799	-1.0
106	2	1	1	1.6666666666666667	3.6666666666666665	1.6388977766036987	2.4038314819335938	4.0	3.6666666666666665	-1.0	-1.0	2.3333333333333335	5.461483478546143	5.457922458648682	-1.0	-1.0	3.1167361736297607
107	2	1	2	1.6666666666666667	3.6666666666666665	1.6388977766036987	2.4038314819335938	-1.0	-1.0	37.333333333333336	39.666666666666664	-1.0	-1.0	-1.0	34.89748001098633	46.1173210144043	-1.0
108	2	1	3	1.6666666666666667	3.6666666666666665	1.6388977766036987	2.4038314819335938	inf	4.333333333333333	-1.0	-1.0	-1.0	inf	4.004913330078125	-1.0	-1.0	-1.0
109	2	1	4	1.6666666666666667	3.6666666666666665	1.6388977766036987	2.4038314819335938	2.0	2.6666666666666665	2.6666666666666665	-1.0	2.0	2.1646950244903564	2.2742533683776855	2.608325958251953	-1.0	2.8801519870758057
110	2	2	0	2.6666666666666665	2.0	2.608325958251953	2.8801519870758057	inf	inf	inf	3.0	inf	inf	inf	inf	2.9918599128723145	inf
111	2	2	1	2.6666666666666665	2.0	2.608325958251953	2.8801519870758057	inf	2.0	-1.0	-1.0	-1.0	inf	2.8610870838165283	-1.0	-1.0	-1.0
112	2	2	2	2.6666666666666665	2.0	2.608325958251953	2.8801519870758057	inf	11.0	5.0	10.666666666666666	-1.0	inf	23.956052780151367	8.47265911102295	21.367395401000977	-1.0
113	2	2	3	2.6666666666666665	2.0	2.608325958251953	2.8801519870758057	inf	3.6666666666666665	-1.0	-1.0	-1.0	inf	2.559030294418335	-1.0	-1.0	-1.0
114	2	2	4	2.6666666666666665	2.0	2.608325958251953	2.8801519870758057	3.3333333333333335	3.0	2.6666666666666665	-1.0	-1.0	2.37393856048584	2.5923638343811035	2.1603000164031982	-1.0	-1.0
115	2	3	0	3.0	2.6666666666666665	2.5923638343811035	2.2742533683776855	inf	-1.0	3.6666666666666665	3.6666666666666665	-1.0	inf	-1.0	2.3498733043670654	2.5579562187194824	-1.0
116	2	3	1	3.0	2.6666666666666665	2.5923638343811035	2.2742533683776855	inf	inf	inf	-1.0	-1.0	inf	inf	inf	-1.0	-1.0
117	2	3	2	3.0	2.6666666666666665	2.5923638343811035	2.2742533683776855	-1.0	-1.0	-1.0	-1.0	-1.0	-1.0	-1.0	-1.0	-1.0	-1.0
118	2	3	3	3.0	2.6666666666666665	2.5923638343811035	2.2742533683776855	inf	-1.0	-1.0	-1.0	5.0	inf	-1.0	-1.0	-1.0	5.705173969268799
119	2	3	4	3.0	2.6666666666666665	2.5923638343811035	2.2742533683776855	inf	2.3333333333333335	inf	inf	2.6666666666666665	inf	1.9555608034133911	inf	inf	2.4622724056243896
120	2	4	0	1.6666666666666667	3.3333333333333335	1.6388977766036987	2.516477346420288	2.6666666666666665	-1.0	11.333333333333334	-1.0	inf	2.081686496734619	-1.0	12.272913932800293	-1.0	inf
121	2	4	1	1.6666666666666667	3.3333333333333335	1.6388977766036987	2.516477346420288	inf	inf	-1.0	-1.0	-1.0	inf	inf	-1.0	-1.0	-1.0
122	2	4	2	1.6666666666666667	3.3333333333333335	1.6388977766036987	2.516477346420288	1.6666666666666667	-1.0	-1.0	-1.0	-1.0	6.321297645568848	-1.0	-1.0	-1.0	-1.0
123	2	4	3	1.6666666666666667	3.3333333333333335	1.6388977766036987	2.516477346420288	inf	inf	inf	inf	inf	inf	inf	inf	inf	inf
124	2	4	4	1.6666666666666667	3.3333333333333335	1.6388977766036987	2.516477346420288	2.6666666666666665	2.0	inf	2.0	-1.0	2.513260841369629	2.223841667175293	inf	5.465601921081543	-1.0
125	2	5	0	3.3333333333333335	2.0	2.516477346420288	2.1646950244903564	inf	-1.0	2.3333333333333335	-1.0	-1.0	inf	-1.0	4.3562116622924805	-1.0	-1.0
126	2	5	1	3.3333333333333335	2.0	2.516477346420288	2.1646950244903564	inf	inf	-1.0	-1.0	inf	inf	inf	-1.0	-1.0	inf
127	2	5	2	3.3333333333333335	2.0	2.516477346420288	2.1646950244903564	inf	19.666666666666668	inf	inf	inf	inf	13.714883804321289	inf	inf	inf
128	2	5	3	3.3333333333333335	2.0	2.516477346420288	2.1646950244903564	inf	-1.0	-1.0	-1.0	-1.0	inf	-1.0	-1.0	-1.0	-1.0
129	2	5	4	3.3333333333333335	2.0	2.516477346420288	2.1646950244903564	2.0	-1.0	-1.0	1.6666666666666667	2.6666666666666665	3.0998165607452393	-1.0	-1.0	6.321297645568848	3.2877681255340576
130	2	6	0	2.6666666666666665	3.0	2.608325958251953	2.5923638343811035	inf	inf	inf	inf	12.0	inf	inf	inf	inf	36.327632904052734
131	2	6	1	2.6666666666666665	3.0	2.608325958251953	2.5923638343811035	inf	inf	-1.0	inf	-1.0	inf	inf	-1.0	inf	-1.0
132	2	6	2	2.6666666666666665	3.0	2.608325958251953	2.5923638343811035	inf	inf	-1.0	inf	inf	inf	inf	-1.0	inf	inf
133	2	6	3	2.6666666666666665	3.0	2.608325958251953	2.5923638343811035	inf	inf	-1.0	-1.0	-1.0	inf	inf	-1.0	-1.0	-1.0
134	2	6	4	2.6666666666666665	3.0	2.608325958251953	2.5923638343811035	-1.0	inf	-1.0	-1.0	inf	-1.0	inf	-1.0	-1.0	inf
135	2	7	0	3.3333333333333335	2.6666666666666665	2.37393856048584	2.1603000164031982	inf	4.0	inf	inf	12.333333333333334	inf	3.5741403102874756	inf	inf	34.659969329833984
136	2	7	1	3.3333333333333335	2.6666666666666665	2.37393856048584	2.1603000164031982	inf	inf	-1.0	inf	inf	inf	inf	-1.0	inf	inf
137	2	7	2	3.3333333333333335	2.6666666666666665	2.37393856048584	2.1603000164031982	inf	-1.0	inf	inf	18.666666666666668	inf	-1.0	inf	inf	11.045184135437012
138	2	7	3	3.3333333333333335	2.6666666666666665	2.37393856048584	2.1603000164031982	inf	3.6666666666666665	-1.0	-1.0	-1.0	inf	2.8543288707733154	-1.0	-1.0	-1.0
139	2	7	4	3.3333333333333335	2.6666666666666665	2.37393856048584	2.1603000164031982	-1.0	-1.0	inf	2.0	-1.0	-1.0	-1.0	inf	4.99760627746582	-1.0
140	2	8	0	2.6666666666666665	1.6666666666666667	2.513260841369629	1.6388977766036987	inf	2.3333333333333335	-1.0	-1.0	-1.0	inf	3.830686569213867	-1.0	-1.0	-1.0
141	2	8	1	2.6666666666666665	1.6666666666666667	2.513260841369629	1.6388977766036987	inf	inf	inf	inf	-1.0	inf	inf	inf	inf	-1.0
142	2	8	2	2.6666666666666665	1.6666666666666667	2.513260841369629	1.6388977766036987	inf	inf	inf	inf	inf	inf	inf	inf	inf	inf
143	2	8	3	2.6666666666666665	1.6666666666666667	2.513260841369629	1.6388977766036987	-1.0	-1.0	-1.0	-1.0	-1.0	-1.0	-1.0	-1.0	-1.0	-1.0
144	2	8	4	2.6666666666666665	1.6666666666666667	2.513260841369629	1.6388977766036987	3.3333333333333335	inf	inf	-1.0	-1.0	2.7891974449157715	inf	inf	-1.0	-1.0
145	2	9	0	2.3333333333333335	3.3333333333333335	1.9555608034133911	2.516477346420288	2.6666666666666665	7.666666666666667	-1.0	-1.0	-1.0	3.8026580810546875	8.010494232177734	-1.0	-1.0	-1.0
146	2	9	1	2.3333333333333335	3.3333333333333335	1.9555608034133911	2.516477346420288	inf	inf	inf	inf		inf	inf	inf	inf	
147	2	9	2	2.3333333333333335	3.3333333333333335	1.9555608034133911	2.516477346420288	inf	inf	inf	inf		inf	inf	inf	inf	
148	2	9	3	2.3333333333333335	3.3333333333333335	1.9555608034133911	2.516477346420288	-1.0	-1.0	-1.0	-1.0	3.3333333333333335	-1.0	-1.0	-1.0	-1.0	2.4134950637817383
149	2	9	4	2.3333333333333335	3.3333333333333335	1.9555608034133911	2.516477346420288	-1.0	-1.0	-1.0	-1.0	-1.0	-1.0	-1.0	-1.0	-1.0	-1.0
