	reset_island_iter	improve_iter	island	program_1_hamming_score	program_2_hamming_score	program_1_neural_score	program_2_neural_score	output_program_1_hamming_score	output_program_2_hamming_score	output_program_3_hamming_score	output_program_4_hamming_score	output_program_5_hamming_score	output_program_1_neural_score	output_program_2_neural_score	output_program_3_neural_score	output_program_4_neural_score	output_program_5_neural_score
0	0	0	0	0.07	0.08	26.55754280090332	55.69126892089844	0.09666666666666668	0.19333333333333336	-1.0	-1.0	-1.0	36.08921813964844	12.0814790725708	-1.0	-1.0	-1.0
1	0	0	1	0.07	0.08	26.55754280090332	55.69126892089844	0.09666666666666668	-1.0	-1.0	-1.0	inf	36.08921813964844	-1.0	-1.0	-1.0	inf
2	0	0	2	0.07	0.08	26.55754280090332	55.69126892089844	inf	inf	0.09666666666666668	-1.0	-1.0	inf	inf	36.08921813964844	-1.0	-1.0
3	0	0	3	0.07	0.08	26.55754280090332	55.69126892089844	0.09666666666666668	-1.0	inf	0.12666666666666668	0.11	36.08921813964844	-1.0	inf	43.583709716796875	39.55727005004883
4	0	0	4	0.07	0.08	26.55754280090332	55.69126892089844	0.09666666666666668	inf	inf	0.05333333333333334	-1.0	36.08921813964844	inf	inf	16.303329467773438	-1.0
5	0	1	0	0.08	0.09666666666666668	55.69126892089844	36.08921813964844	-1.0	-1.0	0.14333333333333334	-1.0	-1.0	-1.0	-1.0	7.6319899559021	-1.0	-1.0
6	0	1	1	0.08	0.09666666666666668	55.69126892089844	36.08921813964844	0.19333333333333336	-1.0	0.16333333333333333	-1.0	-1.0	12.0814790725708	-1.0	8.517611503601074	-1.0	-1.0
7	0	1	2	0.08	0.09666666666666668	55.69126892089844	36.08921813964844	0.05333333333333334	inf	-1.0	inf	inf	16.303329467773438	inf	-1.0	inf	inf
8	0	1	3	0.08	0.09666666666666668	55.69126892089844	36.08921813964844	0.10666666666666667	-1.0	0.0	-1.0	-1.0	38.08820343017578	-1.0	140.16404724121094	-1.0	-1.0
9	0	1	4	0.08	0.09666666666666668	55.69126892089844	36.08921813964844	inf	inf	inf	-1.0	-1.0	inf	inf	inf	-1.0	-1.0
10	0	2	0	0.05333333333333334	0.08	16.303329467773438	55.69126892089844	0.043333333333333335	-1.0	-1.0	-1.0	0.12	12.81908893585205	-1.0	-1.0	-1.0	17.773366928100586
11	0	2	1	0.05333333333333334	0.08	16.303329467773438	55.69126892089844	-1.0	-1.0	-1.0	-1.0	inf	-1.0	-1.0	-1.0	-1.0	inf
12	0	2	2	0.05333333333333334	0.08	16.303329467773438	55.69126892089844	inf	inf	0.043333333333333335	0.14333333333333334	inf	inf	inf	12.81908893585205	7.6319899559021	inf
13	0	2	3	0.05333333333333334	0.08	16.303329467773438	55.69126892089844	-1.0	-1.0	inf	inf	inf	-1.0	-1.0	inf	inf	inf
14	0	2	4	0.05333333333333334	0.08	16.303329467773438	55.69126892089844	inf	0.15	-1.0	inf	inf	inf	12.086329460144043	-1.0	inf	inf
15	0	3	0	0.08	0.09666666666666668	55.69126892089844	36.08921813964844	-1.0	-1.0	-1.0	0.15333333333333332	-1.0	-1.0	-1.0	-1.0	25.89286231994629	-1.0
16	0	3	1	0.08	0.09666666666666668	55.69126892089844	36.08921813964844	-1.0	-1.0	0.23666666666666666	-1.0	-1.0	-1.0	-1.0	6.782373905181885	-1.0	-1.0
17	0	3	2	0.08	0.09666666666666668	55.69126892089844	36.08921813964844	inf	inf	inf	inf	inf	inf	inf	inf	inf	inf
18	0	3	3	0.08	0.09666666666666668	55.69126892089844	36.08921813964844	-1.0	0.21	-1.0	-1.0	-1.0	-1.0	11.151281356811523	-1.0	-1.0	-1.0
19	0	3	4	0.08	0.09666666666666668	55.69126892089844	36.08921813964844	inf	inf	-1.0	inf	-1.0	inf	inf	-1.0	inf	-1.0
20	0	4	0	0.09666666666666668	0.05333333333333334	36.08921813964844	16.303329467773438	0.10999999999999999	-1.0	inf	-1.0	-1.0	40.52214431762695	-1.0	inf	-1.0	-1.0
21	0	4	1	0.09666666666666668	0.05333333333333334	36.08921813964844	16.303329467773438	-1.0	inf	-1.0	0.05333333333333334	-1.0	-1.0	inf	-1.0	16.303329467773438	-1.0
22	0	4	2	0.09666666666666668	0.05333333333333334	36.08921813964844	16.303329467773438	inf	-1.0	-1.0	-1.0	-1.0	inf	-1.0	-1.0	-1.0	-1.0
23	0	4	3	0.09666666666666668	0.05333333333333334	36.08921813964844	16.303329467773438	0.14666666666666667	-1.0	0.21999999999999997	-1.0	-1.0	52.9765625	-1.0	10.120707511901855	-1.0	-1.0
24	0	4	4	0.09666666666666668	0.05333333333333334	36.08921813964844	16.303329467773438	-1.0	-1.0	inf	inf	inf	-1.0	-1.0	inf	inf	inf
25	0	5	0	0.05333333333333334	0.08	16.303329467773438	55.69126892089844	-1.0	0.05333333333333334	-1.0	inf	inf	-1.0	16.303329467773438	-1.0	inf	inf
26	0	5	1	0.05333333333333334	0.08	16.303329467773438	55.69126892089844	-1.0	-1.0	-1.0	-1.0	-1.0	-1.0	-1.0	-1.0	-1.0	-1.0
27	0	5	2	0.05333333333333334	0.08	16.303329467773438	55.69126892089844	inf	inf	-1.0	inf	-1.0	inf	inf	-1.0	inf	-1.0
28	0	5	3	0.05333333333333334	0.08	16.303329467773438	55.69126892089844	-1.0	inf	-1.0	inf	inf	-1.0	inf	-1.0	inf	inf
29	0	5	4	0.05333333333333334	0.08	16.303329467773438	55.69126892089844	inf	inf	inf	inf	inf	inf	inf	inf	inf	inf
30	0	6	0	0.05333333333333334	0.08	16.303329467773438	55.69126892089844	-1.0	0.21666666666666667	-1.0	0.14666666666666667	-1.0	-1.0	17.189762115478516	-1.0	52.9765625	-1.0
31	0	6	1	0.05333333333333334	0.08	16.303329467773438	55.69126892089844	-1.0	inf	inf	-1.0	-1.0	-1.0	inf	inf	-1.0	-1.0
32	0	6	2	0.05333333333333334	0.08	16.303329467773438	55.69126892089844	inf	0.13	inf	inf	0.13	inf	10.76378059387207	inf	inf	6.8605570793151855
33	0	6	3	0.05333333333333334	0.08	16.303329467773438	55.69126892089844	-1.0	inf	inf	inf	inf	-1.0	inf	inf	inf	inf
34	0	6	4	0.05333333333333334	0.08	16.303329467773438	55.69126892089844	inf	-1.0	-1.0	-1.0	-1.0	inf	-1.0	-1.0	-1.0	-1.0
35	0	7	0	0.05333333333333334	0.07	16.303329467773438	26.55754280090332	inf	0.45	-1.0	-1.0	-1.0	inf	26.157161712646484	-1.0	-1.0	-1.0
36	0	7	1	0.05333333333333334	0.07	16.303329467773438	26.55754280090332	0.16666666666666666	0.15	inf	0.14333333333333334	-1.0	6.397545337677002	6.477104187011719	inf	7.6319899559021	-1.0
37	0	7	2	0.05333333333333334	0.07	16.303329467773438	26.55754280090332	-1.0	-1.0	inf	-1.0	-1.0	-1.0	-1.0	inf	-1.0	-1.0
38	0	7	3	0.05333333333333334	0.07	16.303329467773438	26.55754280090332	-1.0	-1.0	0.13666666666666666	-1.0	-1.0	-1.0	-1.0	48.12479019165039	-1.0	-1.0
39	0	7	4	0.05333333333333334	0.07	16.303329467773438	26.55754280090332	0.45	inf	-1.0	inf	-1.0	26.157161712646484	inf	-1.0	inf	-1.0
40	0	8	0	0.45	0.15	26.157161712646484	12.086329460144043	-1.0	0.16	0.43	-1.0	-1.0	-1.0	29.5427303314209	26.92589569091797	-1.0	-1.0
41	0	8	1	0.45	0.15	26.157161712646484	12.086329460144043	-1.0	0.17666666666666667	-1.0	0.24333333333333332	0.17	-1.0	9.367570877075195	-1.0	7.0822672843933105	8.016432762145996
42	0	8	2	0.45	0.15	26.157161712646484	12.086329460144043	0.06666666666666667	-1.0	0.14666666666666667	-1.0	-1.0	18.046987533569336	-1.0	52.9765625	-1.0	-1.0
43	0	8	3	0.45	0.15	26.157161712646484	12.086329460144043	0.11666666666666665	0.19333333333333336	-1.0	-1.0	-1.0	40.78987503051758	8.60268497467041	-1.0	-1.0	-1.0
44	0	8	4	0.45	0.15	26.157161712646484	12.086329460144043	0.19333333333333336	0.19333333333333333	-1.0	0.24333333333333332	-1.0	8.60268497467041	10.177162170410156	-1.0	15.824419021606445	-1.0
45	0	9	0	0.05333333333333334	0.09666666666666668	16.303329467773438	36.08921813964844	0.3066666666666667	-1.0	-1.0	inf	inf	19.434894561767578	-1.0	-1.0	inf	inf
46	0	9	1	0.05333333333333334	0.09666666666666668	16.303329467773438	36.08921813964844	-1.0	-1.0	0.12666666666666668	-1.0	-1.0	-1.0	-1.0	12.089151382446289	-1.0	-1.0
47	0	9	2	0.05333333333333334	0.09666666666666668	16.303329467773438	36.08921813964844	0.14	0.25333333333333335	inf	inf	0.18666666666666668	26.816852569580078	18.914695739746094	inf	inf	14.210330963134766
48	0	9	3	0.05333333333333334	0.09666666666666668	16.303329467773438	36.08921813964844	-1.0	0.14333333333333334	0.15	0.35666666666666663	0.17333333333333334	-1.0	25.657777786254883	43.60868835449219	19.50271224975586	23.578744888305664
49	0	9	4	0.05333333333333334	0.09666666666666668	16.303329467773438	36.08921813964844	0.043333333333333335	inf	-1.0	-1.0	-1.0	12.81908893585205	inf	-1.0	-1.0	-1.0
50	1	0	0	0.043333333333333335	0.043333333333333335	12.81908893585205	12.81908893585205	0.13333333333333333	0.09666666666666668	-1.0	0.19333333333333336	0.3066666666666667	24.880746841430664	36.08921813964844	-1.0	12.0814790725708	19.434894561767578
51	1	0	1	0.043333333333333335	0.043333333333333335	12.81908893585205	12.81908893585205	inf	inf	0.10999999999999999	0.09666666666666668	inf	inf	inf	40.52214431762695	36.08921813964844	inf
52	1	0	2	0.043333333333333335	0.043333333333333335	12.81908893585205	12.81908893585205	0.09666666666666668	0.19333333333333336	-1.0	-1.0	0.11666666666666665	36.08921813964844	12.0814790725708	-1.0	-1.0	23.406415939331055
53	1	0	3	0.043333333333333335	0.043333333333333335	12.81908893585205	12.81908893585205	-1.0	-1.0	-1.0	-1.0	-1.0	-1.0	-1.0	-1.0	-1.0	-1.0
54	1	0	4	0.043333333333333335	0.043333333333333335	12.81908893585205	12.81908893585205	-1.0	0.09666666666666668	-1.0	inf	-1.0	-1.0	36.08921813964844	-1.0	inf	-1.0
55	1	1	0	0.043333333333333335	0.09666666666666668	12.81908893585205	36.08921813964844	-1.0	0.14333333333333334	-1.0	-1.0	-1.0	-1.0	7.6319899559021	-1.0	-1.0	-1.0
56	1	1	1	0.043333333333333335	0.09666666666666668	12.81908893585205	36.08921813964844	inf	inf	inf	0.21333333333333335	-1.0	inf	inf	inf	6.9609150886535645	-1.0
57	1	1	2	0.043333333333333335	0.09666666666666668	12.81908893585205	36.08921813964844	-1.0	-1.0	-1.0	0.16666666666666666	0.11333333333333334	-1.0	-1.0	-1.0	7.328480243682861	24.556001663208008
58	1	1	3	0.043333333333333335	0.09666666666666668	12.81908893585205	36.08921813964844	-1.0	0.2866666666666667	0.14333333333333334	-1.0	0.8533333333333334	-1.0	20.692533493041992	22.072555541992188	-1.0	52.015052795410156
59	1	1	4	0.043333333333333335	0.09666666666666668	12.81908893585205	36.08921813964844	0.15	0.19333333333333336	inf	inf	-1.0	6.477104187011719	12.0814790725708	inf	inf	-1.0
60	1	2	0	0.19333333333333336	0.043333333333333335	12.0814790725708	12.81908893585205	-1.0	0.19666666666666666	0.2866666666666667	-1.0	-1.0	-1.0	21.659337997436523	20.692533493041992	-1.0	-1.0
61	1	2	1	0.19333333333333336	0.043333333333333335	12.0814790725708	12.81908893585205	0.19333333333333336	-1.0	0.2066666666666667	0.19333333333333336	-1.0	6.8504638671875	-1.0	7.516815185546875	12.0814790725708	-1.0
62	1	2	2	0.19333333333333336	0.043333333333333335	12.0814790725708	12.81908893585205	inf	-1.0	inf	0.12666666666666668	inf	inf	-1.0	inf	13.1607027053833	inf
63	1	2	3	0.19333333333333336	0.043333333333333335	12.0814790725708	12.81908893585205	0.3066666666666667	-1.0	0.35666666666666663	-1.0	-1.0	19.434894561767578	-1.0	40.45125961303711	-1.0	-1.0
64	1	2	4	0.19333333333333336	0.043333333333333335	12.0814790725708	12.81908893585205	inf	0.16	inf	-1.0	-1.0	inf	13.117140769958496	inf	-1.0	-1.0
65	1	3	0	0.19333333333333336	0.16	12.0814790725708	13.117140769958496	-1.0	-1.0	inf	-1.0	-1.0	-1.0	-1.0	inf	-1.0	-1.0
66	1	3	1	0.19333333333333336	0.16	12.0814790725708	13.117140769958496	-1.0	-1.0	-1.0	-1.0	-1.0	-1.0	-1.0	-1.0	-1.0	-1.0
67	1	3	2	0.19333333333333336	0.16	12.0814790725708	13.117140769958496	inf	inf	inf	inf	inf	inf	inf	inf	inf	inf
68	1	3	3	0.19333333333333336	0.16	12.0814790725708	13.117140769958496	0.13	inf	-1.0	0.09666666666666668	-1.0	30.05305290222168	inf	-1.0	36.08921813964844	-1.0
69	1	3	4	0.19333333333333336	0.16	12.0814790725708	13.117140769958496	-1.0	-1.0	-1.0	-1.0	-1.0	-1.0	-1.0	-1.0	-1.0	-1.0
70	1	4	0	0.043333333333333335	0.19333333333333336	12.81908893585205	12.0814790725708	-1.0	-1.0	-1.0	-1.0	-1.0	-1.0	-1.0	-1.0	-1.0	-1.0
71	1	4	1	0.043333333333333335	0.19333333333333336	12.81908893585205	12.0814790725708	0.3066666666666667	-1.0	-1.0	-1.0	-1.0	19.434894561767578	-1.0	-1.0	-1.0	-1.0
72	1	4	2	0.043333333333333335	0.19333333333333336	12.81908893585205	12.0814790725708	inf	0.3233333333333333	0.7200000000000001	0.10333333333333333	0.5966666666666667	inf	20.22882843017578	30.2972354888916	10.483264923095703	26.608232498168945
73	1	4	3	0.043333333333333335	0.19333333333333336	12.81908893585205	12.0814790725708	0.13	inf	inf	-1.0	-1.0	30.315998077392578	inf	inf	-1.0	-1.0
74	1	4	4	0.043333333333333335	0.19333333333333336	12.81908893585205	12.0814790725708	-1.0	0.05333333333333334	-1.0	inf	-1.0	-1.0	16.303329467773438	-1.0	inf	-1.0
75	1	5	0	0.05333333333333334	0.15	16.303329467773438	6.477104187011719	-1.0	-1.0	-1.0	-1.0	-1.0	-1.0	-1.0	-1.0	-1.0	-1.0
76	1	5	1	0.05333333333333334	0.15	16.303329467773438	6.477104187011719	-1.0	-1.0	-1.0	0.1366666666666667	-1.0	-1.0	-1.0	-1.0	10.9719820022583	-1.0
77	1	5	2	0.05333333333333334	0.15	16.303329467773438	6.477104187011719	-1.0	-1.0	0.4633333333333333	-1.0	inf	-1.0	-1.0	21.979873657226562	-1.0	inf
78	1	5	3	0.05333333333333334	0.15	16.303329467773438	6.477104187011719	0.11666666666666665	-1.0	inf	-1.0	inf	27.622150421142578	-1.0	inf	-1.0	inf
79	1	5	4	0.05333333333333334	0.15	16.303329467773438	6.477104187011719	inf	-1.0	-1.0	-1.0	-1.0	inf	-1.0	-1.0	-1.0	-1.0
80	1	6	0	0.043333333333333335	0.15	12.81908893585205	6.477104187011719	-1.0	-1.0	-1.0	-1.0	-1.0	-1.0	-1.0	-1.0	-1.0	-1.0
81	1	6	1	0.043333333333333335	0.15	12.81908893585205	6.477104187011719	0.21666666666666667	0.14666666666666667	-1.0	-1.0	0.05333333333333334	6.833377361297607	52.9765625	-1.0	-1.0	16.303329467773438
82	1	6	2	0.043333333333333335	0.15	12.81908893585205	6.477104187011719	inf	-1.0	-1.0	0.43	-1.0	inf	-1.0	-1.0	19.184511184692383	-1.0
83	1	6	3	0.043333333333333335	0.15	12.81908893585205	6.477104187011719	-1.0	-1.0	-1.0	-1.0	-1.0	-1.0	-1.0	-1.0	-1.0	-1.0
84	1	6	4	0.043333333333333335	0.15	12.81908893585205	6.477104187011719	-1.0	-1.0	-1.0	0.14333333333333334	-1.0	-1.0	-1.0	-1.0	7.6319899559021	-1.0
85	1	7	0	0.16	0.043333333333333335	13.117140769958496	12.81908893585205	-1.0	-1.0	-1.0	0.22999999999999998	-1.0	-1.0	-1.0	-1.0	24.723377227783203	-1.0
86	1	7	1	0.16	0.043333333333333335	13.117140769958496	12.81908893585205	0.14333333333333334	0.2866666666666667	inf	0.0	0.0	7.6319899559021	20.692533493041992	inf	113.07100677490234	110.45319366455078
87	1	7	2	0.16	0.043333333333333335	13.117140769958496	12.81908893585205	-1.0	inf	-1.0	0.8533333333333334	-1.0	-1.0	inf	-1.0	52.015052795410156	-1.0
88	1	7	3	0.16	0.043333333333333335	13.117140769958496	12.81908893585205	-1.0	-1.0	inf	-1.0	-1.0	-1.0	-1.0	inf	-1.0	-1.0
89	1	7	4	0.16	0.043333333333333335	13.117140769958496	12.81908893585205	0.25333333333333335	-1.0	-1.0	0.20333333333333334	-1.0	18.914695739746094	-1.0	-1.0	16.6253662109375	-1.0
90	1	8	0	0.05333333333333334	0.043333333333333335	16.303329467773438	12.81908893585205	-1.0	-1.0	inf	-1.0	-1.0	-1.0	-1.0	inf	-1.0	-1.0
91	1	8	1	0.05333333333333334	0.043333333333333335	16.303329467773438	12.81908893585205	-1.0	0.16	-1.0	0.17	0.26	-1.0	8.08507251739502	-1.0	9.668538093566895	25.536256790161133
92	1	8	2	0.05333333333333334	0.043333333333333335	16.303329467773438	12.81908893585205	inf	-1.0	inf	inf	inf	inf	-1.0	inf	inf	inf
93	1	8	3	0.05333333333333334	0.043333333333333335	16.303329467773438	12.81908893585205	inf	inf	inf	-1.0	-1.0	inf	inf	inf	-1.0	-1.0
94	1	8	4	0.05333333333333334	0.043333333333333335	16.303329467773438	12.81908893585205	0.09000000000000001	0.13333333333333333	0.17333333333333334	0.19000000000000003	0.14666666666666667	8.964415550231934	8.896242141723633	23.00688934326172	9.112676620483398	27.86825942993164
95	1	9	0	0.13333333333333333	0.05333333333333334	8.896242141723633	16.303329467773438	-1.0	inf	-1.0	-1.0	-1.0	-1.0	inf	-1.0	-1.0	-1.0
96	1	9	1	0.13333333333333333	0.05333333333333334	8.896242141723633	16.303329467773438	-1.0	-1.0	-1.0	-1.0	-1.0	-1.0	-1.0	-1.0	-1.0	-1.0
97	1	9	2	0.13333333333333333	0.05333333333333334	8.896242141723633	16.303329467773438	-1.0	-1.0	-1.0	-1.0	-1.0	-1.0	-1.0	-1.0	-1.0	-1.0
98	1	9	3	0.13333333333333333	0.05333333333333334	8.896242141723633	16.303329467773438	-1.0	-1.0	-1.0	-1.0	-1.0	-1.0	-1.0	-1.0	-1.0	-1.0
99	1	9	4	0.13333333333333333	0.05333333333333334	8.896242141723633	16.303329467773438	0.2866666666666667	-1.0	0.18666666666666665	-1.0	-1.0	20.692533493041992	-1.0	15.345381736755371	-1.0	-1.0
100	2	0	0	0.022222222222222223	0.0	68.60757446289062	113.07100677490234	0.06666666666666667	0.043333333333333335	-1.0	-1.0	-1.0	18.046987533569336	12.819087982177734	-1.0	-1.0	-1.0
101	2	0	1	0.022222222222222223	0.0	68.60757446289062	113.07100677490234	inf	0.04	0.043333333333333335	0.04666666666666666	-1.0	inf	9.704025268554688	12.819087982177734	10.250415802001953	-1.0
102	2	0	2	0.022222222222222223	0.0	68.60757446289062	113.07100677490234	0.09000000000000001	-1.0	-1.0	0.05333333333333334	0.08	4.997469902038574	-1.0	-1.0	10.476085662841797	8.926907539367676
103	2	0	3	0.022222222222222223	0.0	68.60757446289062	113.07100677490234	0.05333333333333334	0.08	0.14666666666666667	-1.0	inf	15.460290908813477	23.694772720336914	52.9765625	-1.0	inf
104	2	0	4	0.022222222222222223	0.0	68.60757446289062	113.07100677490234	0.0	0.2866666666666667	-1.0	-1.0	0.4266666666666667	114.48149871826172	20.692533493041992	-1.0	-1.0	25.067968368530273
105	2	1	0	0.4266666666666667	0.2866666666666667	25.067968368530273	20.692533493041992	-1.0	-1.0	0.04	-1.0	inf	-1.0	-1.0	6.220188140869141	-1.0	inf
106	2	1	1	0.4266666666666667	0.2866666666666667	25.067968368530273	20.692533493041992	inf	-1.0	-1.0	0.07666666666666667	-1.0	inf	-1.0	-1.0	9.27072811126709	-1.0
107	2	1	2	0.4266666666666667	0.2866666666666667	25.067968368530273	20.692533493041992	0.10000000000000002	-1.0	0.11333333333333334	0.10000000000000002	0.19666666666666668	13.412787437438965	-1.0	14.686455726623535	6.180567264556885	9.751866340637207
108	2	1	3	0.4266666666666667	0.2866666666666667	25.067968368530273	20.692533493041992	0.2966666666666667	0.5266666666666667	0.07666666666666667	0.8533333333333334	inf	10.627739906311035	18.633668899536133	7.73723840713501	52.01504898071289	inf
109	2	1	4	0.4266666666666667	0.2866666666666667	25.067968368530273	20.692533493041992	0.043333333333333335	-1.0	-1.0	0.11666666666666668	-1.0	12.819087982177734	-1.0	-1.0	8.850893020629883	-1.0
110	2	2	0	0.0	0.043333333333333335	114.48149871826172	12.819087982177734	0.14666666666666667	0.12333333333333334	-1.0	-1.0	-1.0	52.9765625	43.28851318359375	-1.0	-1.0	-1.0
111	2	2	1	0.0	0.043333333333333335	114.48149871826172	12.819087982177734	inf	-1.0	0.47666666666666674	-1.0	-1.0	inf	-1.0	16.623260498046875	-1.0	-1.0
112	2	2	2	0.0	0.043333333333333335	114.48149871826172	12.819087982177734	0.33666666666666667	-1.0	-1.0	0.12666666666666668	0.12	7.203230381011963	-1.0	-1.0	11.569819450378418	11.198593139648438
113	2	2	3	0.0	0.043333333333333335	114.48149871826172	12.819087982177734	0.5866666666666666	0.043333333333333335	-1.0	-1.0	-1.0	20.370405197143555	12.819087982177734	-1.0	-1.0	-1.0
114	2	2	4	0.0	0.043333333333333335	114.48149871826172	12.819087982177734	-1.0	-1.0	0.42333333333333334	0.14666666666666667	-1.0	-1.0	-1.0	9.80615520477295	52.9765625	-1.0
115	2	3	0	0.043333333333333335	0.022222222222222223	12.819087982177734	68.60757446289062	-1.0	-1.0	-1.0	-1.0	-1.0	-1.0	-1.0	-1.0	-1.0	-1.0
116	2	3	1	0.043333333333333335	0.022222222222222223	12.819087982177734	68.60757446289062	0.04666666666666667	0.07666666666666667	-1.0	0.14	0.08666666666666667	11.40200424194336	9.127580642700195	-1.0	10.183574676513672	9.757290840148926
117	2	3	2	0.043333333333333335	0.022222222222222223	12.819087982177734	68.60757446289062	0.043333333333333335	-1.0	-1.0	-1.0	-1.0	12.819087982177734	-1.0	-1.0	-1.0	-1.0
118	2	3	3	0.043333333333333335	0.022222222222222223	12.819087982177734	68.60757446289062	-1.0	inf	0.18666666666666665	0.2733333333333334	inf	-1.0	inf	9.993938446044922	12.059928894042969	inf
119	2	3	4	0.043333333333333335	0.022222222222222223	12.819087982177734	68.60757446289062	-1.0	-1.0	-1.0	-1.0	-1.0	-1.0	-1.0	-1.0	-1.0	-1.0
120	2	4	0	0.2866666666666667	0.14666666666666667	20.692533493041992	52.9765625	-1.0	-1.0	-1.0	-1.0	-1.0	-1.0	-1.0	-1.0	-1.0	-1.0
121	2	4	1	0.2866666666666667	0.14666666666666667	20.692533493041992	52.9765625	-1.0	-1.0	-1.0	-1.0	-1.0	-1.0	-1.0	-1.0	-1.0	-1.0
122	2	4	2	0.2866666666666667	0.14666666666666667	20.692533493041992	52.9765625	-1.0	-1.0	0.17666666666666667	-1.0	-1.0	-1.0	-1.0	7.069782733917236	-1.0	-1.0
123	2	4	3	0.2866666666666667	0.14666666666666667	20.692533493041992	52.9765625	inf	-1.0	-1.0	-1.0	-1.0	inf	-1.0	-1.0	-1.0	-1.0
124	2	4	4	0.2866666666666667	0.14666666666666667	20.692533493041992	52.9765625	0.5866666666666666	0.27999999999999997	-1.0	-1.0	0.17666666666666667	20.370405197143555	9.872520446777344	-1.0	-1.0	22.442277908325195
125	2	5	0	0.0	0.14666666666666667	113.07100677490234	52.9765625	0.15000000000000002	-1.0	-1.0	0.07333333333333333	0.08	7.073634624481201	-1.0	-1.0	7.63498592376709	6.9392619132995605
126	2	5	1	0.0	0.14666666666666667	113.07100677490234	52.9765625	-1.0	0.09333333333333334	-1.0	-1.0	-1.0	-1.0	5.9700164794921875	-1.0	-1.0	-1.0
127	2	5	2	0.0	0.14666666666666667	113.07100677490234	52.9765625	inf	-1.0	-1.0	-1.0	-1.0	inf	-1.0	-1.0	-1.0	-1.0
128	2	5	3	0.0	0.14666666666666667	113.07100677490234	52.9765625	inf	-1.0	-1.0	-1.0	-1.0	inf	-1.0	-1.0	-1.0	-1.0
129	2	5	4	0.0	0.14666666666666667	113.07100677490234	52.9765625	inf	-1.0	-1.0	-1.0	-1.0	inf	-1.0	-1.0	-1.0	-1.0
130	2	6	0	0.0	0.2866666666666667	113.07100677490234	20.692533493041992	0.14	0.14666666666666667	inf	0.33666666666666667	0.26666666666666666	25.58067512512207	16.86176109313965	inf	7.203230381011963	20.07135009765625
131	2	6	1	0.0	0.2866666666666667	113.07100677490234	20.692533493041992	0.25666666666666665	0.11333333333333334	0.1366666666666667	0.10333333333333333	0.16	21.51188087463379	10.24824333190918	7.964537620544434	9.510744094848633	12.434953689575195
132	2	6	2	0.0	0.2866666666666667	113.07100677490234	20.692533493041992	-1.0	-1.0	-1.0	-1.0	inf	-1.0	-1.0	-1.0	-1.0	inf
133	2	6	3	0.0	0.2866666666666667	113.07100677490234	20.692533493041992	0.22333333333333336	-1.0	inf	0.21000000000000005	0.32	12.23841381072998	-1.0	inf	14.910876274108887	15.309685707092285
134	2	6	4	0.0	0.2866666666666667	113.07100677490234	20.692533493041992	0.0	-1.0	inf	0.18666666666666665	-1.0	112.90181732177734	-1.0	inf	15.345381736755371	-1.0
135	2	7	0	0.5866666666666666	0.022222222222222223	20.370405197143555	68.60757446289062	inf	inf	-1.0	-1.0	inf	inf	inf	-1.0	-1.0	inf
136	2	7	1	0.5866666666666666	0.022222222222222223	20.370405197143555	68.60757446289062	-1.0	0.03333333333333333	-1.0	0.06333333333333334	-1.0	-1.0	7.880328178405762	-1.0	12.100021362304688	-1.0
137	2	7	2	0.5866666666666666	0.022222222222222223	20.370405197143555	68.60757446289062	inf	-1.0	-1.0	inf	inf	inf	-1.0	-1.0	inf	inf
138	2	7	3	0.5866666666666666	0.022222222222222223	20.370405197143555	68.60757446289062	inf	0.43999999999999995	0.10333333333333333	inf	0.8966666666666666	inf	21.349849700927734	10.62402057647705	inf	75.41259002685547
139	2	7	4	0.5866666666666666	0.022222222222222223	20.370405197143555	68.60757446289062	-1.0	inf	-1.0	-1.0	-1.0	-1.0	inf	-1.0	-1.0	-1.0
140	2	8	0	0.022222222222222223	0.5866666666666666	68.60757446289062	20.370405197143555	0.07	0.05333333333333334	inf	-1.0	inf	4.088283061981201	2.953648805618286	inf	-1.0	inf
141	2	8	1	0.022222222222222223	0.5866666666666666	68.60757446289062	20.370405197143555	-1.0	-1.0	0.5866666666666666	-1.0	-1.0	-1.0	-1.0	20.370405197143555	-1.0	-1.0
142	2	8	2	0.022222222222222223	0.5866666666666666	68.60757446289062	20.370405197143555	inf	-1.0	-1.0	-1.0	-1.0	inf	-1.0	-1.0	-1.0	-1.0
143	2	8	3	0.022222222222222223	0.5866666666666666	68.60757446289062	20.370405197143555	inf	0.33	0.33666666666666667	0.06333333333333334	-1.0	inf	7.189785957336426	7.203230381011963	5.585591793060303	-1.0
144	2	8	4	0.022222222222222223	0.5866666666666666	68.60757446289062	20.370405197143555	-1.0	0.33666666666666667	-1.0	inf	0.06666666666666667	-1.0	7.203230381011963	-1.0	inf	18.046987533569336
145	2	9	0	0.043333333333333335	0.14666666666666667	12.819087982177734	52.9765625	-1.0	inf	-1.0	0.07333333333333335	inf	-1.0	inf	-1.0	6.070645332336426	inf
146	2	9	1	0.043333333333333335	0.14666666666666667	12.819087982177734	52.9765625	0.17666666666666667	0.10999999999999999	-1.0	0.12	0.29	21.502771377563477	39.52955627441406	-1.0	12.611228942871094	7.551389217376709
147	2	9	2	0.043333333333333335	0.14666666666666667	12.819087982177734	52.9765625	inf	inf	inf	-1.0	-1.0	inf	inf	inf	-1.0	-1.0
148	2	9	3	0.043333333333333335	0.14666666666666667	12.819087982177734	52.9765625	-1.0	-1.0	-1.0	-1.0	-1.0	-1.0	-1.0	-1.0	-1.0	-1.0
149	2	9	4	0.043333333333333335	0.14666666666666667	12.819087982177734	52.9765625	-1.0	0.10000000000000002	-1.0	-1.0	-1.0	-1.0	13.412787437438965	-1.0	-1.0	-1.0
