	reset_island_iter	improve_iter	island	program_1_hamming_score	program_2_hamming_score	program_1_neural_score	program_2_neural_score	output_program_1_hamming_score	output_program_2_hamming_score	output_program_3_hamming_score	output_program_4_hamming_score	output_program_5_hamming_score	output_program_1_neural_score	output_program_2_neural_score	output_program_3_neural_score	output_program_4_neural_score	output_program_5_neural_score
0	0	0	0	14.0	14.0	42.522621154785156	42.522621154785156	15.75	15.75	-1.0	-1.0	-1.0	42.911380767822266	42.591312408447266	-1.0	-1.0	-1.0
1	0	0	1	14.0	14.0	42.522621154785156	42.522621154785156	inf	inf	inf	inf	inf	inf	inf	inf	inf	inf
2	0	0	2	14.0	14.0	42.522621154785156	42.522621154785156	8.0	-1.0	-1.0	-1.0	-1.0	3.3288516998291016	-1.0	-1.0	-1.0	-1.0
3	0	0	3	14.0	14.0	42.522621154785156	42.522621154785156	-1.0	8.0	inf			-1.0	3.3288516998291016	inf		
4	0	0	4	14.0	14.0	42.522621154785156	42.522621154785156	inf	inf	inf	-1.0	inf	inf	inf	inf	-1.0	inf
5	0	1	0	14.0	14.0	42.522621154785156	42.522621154785156	8.5	11.5	22.0	12.75	8.75	4.728765964508057	13.07402229309082	6.337860107421875	25.9437255859375	7.86775016784668
6	0	1	1	14.0	14.0	42.522621154785156	42.522621154785156	inf	inf	inf	inf	12.5	inf	inf	inf	inf	28.031164169311523
7	0	1	2	14.0	14.0	42.522621154785156	42.522621154785156	inf	inf	inf	86.0	66.75	inf	inf	inf	14.196419715881348	13.130059242248535
8	0	1	3	14.0	14.0	42.522621154785156	42.522621154785156	inf	-1.0	-1.0	12.5	113.25	inf	-1.0	-1.0	13.476459503173828	56.54256057739258
9	0	1	4	14.0	14.0	42.522621154785156	42.522621154785156	inf	inf	inf	inf	inf	inf	inf	inf	inf	inf
10	0	2	0	14.0	14.0	42.522621154785156	42.522621154785156	8.0	-1.0	-1.0	-1.0	-1.0	3.3288516998291016	-1.0	-1.0	-1.0	-1.0
11	0	2	1	14.0	14.0	42.522621154785156	42.522621154785156	inf	inf	inf			inf	inf	inf		
12	0	2	2	14.0	14.0	42.522621154785156	42.522621154785156	71.25	21.75	112.0	70.5	31.25	8.752645492553711	16.182390213012695	51.92474365234375	8.11744499206543	12.943016052246094
13	0	2	3	14.0	14.0	42.522621154785156	42.522621154785156	inf	inf	inf	110.25	-1.0	inf	inf	inf	55.1330680847168	-1.0
14	0	2	4	14.0	14.0	42.522621154785156	42.522621154785156	inf	inf	inf	inf	inf	inf	inf	inf	inf	inf
15	0	3	0	14.0	14.0	42.522621154785156	42.522621154785156	10.0	-1.0	114.0	10.0	-1.0	3.0434868335723877	-1.0	41.6281623840332	11.929680824279785	-1.0
16	0	3	1	14.0	14.0	42.522621154785156	42.522621154785156	11.5	inf	inf	inf	-1.0	14.110212326049805	inf	inf	inf	-1.0
17	0	3	2	14.0	14.0	42.522621154785156	42.522621154785156	11.75	-1.0	-1.0	-1.0	-1.0	2.6977198123931885	-1.0	-1.0	-1.0	-1.0
18	0	3	3	14.0	14.0	42.522621154785156	42.522621154785156	inf	inf	inf	inf	inf	inf	inf	inf	inf	inf
19	0	3	4	14.0	14.0	42.522621154785156	42.522621154785156	inf	inf	inf	inf	inf	inf	inf	inf	inf	inf
20	0	4	0	14.0	14.0	42.522621154785156	42.522621154785156	12.0	15.25	inf	15.0	-1.0	14.200399398803711	34.26132583618164	inf	38.42235565185547	-1.0
21	0	4	1	14.0	14.0	42.522621154785156	42.522621154785156	inf	inf	12.0	-1.0	inf	inf	inf	18.6867733001709	-1.0	inf
22	0	4	2	14.0	14.0	42.522621154785156	42.522621154785156	inf	8.25	inf	10.5	inf	inf	2.365659713745117	inf	11.693309783935547	inf
23	0	4	3	14.0	14.0	42.522621154785156	42.522621154785156	inf	inf	inf	inf	inf	inf	inf	inf	inf	inf
24	0	4	4	14.0	14.0	42.522621154785156	42.522621154785156	inf	inf	inf	inf	inf	inf	inf	inf	inf	inf
25	0	5	0	14.0	14.0	42.522621154785156	42.522621154785156	inf	inf	inf	inf	inf	inf	inf	inf	inf	inf
26	0	5	1	14.0	14.0	42.522621154785156	42.522621154785156	15.75	inf	inf	inf	-1.0	42.591312408447266	inf	inf	inf	-1.0
27	0	5	2	14.0	14.0	42.522621154785156	42.522621154785156	-1.0	-1.0	inf	inf	-1.0	-1.0	-1.0	inf	inf	-1.0
28	0	5	3	14.0	14.0	42.522621154785156	42.522621154785156	inf	inf	inf	inf	inf	inf	inf	inf	inf	inf
29	0	5	4	14.0	14.0	42.522621154785156	42.522621154785156	inf	inf	inf	inf	inf	inf	inf	inf	inf	inf
30	0	6	0	14.0	14.0	42.522621154785156	42.522621154785156	inf	inf	inf	inf	inf	inf	inf	inf	inf	inf
31	0	6	1	14.0	14.0	42.522621154785156	42.522621154785156	15.75	inf	11.0	inf	inf	42.587852478027344	inf	12.945175170898438	inf	inf
32	0	6	2	14.0	14.0	42.522621154785156	42.522621154785156	inf	inf	-1.0	inf	-1.0	inf	inf	-1.0	inf	-1.0
33	0	6	3	14.0	14.0	42.522621154785156	42.522621154785156	inf	inf	inf	inf	inf	inf	inf	inf	inf	inf
34	0	6	4	14.0	14.0	42.522621154785156	42.522621154785156	inf	inf	inf	inf	inf	inf	inf	inf	inf	inf
35	0	7	0	14.0	14.0	42.522621154785156	42.522621154785156	inf	inf	inf	inf	inf	inf	inf	inf	inf	inf
36	0	7	1	14.0	14.0	42.522621154785156	42.522621154785156	inf	inf	inf	inf	inf	inf	inf	inf	inf	inf
37	0	7	2	14.0	14.0	42.522621154785156	42.522621154785156	inf	10.5	8.75	-1.0	9.75	inf	6.324992656707764	2.3142473697662354	-1.0	4.456892490386963
38	0	7	3	14.0	14.0	42.522621154785156	42.522621154785156	inf	inf	inf	inf	inf	inf	inf	inf	inf	inf
39	0	7	4	14.0	14.0	42.522621154785156	42.522621154785156	11.0	inf	10.5	-1.0	15.75	14.609475135803223	inf	14.81717586517334	-1.0	40.79853820800781
40	0	8	0	11.0	10.5	14.609475135803223	14.81717586517334	inf	inf	inf	inf	inf	inf	inf	inf	inf	inf
41	0	8	1	11.0	10.5	14.609475135803223	14.81717586517334	-1.0	-1.0	-1.0	-1.0	-1.0	-1.0	-1.0	-1.0	-1.0	-1.0
42	0	8	2	11.0	10.5	14.609475135803223	14.81717586517334	inf	inf	12.25	inf	-1.0	inf	inf	10.463383674621582	inf	-1.0
43	0	8	3	11.0	10.5	14.609475135803223	14.81717586517334	inf	inf	inf	inf	113.75	inf	inf	inf	inf	47.12252426147461
44	0	8	4	11.0	10.5	14.609475135803223	14.81717586517334	inf	inf	11.0	inf	inf	inf	inf	14.768901824951172	inf	inf
45	0	9	0	10.5	11.0	14.81717586517334	14.609475135803223	inf	129.75	472.0	inf	inf	inf	22.281728744506836	25.0476131439209	inf	inf
46	0	9	1	10.5	11.0	14.81717586517334	14.609475135803223	11.75	11.75	9.0	inf	13.75	2.8226258754730225	11.057372093200684	12.588458061218262	inf	19.782316207885742
47	0	9	2	10.5	11.0	14.81717586517334	14.609475135803223	inf	-1.0	inf	inf	-1.0	inf	-1.0	inf	inf	-1.0
48	0	9	3	10.5	11.0	14.81717586517334	14.609475135803223	inf	inf	110.25	inf	inf	inf	inf	46.59588623046875	inf	inf
49	0	9	4	10.5	11.0	14.81717586517334	14.609475135803223	11.5	11.5	10.0	inf	11.0	14.342645645141602	12.980687141418457	22.77696418762207	inf	13.11077880859375
50	1	0	0	10.0	9.75	22.77696418762207	4.456892490386963	10.0	10.0	10.0	14.0	inf	3.0434868335723877	11.040352821350098	3.4805009365081787	42.522621154785156	inf
51	1	0	1	10.0	9.75	22.77696418762207	4.456892490386963	-1.0	-1.0	-1.0	-1.0	-1.0	-1.0	-1.0	-1.0	-1.0	-1.0
52	1	0	2	10.0	9.75	22.77696418762207	4.456892490386963	7.25	13.25	8.0	inf	inf	6.1023478507995605	10.933199882507324	3.3288516998291016	inf	inf
53	1	0	3	10.0	9.75	22.77696418762207	4.456892490386963	9.75	-1.0	-1.0	-1.0	-1.0	2.64585280418396	-1.0	-1.0	-1.0	-1.0
54	1	0	4	10.0	9.75	22.77696418762207	4.456892490386963	inf	inf	inf	inf	inf	inf	inf	inf	inf	inf
55	1	1	0	10.0	9.75	22.77696418762207	4.456892490386963	inf	inf	11.5	inf	inf	inf	inf	12.881255149841309	inf	inf
56	1	1	1	10.0	9.75	22.77696418762207	4.456892490386963	-1.0	-1.0	-1.0	11.0	112.0	-1.0	-1.0	-1.0	13.554914474487305	51.92474365234375
57	1	1	2	10.0	9.75	22.77696418762207	4.456892490386963	inf	inf	inf	inf	inf	inf	inf	inf	inf	inf
58	1	1	3	10.0	9.75	22.77696418762207	4.456892490386963	12.25	-1.0	9.25	-1.0	12.25	6.617398262023926	-1.0	5.429876327514648	-1.0	3.4161858558654785
59	1	1	4	10.0	9.75	22.77696418762207	4.456892490386963	7.0	inf	inf	inf	inf	2.2465689182281494	inf	inf	inf	inf
60	1	2	0	7.0	10.0	2.2465689182281494	22.77696418762207	inf	inf	10.0	inf	inf	inf	inf	11.929680824279785	inf	inf
61	1	2	1	7.0	10.0	2.2465689182281494	22.77696418762207	-1.0	-1.0	-1.0	-1.0	-1.0	-1.0	-1.0	-1.0	-1.0	-1.0
62	1	2	2	7.0	10.0	2.2465689182281494	22.77696418762207	inf	inf	inf	inf	inf	inf	inf	inf	inf	inf
63	1	2	3	7.0	10.0	2.2465689182281494	22.77696418762207	-1.0	15.75	-1.0	-1.0	8.0	-1.0	42.591312408447266	-1.0	-1.0	3.3288516998291016
64	1	2	4	7.0	10.0	2.2465689182281494	22.77696418762207	inf	4.0	3.5	inf	44.5	inf	2.71579909324646	2.8775014877319336	inf	15.926097869873047
65	1	3	0	3.5	4.0	2.8775014877319336	2.71579909324646	inf	inf	inf	inf	inf	inf	inf	inf	inf	inf
66	1	3	1	3.5	4.0	2.8775014877319336	2.71579909324646	10.0	9.75	-1.0	-1.0	9.5	3.0434868335723877	2.64585280418396	-1.0	-1.0	7.520260334014893
67	1	3	2	3.5	4.0	2.8775014877319336	2.71579909324646	12.0	-1.0	inf	inf	-1.0	11.80176830291748	-1.0	inf	inf	-1.0
68	1	3	3	3.5	4.0	2.8775014877319336	2.71579909324646	9.0	-1.0	inf	-1.0	15.75	11.728835105895996	-1.0	inf	-1.0	42.911380767822266
69	1	3	4	3.5	4.0	2.8775014877319336	2.71579909324646	inf	inf	inf	inf	inf	inf	inf	inf	inf	inf
70	1	4	0	4.0	3.5	2.71579909324646	2.8775014877319336	inf	inf	inf	inf	inf	inf	inf	inf	inf	inf
71	1	4	1	4.0	3.5	2.71579909324646	2.8775014877319336	12.0	13.75	12.0	-1.0	-1.0	11.534533500671387	14.07382869720459	11.194562911987305	-1.0	-1.0
72	1	4	2	4.0	3.5	2.71579909324646	2.8775014877319336	inf	-1.0	-1.0	inf	inf	inf	-1.0	-1.0	inf	inf
73	1	4	3	4.0	3.5	2.71579909324646	2.8775014877319336	9.75	-1.0	-1.0	15.25	13.5	3.047529458999634	-1.0	-1.0	33.741790771484375	33.428829193115234
74	1	4	4	4.0	3.5	2.71579909324646	2.8775014877319336	inf	inf	6.0	inf	inf	inf	inf	3.6632351875305176	inf	inf
75	1	5	0	3.5	4.0	2.8775014877319336	2.71579909324646	inf	inf	inf	inf	inf	inf	inf	inf	inf	inf
76	1	5	1	3.5	4.0	2.8775014877319336	2.71579909324646	11.0	19.25	-1.0	-1.0	-1.0	5.802247047424316	15.436934471130371	-1.0	-1.0	-1.0
77	1	5	2	3.5	4.0	2.8775014877319336	2.71579909324646	10.5	-1.0	-1.0	inf	-1.0	6.950141906738281	-1.0	-1.0	inf	-1.0
78	1	5	3	3.5	4.0	2.8775014877319336	2.71579909324646	-1.0	-1.0	14.5	-1.0	-1.0	-1.0	-1.0	42.47169494628906	-1.0	-1.0
79	1	5	4	3.5	4.0	2.8775014877319336	2.71579909324646	inf	inf	inf	inf	inf	inf	inf	inf	inf	inf
80	1	6	0	4.0	3.5	2.71579909324646	2.8775014877319336	inf	inf	-1.0	inf	inf	inf	inf	-1.0	inf	inf
81	1	6	1	4.0	3.5	2.71579909324646	2.8775014877319336	-1.0	13.0	7.75	-1.0	-1.0	-1.0	33.21581268310547	2.213597059249878	-1.0	-1.0
82	1	6	2	4.0	3.5	2.71579909324646	2.8775014877319336	inf	inf	inf	inf	13.0	inf	inf	inf	inf	11.094588279724121
83	1	6	3	4.0	3.5	2.71579909324646	2.8775014877319336	-1.0	11.75	inf	-1.0	-1.0	-1.0	2.8226258754730225	inf	-1.0	-1.0
84	1	6	4	4.0	3.5	2.71579909324646	2.8775014877319336	inf	inf	-1.0	inf	inf	inf	inf	-1.0	inf	inf
85	1	7	0	3.5	4.0	2.8775014877319336	2.71579909324646	inf	inf	inf	inf	inf	inf	inf	inf	inf	inf
86	1	7	1	3.5	4.0	2.8775014877319336	2.71579909324646	-1.0	8.25	inf	-1.0	-1.0	-1.0	4.020399570465088	inf	-1.0	-1.0
87	1	7	2	3.5	4.0	2.8775014877319336	2.71579909324646	inf	inf	inf	inf	inf	inf	inf	inf	inf	inf
88	1	7	3	3.5	4.0	2.8775014877319336	2.71579909324646	15.25	-1.0	-1.0	-1.0	-1.0	33.15217971801758	-1.0	-1.0	-1.0	-1.0
89	1	7	4	3.5	4.0	2.8775014877319336	2.71579909324646	-1.0	inf	inf	inf	-1.0	-1.0	inf	inf	inf	-1.0
90	1	8	0	3.5	4.0	2.8775014877319336	2.71579909324646	inf	inf	inf	inf	inf	inf	inf	inf	inf	inf
91	1	8	1	3.5	4.0	2.8775014877319336	2.71579909324646	9.75	-1.0	-1.0	18.0	-1.0	2.8129913806915283	-1.0	-1.0	18.415342330932617	-1.0
92	1	8	2	3.5	4.0	2.8775014877319336	2.71579909324646	inf	inf	inf	inf	inf	inf	inf	inf	inf	inf
93	1	8	3	3.5	4.0	2.8775014877319336	2.71579909324646	10.0	15.0	14.0	-1.0	-1.0	3.4805009365081787	34.73098373413086	42.522621154785156	-1.0	-1.0
94	1	8	4	3.5	4.0	2.8775014877319336	2.71579909324646	inf	inf	inf	6.5	4.0	inf	inf	inf	3.4085466861724854	2.590747594833374
95	1	9	0	4.0	4.0	2.71579909324646	2.590747594833374	inf	inf	inf	inf	inf	inf	inf	inf	inf	inf
96	1	9	1	4.0	4.0	2.71579909324646	2.590747594833374	-1.0	-1.0	-1.0	-1.0	-1.0	-1.0	-1.0	-1.0	-1.0	-1.0
97	1	9	2	4.0	4.0	2.71579909324646	2.590747594833374	inf	inf	inf	inf	inf	inf	inf	inf	inf	inf
98	1	9	3	4.0	4.0	2.71579909324646	2.590747594833374	-1.0	9.25	11.0	9.25	inf	-1.0	3.2105228900909424	3.256986379623413	3.3607938289642334	inf
99	1	9	4	4.0	4.0	2.71579909324646	2.590747594833374	9.0	inf	inf	-1.0	inf	4.751217365264893	inf	inf	-1.0	inf
100	2	0	0	8.0	8.0	3.3288519382476807	3.3288519382476807	inf	4.5	inf	inf	4.5	inf	2.6651041507720947	inf	inf	2.5266082286834717
101	2	0	1	8.0	8.0	3.3288519382476807	3.3288519382476807	114.25	96.5	8.5	17.25	-1.0	4.754075527191162	10.816576957702637	2.2237510681152344	11.026077270507812	-1.0
102	2	0	2	8.0	8.0	3.3288519382476807	3.3288519382476807	-1.0	inf	-1.0	inf	7.25	-1.0	inf	-1.0	inf	5.342940330505371
103	2	0	3	8.0	8.0	3.3288519382476807	3.3288519382476807	3.5	inf	inf	inf	inf	2.5617542266845703	inf	inf	inf	inf
104	2	0	4	8.0	8.0	3.3288519382476807	3.3288519382476807	inf	9.75	inf	21.5	inf	inf	3.04753041267395	inf	15.34409236907959	inf
105	2	1	0	8.0	8.0	3.3288519382476807	3.3288519382476807	9.0	inf	5.0	-1.0	inf	2.504899263381958	inf	2.415762186050415	-1.0	inf
106	2	1	1	8.0	8.0	3.3288519382476807	3.3288519382476807	inf	9.75	-1.0	inf	15.75	inf	2.8129916191101074	-1.0	inf	42.894081115722656
107	2	1	2	8.0	8.0	3.3288519382476807	3.3288519382476807	inf	inf	inf	inf	6.5	inf	inf	inf	inf	4.576320648193359
108	2	1	3	8.0	8.0	3.3288519382476807	3.3288519382476807	inf	4.5	inf	9.0	4.5	inf	2.56722354888916	inf	7.703869342803955	0.9881165027618408
109	2	1	4	8.0	8.0	3.3288519382476807	3.3288519382476807	9.75	-1.0	-1.0	-1.0	-1.0	2.645853042602539	-1.0	-1.0	-1.0	-1.0
110	2	2	0	8.0	9.75	3.3288519382476807	3.04753041267395	8.0	-1.0	inf	inf	7.5	2.5086658000946045	-1.0	inf	inf	2.6430985927581787
111	2	2	1	8.0	9.75	3.3288519382476807	3.04753041267395	inf	10.75	inf	inf	11.25	inf	3.255023956298828	inf	inf	2.177610397338867
112	2	2	2	8.0	9.75	3.3288519382476807	3.04753041267395	inf	inf	inf	4.0	inf	inf	inf	inf	4.858626842498779	inf
113	2	2	3	8.0	9.75	3.3288519382476807	3.04753041267395	inf	inf	inf	inf	inf	inf	inf	inf	inf	inf
114	2	2	4	8.0	9.75	3.3288519382476807	3.04753041267395	11.75	11.75	11.75	-1.0	11.75	2.6977202892303467	3.5451979637145996	4.401477813720703	-1.0	5.560368061065674
115	2	3	0	8.0	8.0	3.3288519382476807	3.3288519382476807	inf	inf	inf	5.0	inf	inf	inf	inf	2.845417022705078	inf
116	2	3	1	8.0	8.0	3.3288519382476807	3.3288519382476807	inf	-1.0	-1.0	-1.0	inf	inf	-1.0	-1.0	-1.0	inf
117	2	3	2	8.0	8.0	3.3288519382476807	3.3288519382476807	-1.0	5.5	-1.0	-1.0	5.0	-1.0	4.481349945068359	-1.0	-1.0	4.7904486656188965
118	2	3	3	8.0	8.0	3.3288519382476807	3.3288519382476807	inf	inf	inf	inf	inf	inf	inf	inf	inf	inf
119	2	3	4	8.0	8.0	3.3288519382476807	3.3288519382476807	10.5	-1.0	inf	inf	-1.0	2.9825568199157715	-1.0	inf	inf	-1.0
120	2	4	0	8.0	8.0	3.3288519382476807	3.3288519382476807	5.5	inf	inf	inf	4.5	3.6132946014404297	inf	inf	inf	3.309354543685913
121	2	4	1	8.0	8.0	3.3288519382476807	3.3288519382476807	-1.0	-1.0	15.25	-1.0	-1.0	-1.0	-1.0	9.432791709899902	-1.0	-1.0
122	2	4	2	8.0	8.0	3.3288519382476807	3.3288519382476807	4.0	5.0	inf	14.0	5.5	5.043575286865234	4.946275234222412	inf	6.9018049240112305	4.712609767913818
123	2	4	3	8.0	8.0	3.3288519382476807	3.3288519382476807	inf	-1.0	-1.0	-1.0	inf	inf	-1.0	-1.0	-1.0	inf
124	2	4	4	8.0	8.0	3.3288519382476807	3.3288519382476807	-1.0	inf	-1.0	-1.0	-1.0	-1.0	inf	-1.0	-1.0	-1.0
125	2	5	0	9.75	8.0	3.04753041267395	3.3288519382476807	inf	inf	-1.0	-1.0	-1.0	inf	inf	-1.0	-1.0	-1.0
126	2	5	1	9.75	8.0	3.04753041267395	3.3288519382476807	18.5	inf	17.0	-1.0	17.75	10.90317440032959	inf	12.56546688079834	-1.0	8.136314392089844
127	2	5	2	9.75	8.0	3.04753041267395	3.3288519382476807	-1.0	10.5	8.5	inf	-1.0	-1.0	5.632796764373779	9.122106552124023	inf	-1.0
128	2	5	3	9.75	8.0	3.04753041267395	3.3288519382476807	inf	inf	inf	inf	inf	inf	inf	inf	inf	inf
129	2	5	4	9.75	8.0	3.04753041267395	3.3288519382476807	-1.0	-1.0	inf	-1.0	10.0	-1.0	-1.0	inf	-1.0	3.0434868335723877
130	2	6	0	8.0	9.75	3.3288519382476807	2.645853042602539	-1.0	inf	-1.0	4.0	inf	-1.0	inf	-1.0	2.6945865154266357	inf
131	2	6	1	8.0	9.75	3.3288519382476807	2.645853042602539	inf	inf	inf	inf	12.0	inf	inf	inf	inf	3.4235422611236572
132	2	6	2	8.0	9.75	3.3288519382476807	2.645853042602539	inf	-1.0	inf	-1.0	8.0	inf	-1.0	inf	-1.0	8.40888786315918
133	2	6	3	8.0	9.75	3.3288519382476807	2.645853042602539	-1.0	4.0	-1.0	-1.0	-1.0	-1.0	2.3894577026367188	-1.0	-1.0	-1.0
134	2	6	4	8.0	9.75	3.3288519382476807	2.645853042602539	inf	inf	inf	inf	inf	inf	inf	inf	inf	inf
135	2	7	0	8.0	11.75	3.3288519382476807	5.560368061065674	inf	3.5	-1.0	inf	-1.0	inf	2.369069814682007	-1.0	inf	-1.0
136	2	7	1	8.0	11.75	3.3288519382476807	5.560368061065674	inf	inf	inf	inf	inf	inf	inf	inf	inf	inf
137	2	7	2	8.0	11.75	3.3288519382476807	5.560368061065674	-1.0	11.5	-1.0	260.0	10.75	-1.0	5.304281711578369	-1.0	24.8260555267334	4.89926815032959
138	2	7	3	8.0	11.75	3.3288519382476807	5.560368061065674	4.0	inf	inf	5.0	-1.0	1.037448763847351	inf	inf	2.482555866241455	-1.0
139	2	7	4	8.0	11.75	3.3288519382476807	5.560368061065674	inf	-1.0	-1.0	inf	-1.0	inf	-1.0	-1.0	inf	-1.0
140	2	8	0	11.75	8.0	4.401477813720703	3.3288519382476807	-1.0	-1.0	inf	-1.0	-1.0	-1.0	-1.0	inf	-1.0	-1.0
141	2	8	1	11.75	8.0	4.401477813720703	3.3288519382476807	inf	inf	inf	inf	inf	inf	inf	inf	inf	inf
142	2	8	2	11.75	8.0	4.401477813720703	3.3288519382476807	5.5	-1.0	7.5	inf	-1.0	4.633883953094482	-1.0	5.504377365112305	inf	-1.0
143	2	8	3	11.75	8.0	4.401477813720703	3.3288519382476807	inf	inf	inf	10.0	inf	inf	inf	inf	3.052000045776367	inf
144	2	8	4	11.75	8.0	4.401477813720703	3.3288519382476807	inf	inf	inf	-1.0	inf	inf	inf	inf	-1.0	inf
145	2	9	0	8.0	9.75	3.3288519382476807	2.645853042602539	5.0	5.5	5.0	4.5	inf	2.9324867725372314	3.722921371459961	3.6100411415100098	3.1090781688690186	inf
146	2	9	1	8.0	9.75	3.3288519382476807	2.645853042602539	inf	inf	inf	inf	11.0	inf	inf	inf	inf	5.699577808380127
147	2	9	2	8.0	9.75	3.3288519382476807	2.645853042602539	inf	inf	inf	inf	-1.0	inf	inf	inf	inf	-1.0
148	2	9	3	8.0	9.75	3.3288519382476807	2.645853042602539	inf	-1.0	inf	inf	inf	inf	-1.0	inf	inf	inf
149	2	9	4	8.0	9.75	3.3288519382476807	2.645853042602539	inf	inf	inf	inf	inf	inf	inf	inf	inf	inf
