	reset_island_iter	improve_iter	island	program_1_hamming_score	program_2_hamming_score	program_1_neural_score	program_2_neural_score	output_program_1_hamming_score	output_program_2_hamming_score	output_program_3_hamming_score	output_program_4_hamming_score	output_program_5_hamming_score	output_program_1_neural_score	output_program_2_neural_score	output_program_3_neural_score	output_program_4_neural_score	output_program_5_neural_score
0	0	0	0	0.012962962962962963	0.012962962962962963	153.231201171875	153.231201171875	inf	0.1318783068783069	-1.0	0.2830687830687831	-1.0	inf	25.659664154052734	-1.0	9.859538078308105	-1.0
1	0	0	1	0.012962962962962963	0.012962962962962963	153.231201171875	153.231201171875	0.225	-1.0	-1.0	0.21917989417989417	0.2743386243386243	20.022382736206055	-1.0	-1.0	15.22952651977539	20.05868148803711
2	0	0	2	0.012962962962962963	0.012962962962962963	153.231201171875	153.231201171875	0.3628306878306879	0.2236772486772487	0.3511904761904762	inf	0.3628306878306879	25.907068252563477	7.1960906982421875	23.463106155395508	inf	25.91136932373047
3	0	0	3	0.012962962962962963	0.012962962962962963	153.231201171875	153.231201171875	0.37526455026455025	0.24272486772486776	-1.0	-1.0	inf	34.730712890625	18.552732467651367	-1.0	-1.0	inf
4	0	0	4	0.012962962962962963	0.012962962962962963	153.231201171875	153.231201171875	inf	0.2566137566137566	inf	0.1318783068783069	-1.0	inf	19.081924438476562	inf	25.659664154052734	-1.0
5	0	1	0	0.012962962962962963	0.012962962962962963	153.231201171875	153.231201171875	inf	0.19087301587301586	-1.0	0.3674603174603175	inf	inf	17.693132400512695	-1.0	55.71113967895508	inf
6	0	1	1	0.012962962962962963	0.012962962962962963	153.231201171875	153.231201171875	0.2511904761904762	0.20066137566137565	0.3674603174603175	-1.0	-1.0	20.019248962402344	13.493988037109375	45.70069885253906	-1.0	-1.0
7	0	1	2	0.012962962962962963	0.012962962962962963	153.231201171875	153.231201171875	inf	inf	inf	-1.0	-1.0	inf	inf	inf	-1.0	-1.0
8	0	1	3	0.012962962962962963	0.012962962962962963	153.231201171875	153.231201171875	inf	0.2601851851851852	inf	0.2566137566137566	-1.0	inf	26.262046813964844	inf	19.081924438476562	-1.0
9	0	1	4	0.012962962962962963	0.012962962962962963	153.231201171875	153.231201171875	inf	0.5138888888888888	-1.0	inf	-1.0	inf	42.56465148925781	-1.0	inf	-1.0
10	0	2	0	0.2566137566137566	0.5138888888888888	19.081924438476562	42.56465148925781	inf	inf	inf	0.14351851851851852	-1.0	inf	inf	inf	23.38329315185547	-1.0
11	0	2	1	0.2566137566137566	0.5138888888888888	19.081924438476562	42.56465148925781	0.2043650793650794	0.1318783068783069	0.1765873015873016	-1.0	-1.0	12.411787033081055	25.659664154052734	11.040545463562012	-1.0	-1.0
12	0	2	2	0.2566137566137566	0.5138888888888888	19.081924438476562	42.56465148925781	inf	0.0				inf	0.0			
