	reset_island_iter	improve_iter	island	program_1_hamming_score	program_2_hamming_score	program_1_neural_score	program_2_neural_score	output_program_1_hamming_score	output_program_2_hamming_score	output_program_3_hamming_score	output_program_4_hamming_score	output_program_5_hamming_score	output_program_1_neural_score	output_program_2_neural_score	output_program_3_neural_score	output_program_4_neural_score	output_program_5_neural_score
0	0	0	0	20.666666666666668	20.666666666666668	3.1423425674438477	3.1423425674438477	10.333333333333334	-1.0	-1.0	-1.0	-1.0	2.9626541137695312	-1.0	-1.0	-1.0	-1.0
1	0	0	1	20.666666666666668	20.666666666666668	3.1423425674438477	3.1423425674438477	inf	10.333333333333334	15.666666666666666	-1.0	-1.0	inf	2.9626541137695312	1.3556814193725586	-1.0	-1.0
2	0	0	2	20.666666666666668	20.666666666666668	3.1423425674438477	3.1423425674438477	10.333333333333334	-1.0	inf	-1.0	inf	2.9626541137695312	-1.0	inf	-1.0	inf
3	0	0	3	20.666666666666668	20.666666666666668	3.1423425674438477	3.1423425674438477	10.333333333333334	-1.0	-1.0	-1.0	-1.0	2.9626541137695312	-1.0	-1.0	-1.0	-1.0
4	0	0	4	20.666666666666668	20.666666666666668	3.1423425674438477	3.1423425674438477	10.333333333333334	inf	-1.0	-1.0	-1.0	2.9626541137695312	inf	-1.0	-1.0	-1.0
5	0	1	0	10.333333333333334	20.666666666666668	2.9626541137695312	3.1423425674438477	156.0	-1.0	-1.0	153.33333333333334	153.33333333333334	54.67939758300781	-1.0	-1.0	46.964569091796875	7.250826358795166
6	0	1	1	10.333333333333334	20.666666666666668	2.9626541137695312	3.1423425674438477	inf	-1.0	-1.0	-1.0	-1.0	inf	-1.0	-1.0	-1.0	-1.0
7	0	1	2	10.333333333333334	20.666666666666668	2.9626541137695312	3.1423425674438477	inf	-1.0	-1.0	-1.0	-1.0	inf	-1.0	-1.0	-1.0	-1.0
8	0	1	3	10.333333333333334	20.666666666666668	2.9626541137695312	3.1423425674438477	-1.0	-1.0	-1.0	-1.0	-1.0	-1.0	-1.0	-1.0	-1.0	-1.0
9	0	1	4	10.333333333333334	20.666666666666668	2.9626541137695312	3.1423425674438477	inf	-1.0	-1.0	-1.0	-1.0	inf	-1.0	-1.0	-1.0	-1.0
10	0	2	0	10.333333333333334	20.666666666666668	2.9626541137695312	3.1423425674438477	151.66666666666666	13.666666666666666	13.0	15.666666666666666	40.0	40.86872863769531	2.2998719215393066	3.763793706893921	8.606489181518555	3.2253265380859375
11	0	2	1	10.333333333333334	20.666666666666668	2.9626541137695312	3.1423425674438477	inf	-1.0	-1.0	inf	-1.0	inf	-1.0	-1.0	inf	-1.0
12	0	2	2	10.333333333333334	20.666666666666668	2.9626541137695312	3.1423425674438477	-1.0	inf	-1.0	-1.0	-1.0	-1.0	inf	-1.0	-1.0	-1.0
13	0	2	3	10.333333333333334	20.666666666666668	2.9626541137695312	3.1423425674438477	-1.0	90.33333333333333	-1.0	-1.0	-1.0	-1.0	15.053977966308594	-1.0	-1.0	-1.0
14	0	2	4	10.333333333333334	20.666666666666668	2.9626541137695312	3.1423425674438477	-1.0	inf	-1.0	inf	inf	-1.0	inf	-1.0	inf	inf
15	0	3	0	10.333333333333334	20.666666666666668	2.9626541137695312	3.1423425674438477	-1.0	-1.0	-1.0	-1.0	-1.0	-1.0	-1.0	-1.0	-1.0	-1.0
16	0	3	1	10.333333333333334	20.666666666666668	2.9626541137695312	3.1423425674438477	-1.0	-1.0	-1.0	-1.0	-1.0	-1.0	-1.0	-1.0	-1.0	-1.0
17	0	3	2	10.333333333333334	20.666666666666668	2.9626541137695312	3.1423425674438477	-1.0	-1.0	-1.0	-1.0	-1.0	-1.0	-1.0	-1.0	-1.0	-1.0
18	0	3	3	10.333333333333334	20.666666666666668	2.9626541137695312	3.1423425674438477	-1.0	-1.0	-1.0	-1.0	-1.0	-1.0	-1.0	-1.0	-1.0	-1.0
19	0	3	4	10.333333333333334	20.666666666666668	2.9626541137695312	3.1423425674438477	-1.0	inf	-1.0	-1.0	-1.0	-1.0	inf	-1.0	-1.0	-1.0
20	0	4	0	10.333333333333334	20.666666666666668	2.9626541137695312	3.1423425674438477	-1.0	-1.0	inf	-1.0	-1.0	-1.0	-1.0	inf	-1.0	-1.0
21	0	4	1	10.333333333333334	20.666666666666668	2.9626541137695312	3.1423425674438477	-1.0	inf	-1.0	-1.0	-1.0	-1.0	inf	-1.0	-1.0	-1.0
22	0	4	2	10.333333333333334	20.666666666666668	2.9626541137695312	3.1423425674438477	-1.0	156.33333333333334	-1.0	-1.0	-1.0	-1.0	56.24541091918945	-1.0	-1.0	-1.0
23	0	4	3	10.333333333333334	20.666666666666668	2.9626541137695312	3.1423425674438477	inf	-1.0	-1.0	-1.0	-1.0	inf	-1.0	-1.0	-1.0	-1.0
24	0	4	4	10.333333333333334	20.666666666666668	2.9626541137695312	3.1423425674438477	-1.0	inf	-1.0	inf	inf	-1.0	inf	-1.0	inf	inf
25	0	5	0	10.333333333333334	20.666666666666668	2.9626541137695312	3.1423425674438477	inf	-1.0	16.0	31.0	77.33333333333333	inf	-1.0	4.418778419494629	55.824825286865234	15.007768630981445
26	0	5	1	10.333333333333334	20.666666666666668	2.9626541137695312	3.1423425674438477	-1.0	inf	-1.0	-1.0	36.666666666666664	-1.0	inf	-1.0	-1.0	4.687645435333252
27	0	5	2	10.333333333333334	20.666666666666668	2.9626541137695312	3.1423425674438477	-1.0	-1.0	-1.0	-1.0	-1.0	-1.0	-1.0	-1.0	-1.0	-1.0
28	0	5	3	10.333333333333334	20.666666666666668	2.9626541137695312	3.1423425674438477	inf	-1.0	-1.0	-1.0	-1.0	inf	-1.0	-1.0	-1.0	-1.0
29	0	5	4	10.333333333333334	20.666666666666668	2.9626541137695312	3.1423425674438477	-1.0	inf	inf	-1.0	inf	-1.0	inf	inf	-1.0	inf
30	0	6	0	10.333333333333334	20.666666666666668	2.9626541137695312	3.1423425674438477	inf	15.0	-1.0	-1.0	-1.0	inf	3.725646495819092	-1.0	-1.0	-1.0
31	0	6	1	10.333333333333334	20.666666666666668	2.9626541137695312	3.1423425674438477	-1.0	-1.0	-1.0	-1.0	-1.0	-1.0	-1.0	-1.0	-1.0	-1.0
32	0	6	2	10.333333333333334	20.666666666666668	2.9626541137695312	3.1423425674438477	-1.0	-1.0	-1.0	-1.0	-1.0	-1.0	-1.0	-1.0	-1.0	-1.0
33	0	6	3	10.333333333333334	20.666666666666668	2.9626541137695312	3.1423425674438477	-1.0	inf	-1.0	-1.0	-1.0	-1.0	inf	-1.0	-1.0	-1.0
34	0	6	4	10.333333333333334	20.666666666666668	2.9626541137695312	3.1423425674438477	inf	inf	9.666666666666666	inf	-1.0	inf	inf	2.822482109069824	inf	-1.0
35	0	7	0	10.333333333333334	9.666666666666666	2.9626541137695312	2.822482109069824	inf	-1.0	41.333333333333336	inf	-1.0	inf	-1.0	4.240347385406494	inf	-1.0
36	0	7	1	10.333333333333334	9.666666666666666	2.9626541137695312	2.822482109069824	-1.0	-1.0	-1.0	-1.0	-1.0	-1.0	-1.0	-1.0	-1.0	-1.0
37	0	7	2	10.333333333333334	9.666666666666666	2.9626541137695312	2.822482109069824	-1.0	inf	-1.0	-1.0	-1.0	-1.0	inf	-1.0	-1.0	-1.0
38	0	7	3	10.333333333333334	9.666666666666666	2.9626541137695312	2.822482109069824	inf	-1.0	-1.0	-1.0	-1.0	inf	-1.0	-1.0	-1.0	-1.0
39	0	7	4	10.333333333333334	9.666666666666666	2.9626541137695312	2.822482109069824	inf	inf	7.666666666666667	-1.0	inf	inf	inf	6.37367057800293	-1.0	inf
40	0	8	0	7.666666666666667	10.333333333333334	6.37367057800293	2.9626541137695312	inf	-1.0	-1.0	-1.0	inf	inf	-1.0	-1.0	-1.0	inf
41	0	8	1	7.666666666666667	10.333333333333334	6.37367057800293	2.9626541137695312	-1.0	-1.0	inf	-1.0	-1.0	-1.0	-1.0	inf	-1.0	-1.0
42	0	8	2	7.666666666666667	10.333333333333334	6.37367057800293	2.9626541137695312	-1.0	-1.0	-1.0	-1.0	-1.0	-1.0	-1.0	-1.0	-1.0	-1.0
43	0	8	3	7.666666666666667	10.333333333333334	6.37367057800293	2.9626541137695312	-1.0	-1.0	-1.0	-1.0	-1.0	-1.0	-1.0	-1.0	-1.0	-1.0
44	0	8	4	7.666666666666667	10.333333333333334	6.37367057800293	2.9626541137695312	147.0	inf	-1.0	-1.0	149.66666666666666	31.622522354125977	inf	-1.0	-1.0	14.58299446105957
45	0	9	0	7.666666666666667	10.333333333333334	6.37367057800293	2.9626541137695312	inf	-1.0	-1.0	inf	-1.0	inf	-1.0	-1.0	inf	-1.0
46	0	9	1	7.666666666666667	10.333333333333334	6.37367057800293	2.9626541137695312	-1.0	-1.0	-1.0	-1.0	-1.0	-1.0	-1.0	-1.0	-1.0	-1.0
47	0	9	2	7.666666666666667	10.333333333333334	6.37367057800293	2.9626541137695312	-1.0					-1.0				
48	0	9	3	7.666666666666667	10.333333333333334	6.37367057800293	2.9626541137695312	-1.0	-1.0	inf	-1.0	-1.0	-1.0	-1.0	inf	-1.0	-1.0
49	0	9	4	7.666666666666667	10.333333333333334	6.37367057800293	2.9626541137695312	5.333333333333333	inf	inf	inf	20.666666666666668	1.4371309280395508	inf	inf	inf	13.401013374328613
50	1	0	0	13.0	13.666666666666666	3.763793706893921	2.2998719215393066	-1.0	-1.0	-1.0	-1.0	20.666666666666668	-1.0	-1.0	-1.0	-1.0	3.1423425674438477
51	1	0	1	13.0	13.666666666666666	3.763793706893921	2.2998719215393066	inf	-1.0	-1.0	inf	-1.0	inf	-1.0	-1.0	inf	-1.0
52	1	0	2	13.0	13.666666666666666	3.763793706893921	2.2998719215393066	inf	inf	20.666666666666668	inf	inf	inf	inf	3.1423425674438477	inf	inf
53	1	0	3	13.0	13.666666666666666	3.763793706893921	2.2998719215393066	-1.0	10.666666666666666	-1.0	10.666666666666666	11.0	-1.0	2.9314868450164795	-1.0	2.808154821395874	2.8237438201904297
54	1	0	4	13.0	13.666666666666666	3.763793706893921	2.2998719215393066	19.666666666666668	31.0	15.0	-1.0	-1.0	4.200979709625244	3.9810421466827393	3.725646495819092	-1.0	-1.0
55	1	1	0	13.666666666666666	13.0	2.2998719215393066	3.763793706893921	-1.0	-1.0	inf	-1.0	-1.0	-1.0	-1.0	inf	-1.0	-1.0
56	1	1	1	13.666666666666666	13.0	2.2998719215393066	3.763793706893921	inf	inf	15.0	-1.0	-1.0	inf	inf	1.6934800148010254	-1.0	-1.0
57	1	1	2	13.666666666666666	13.0	2.2998719215393066	3.763793706893921	10.666666666666666	15.333333333333334	-1.0	-1.0	-1.0	2.9484989643096924	2.2145912647247314	-1.0	-1.0	-1.0
58	1	1	3	13.666666666666666	13.0	2.2998719215393066	3.763793706893921	inf	inf	-1.0	inf	inf	inf	inf	-1.0	inf	inf
59	1	1	4	13.666666666666666	13.0	2.2998719215393066	3.763793706893921	-1.0	-1.0	-1.0	inf	-1.0	-1.0	-1.0	-1.0	inf	-1.0
60	1	2	0	13.0	13.666666666666666	3.763793706893921	2.2998719215393066	inf	10.333333333333334	-1.0	-1.0	-1.0	inf	2.9626541137695312	-1.0	-1.0	-1.0
61	1	2	1	13.0	13.666666666666666	3.763793706893921	2.2998719215393066	-1.0	inf	-1.0	-1.0	61.0	-1.0	inf	-1.0	-1.0	16.036909103393555
62	1	2	2	13.0	13.666666666666666	3.763793706893921	2.2998719215393066	inf	inf	inf	inf	inf	inf	inf	inf	inf	inf
63	1	2	3	13.0	13.666666666666666	3.763793706893921	2.2998719215393066	inf	20.666666666666668	29.0	12.666666666666666	-1.0	inf	3.1423425674438477	36.6674690246582	2.6093122959136963	-1.0
64	1	2	4	13.0	13.666666666666666	3.763793706893921	2.2998719215393066	-1.0	inf	-1.0	41.333333333333336	-1.0	-1.0	inf	-1.0	4.240347385406494	-1.0
65	1	3	0	13.0	13.666666666666666	3.763793706893921	2.2998719215393066	inf	-1.0	-1.0	inf	inf	inf	-1.0	-1.0	inf	inf
66	1	3	1	13.0	13.666666666666666	3.763793706893921	2.2998719215393066	inf	-1.0	-1.0	-1.0	-1.0	inf	-1.0	-1.0	-1.0	-1.0
67	1	3	2	13.0	13.666666666666666	3.763793706893921	2.2998719215393066	inf	inf	inf	inf	inf	inf	inf	inf	inf	inf
68	1	3	3	13.0	13.666666666666666	3.763793706893921	2.2998719215393066	-1.0	10.0	inf	-1.0	inf	-1.0	3.6204686164855957	inf	-1.0	inf
69	1	3	4	13.0	13.666666666666666	3.763793706893921	2.2998719215393066	163.66666666666666	-1.0	-1.0	18.0	16.0	19.29718589782715	-1.0	-1.0	4.915190696716309	4.418778419494629
70	1	4	0	13.666666666666666	13.0	2.2998719215393066	3.763793706893921	inf	-1.0	inf	inf	-1.0	inf	-1.0	inf	inf	-1.0
71	1	4	1	13.666666666666666	13.0	2.2998719215393066	3.763793706893921	-1.0	inf	inf	-1.0	inf	-1.0	inf	inf	-1.0	inf
72	1	4	2	13.666666666666666	13.0	2.2998719215393066	3.763793706893921	inf	inf	inf	inf	inf	inf	inf	inf	inf	inf
73	1	4	3	13.666666666666666	13.0	2.2998719215393066	3.763793706893921	inf	-1.0	-1.0	-1.0	-1.0	inf	-1.0	-1.0	-1.0	-1.0
74	1	4	4	13.666666666666666	13.0	2.2998719215393066	3.763793706893921	13.333333333333334	-1.0	-1.0	14.666666666666666	9.666666666666666	2.2242088317871094	-1.0	-1.0	1.6531425714492798	2.87211275100708
75	1	5	0	13.333333333333334	9.666666666666666	2.2242088317871094	2.87211275100708	inf	inf	-1.0	-1.0	8.0	inf	inf	-1.0	-1.0	6.308478355407715
76	1	5	1	13.333333333333334	9.666666666666666	2.2242088317871094	2.87211275100708	-1.0	-1.0	-1.0	inf	-1.0	-1.0	-1.0	-1.0	inf	-1.0
77	1	5	2	13.333333333333334	9.666666666666666	2.2242088317871094	2.87211275100708	inf	-1.0	-1.0			inf	-1.0	-1.0		
78	1	5	3	13.333333333333334	9.666666666666666	2.2242088317871094	2.87211275100708	7.0	29.0	-1.0	13.333333333333334	21.666666666666668	1.1242133378982544	9.431294441223145	-1.0	5.986894130706787	27.65406036376953
79	1	5	4	13.333333333333334	9.666666666666666	2.2242088317871094	2.87211275100708	17.0	-1.0	104.66666666666667	40.0	-1.0	2.5417723655700684	-1.0	19.043275833129883	3.2253265380859375	-1.0
80	1	6	0	9.666666666666666	13.333333333333334	2.87211275100708	2.2242088317871094	inf	inf	inf	inf	inf	inf	inf	inf	inf	inf
81	1	6	1	9.666666666666666	13.333333333333334	2.87211275100708	2.2242088317871094	14.666666666666666	-1.0	166.66666666666666	16.0	-1.0	2.2910468578338623	-1.0	5.763523578643799	2.5634446144104004	-1.0
82	1	6	2	9.666666666666666	13.333333333333334	2.87211275100708	2.2242088317871094	inf	inf	inf	inf	inf	inf	inf	inf	inf	inf
83	1	6	3	9.666666666666666	13.333333333333334	2.87211275100708	2.2242088317871094	6.0	-1.0	5.666666666666667	56.0	-1.0	2.3242244720458984	-1.0	2.2293548583984375	10.74333381652832	-1.0
84	1	6	4	9.666666666666666	13.333333333333334	2.87211275100708	2.2242088317871094	inf	10.333333333333334	inf	-1.0	-1.0	inf	2.9626541137695312	inf	-1.0	-1.0
85	1	7	0	9.666666666666666	10.333333333333334	2.87211275100708	2.9626541137695312	inf	inf	inf	inf	inf	inf	inf	inf	inf	inf
86	1	7	1	9.666666666666666	10.333333333333334	2.87211275100708	2.9626541137695312	-1.0	20.666666666666668	-1.0	-1.0	-1.0	-1.0	3.1423425674438477	-1.0	-1.0	-1.0
87	1	7	2	9.666666666666666	10.333333333333334	2.87211275100708	2.9626541137695312	inf	inf	inf	inf	inf	inf	inf	inf	inf	inf
88	1	7	3	9.666666666666666	10.333333333333334	2.87211275100708	2.9626541137695312	-1.0	166.66666666666666	-1.0	-1.0	-1.0	-1.0	5.763523578643799	-1.0	-1.0	-1.0
89	1	7	4	9.666666666666666	10.333333333333334	2.87211275100708	2.9626541137695312	-1.0	inf	-1.0	-1.0	28.666666666666668	-1.0	inf	-1.0	-1.0	8.525168418884277
90	1	8	0	9.666666666666666	10.333333333333334	2.87211275100708	2.9626541137695312	inf	inf	-1.0	inf	inf	inf	inf	-1.0	inf	inf
91	1	8	1	9.666666666666666	10.333333333333334	2.87211275100708	2.9626541137695312	-1.0	-1.0	-1.0	156.33333333333334	-1.0	-1.0	-1.0	-1.0	56.24541091918945	-1.0
92	1	8	2	9.666666666666666	10.333333333333334	2.87211275100708	2.9626541137695312	inf	13.0	inf	inf	-1.0	inf	2.8056461811065674	inf	inf	-1.0
93	1	8	3	9.666666666666666	10.333333333333334	2.87211275100708	2.9626541137695312	-1.0	22.0	28.666666666666668	25.0	-1.0	-1.0	3.8216660022735596	8.7069091796875	2.749852418899536	-1.0
94	1	8	4	9.666666666666666	10.333333333333334	2.87211275100708	2.9626541137695312	inf	inf	inf	-1.0	inf	inf	inf	inf	-1.0	inf
95	1	9	0	10.333333333333334	9.666666666666666	2.9626541137695312	2.87211275100708	inf	-1.0	inf	inf	-1.0	inf	-1.0	inf	inf	-1.0
96	1	9	1	10.333333333333334	9.666666666666666	2.9626541137695312	2.87211275100708	-1.0	-1.0	-1.0	-1.0	27.333333333333332	-1.0	-1.0	-1.0	-1.0	9.077743530273438
97	1	9	2	10.333333333333334	9.666666666666666	2.9626541137695312	2.87211275100708	inf	10.666666666666666	-1.0	inf	-1.0	inf	3.2147650718688965	-1.0	inf	-1.0
98	1	9	3	10.333333333333334	9.666666666666666	2.9626541137695312	2.87211275100708	-1.0	21.0	-1.0	-1.0	165.33333333333334	-1.0	3.087665557861328	-1.0	-1.0	6.254868507385254
99	1	9	4	10.333333333333334	9.666666666666666	2.9626541137695312	2.87211275100708	inf	-1.0	inf	inf	inf	inf	-1.0	inf	inf	inf
100	2	0	0	10.333333333333334	10.333333333333334	2.962653875350952	2.962653875350952	20.666666666666668	-1.0	-1.0	inf	-1.0	3.1423428058624268	-1.0	-1.0	inf	-1.0
101	2	0	1	10.333333333333334	10.333333333333334	2.962653875350952	2.962653875350952	13.0	11.333333333333334	15.333333333333334	-1.0	20.666666666666668	9.669146537780762	7.073540687561035	6.789968490600586	-1.0	3.1423428058624268
102	2	0	2	10.333333333333334	10.333333333333334	2.962653875350952	2.962653875350952	20.666666666666668	-1.0	7.666666666666667	-1.0	-1.0	3.1423428058624268	-1.0	1.7480976581573486	-1.0	-1.0
103	2	0	3	10.333333333333334	10.333333333333334	2.962653875350952	2.962653875350952	6.0	10.0	inf	12.333333333333334	inf	2.3242242336273193	2.3369596004486084	inf	1.9570094347000122	inf
104	2	0	4	10.333333333333334	10.333333333333334	2.962653875350952	2.962653875350952	-1.0	23.0	inf	-1.0	inf	-1.0	5.071281909942627	inf	-1.0	inf
105	2	1	0	10.333333333333334	10.333333333333334	2.962653875350952	2.962653875350952	12.333333333333334	-1.0	-1.0	-1.0	-1.0	1.9570094347000122	-1.0	-1.0	-1.0	-1.0
106	2	1	1	10.333333333333334	10.333333333333334	2.962653875350952	2.962653875350952	inf	-1.0	-1.0	19.0	15.333333333333334	inf	-1.0	-1.0	2.685305118560791	5.678723335266113
107	2	1	2	10.333333333333334	10.333333333333334	2.962653875350952	2.962653875350952	28.0	-1.0	inf	-1.0	inf	13.532983779907227	-1.0	inf	-1.0	inf
108	2	1	3	10.333333333333334	10.333333333333334	2.962653875350952	2.962653875350952	inf	15.0	inf	inf	-1.0	inf	1.8925936222076416	inf	inf	-1.0
109	2	1	4	10.333333333333334	10.333333333333334	2.962653875350952	2.962653875350952	inf	inf	-1.0	-1.0	-1.0	inf	inf	-1.0	-1.0	-1.0
110	2	2	0	10.333333333333334	10.333333333333334	2.962653875350952	2.962653875350952	19.333333333333332	10.0	13.0	inf	15.333333333333334	16.473995208740234	3.6204686164855957	9.669146537780762	inf	6.789968490600586
111	2	2	1	10.333333333333334	10.333333333333334	2.962653875350952	2.962653875350952	inf	inf	inf	inf	inf	inf	inf	inf	inf	inf
112	2	2	2	10.333333333333334	10.333333333333334	2.962653875350952	2.962653875350952	-1.0	-1.0	-1.0	-1.0	-1.0	-1.0	-1.0	-1.0	-1.0	-1.0
113	2	2	3	10.333333333333334	10.333333333333334	2.962653875350952	2.962653875350952	inf	15.0	inf	-1.0	9.0	inf	1.8385040760040283	inf	-1.0	2.7972311973571777
114	2	2	4	10.333333333333334	10.333333333333334	2.962653875350952	2.962653875350952	inf	25.666666666666668	inf	inf	inf	inf	2.5063116550445557	inf	inf	inf
115	2	3	0	10.333333333333334	10.333333333333334	2.962653875350952	2.962653875350952	inf	inf	inf	inf	inf	inf	inf	inf	inf	inf
116	2	3	1	10.333333333333334	10.333333333333334	2.962653875350952	2.962653875350952	inf	inf	inf	inf	inf	inf	inf	inf	inf	inf
117	2	3	2	10.333333333333334	10.333333333333334	2.962653875350952	2.962653875350952	5.333333333333333	inf	-1.0	inf	-1.0	1.4371308088302612	inf	-1.0	inf	-1.0
118	2	3	3	10.333333333333334	10.333333333333334	2.962653875350952	2.962653875350952	inf	15.333333333333334	inf	-1.0	inf	inf	2.2145910263061523	inf	-1.0	inf
119	2	3	4	10.333333333333334	10.333333333333334	2.962653875350952	2.962653875350952	inf	-1.0	inf	inf	inf	inf	-1.0	inf	inf	inf
120	2	4	0	10.333333333333334	10.333333333333334	2.962653875350952	2.962653875350952	inf	inf	-1.0	inf	inf	inf	inf	-1.0	inf	inf
121	2	4	1	10.333333333333334	10.333333333333334	2.962653875350952	2.962653875350952	inf	inf	inf	inf	inf	inf	inf	inf	inf	inf
122	2	4	2	10.333333333333334	10.333333333333334	2.962653875350952	2.962653875350952	inf	-1.0	inf	inf	-1.0	inf	-1.0	inf	inf	-1.0
123	2	4	3	10.333333333333334	10.333333333333334	2.962653875350952	2.962653875350952	inf	-1.0	inf	-1.0	inf	inf	-1.0	inf	-1.0	inf
124	2	4	4	10.333333333333334	10.333333333333334	2.962653875350952	2.962653875350952	inf	-1.0	inf	inf	inf	inf	-1.0	inf	inf	inf
125	2	5	0	10.333333333333334	10.333333333333334	2.962653875350952	2.962653875350952	-1.0	-1.0	inf	-1.0	-1.0	-1.0	-1.0	inf	-1.0	-1.0
126	2	5	1	10.333333333333334	10.333333333333334	2.962653875350952	2.962653875350952	inf	inf	inf	inf	inf	inf	inf	inf	inf	inf
127	2	5	2	10.333333333333334	10.333333333333334	2.962653875350952	2.962653875350952	-1.0	inf	-1.0	-1.0	-1.0	-1.0	inf	-1.0	-1.0	-1.0
128	2	5	3	10.333333333333334	10.333333333333334	2.962653875350952	2.962653875350952	-1.0	inf	inf	inf	inf	-1.0	inf	inf	inf	inf
129	2	5	4	10.333333333333334	10.333333333333334	2.962653875350952	2.962653875350952	-1.0	inf	-1.0	-1.0	inf	-1.0	inf	-1.0	-1.0	inf
130	2	6	0	10.333333333333334	10.333333333333334	2.962653875350952	2.962653875350952	inf	inf	13.666666666666666	inf	-1.0	inf	inf	1.6011313199996948	inf	-1.0
131	2	6	1	10.333333333333334	10.333333333333334	2.962653875350952	2.962653875350952	inf	10.0	inf	inf	inf	inf	3.6204686164855957	inf	inf	inf
132	2	6	2	10.333333333333334	10.333333333333334	2.962653875350952	2.962653875350952	-1.0	-1.0	inf	inf	-1.0	-1.0	-1.0	inf	inf	-1.0
133	2	6	3	10.333333333333334	10.333333333333334	2.962653875350952	2.962653875350952	-1.0	-1.0	-1.0	-1.0	-1.0	-1.0	-1.0	-1.0	-1.0	-1.0
134	2	6	4	10.333333333333334	10.333333333333334	2.962653875350952	2.962653875350952	-1.0	inf	-1.0	inf	inf	-1.0	inf	-1.0	inf	inf
135	2	7	0	10.333333333333334	10.333333333333334	2.962653875350952	2.962653875350952	inf	inf	inf	-1.0	-1.0	inf	inf	inf	-1.0	-1.0
136	2	7	1	10.333333333333334	10.333333333333334	2.962653875350952	2.962653875350952	inf	-1.0	inf	-1.0	inf	inf	-1.0	inf	-1.0	inf
137	2	7	2	10.333333333333334	10.333333333333334	2.962653875350952	2.962653875350952	inf	inf	-1.0	-1.0	inf	inf	inf	-1.0	-1.0	inf
138	2	7	3	10.333333333333334	10.333333333333334	2.962653875350952	2.962653875350952	9.333333333333334	-1.0	inf	-1.0	-1.0	1.551273226737976	-1.0	inf	-1.0	-1.0
139	2	7	4	10.333333333333334	10.333333333333334	2.962653875350952	2.962653875350952	-1.0	inf	-1.0	inf	inf	-1.0	inf	-1.0	inf	inf
140	2	8	0	10.333333333333334	10.333333333333334	2.962653875350952	2.962653875350952	5.666666666666667	inf	-1.0	inf	-1.0	2.2293546199798584	inf	-1.0	inf	-1.0
141	2	8	1	10.333333333333334	10.333333333333334	2.962653875350952	2.962653875350952	inf	-1.0	inf	19.666666666666668	inf	inf	-1.0	inf	6.090541362762451	inf
142	2	8	2	10.333333333333334	10.333333333333334	2.962653875350952	2.962653875350952	inf	inf	inf	inf	inf	inf	inf	inf	inf	inf
143	2	8	3	10.333333333333334	10.333333333333334	2.962653875350952	2.962653875350952	-1.0	-1.0	-1.0	-1.0	-1.0	-1.0	-1.0	-1.0	-1.0	-1.0
144	2	8	4	10.333333333333334	10.333333333333334	2.962653875350952	2.962653875350952	-1.0	-1.0	-1.0	-1.0	-1.0	-1.0	-1.0	-1.0	-1.0	-1.0
145	2	9	0	10.333333333333334	10.333333333333334	2.962653875350952	2.962653875350952	25.333333333333332	-1.0	-1.0	-1.0	inf	2.676177740097046	-1.0	-1.0	-1.0	inf
146	2	9	1	10.333333333333334	10.333333333333334	2.962653875350952	2.962653875350952	inf	inf	inf	inf	19.333333333333332	inf	inf	inf	inf	2.8715291023254395
147	2	9	2	10.333333333333334	10.333333333333334	2.962653875350952	2.962653875350952	inf	inf	-1.0	-1.0	-1.0	inf	inf	-1.0	-1.0	-1.0
148	2	9	3	10.333333333333334	10.333333333333334	2.962653875350952	2.962653875350952	-1.0	-1.0	-1.0	-1.0	-1.0	-1.0	-1.0	-1.0	-1.0	-1.0
149	2	9	4	10.333333333333334	10.333333333333334	2.962653875350952	2.962653875350952	10.333333333333334	23.666666666666668	-1.0	inf	20.333333333333332	10.889364242553711	2.668537139892578	-1.0	inf	6.4207892417907715
