	reset_island_iter	improve_iter	island	program_1_hamming_score	program_2_hamming_score	program_1_neural_score	program_2_neural_score	output_program_1_hamming_score	output_program_2_hamming_score	output_program_3_hamming_score	output_program_4_hamming_score	output_program_5_hamming_score	output_program_1_neural_score	output_program_2_neural_score	output_program_3_neural_score	output_program_4_neural_score	output_program_5_neural_score
0	0	0	0	13.333333333333334	14.666666666666666	8.17077922821045	8.003974914550781	8.666666666666666	6.333333333333333	16.0	-1.0	10.333333333333334	13.429035186767578	17.152925491333008	26.414039611816406	-1.0	12.556729316711426
1	0	0	1	13.333333333333334	14.666666666666666	8.17077922821045	8.003974914550781	inf	inf	inf	inf	inf	inf	inf	inf	inf	inf
2	0	0	2	13.333333333333334	14.666666666666666	8.17077922821045	8.003974914550781	16.333333333333332	13.0	11.0	8.666666666666666	-1.0	28.13486671447754	23.197546005249023	21.85523796081543	21.67119789123535	-1.0
3	0	0	3	13.333333333333334	14.666666666666666	8.17077922821045	8.003974914550781	13.333333333333334	-1.0	-1.0	16.666666666666668	12.666666666666666	27.872526168823242	-1.0	-1.0	25.616056442260742	47.52601623535156
4	0	0	4	13.333333333333334	14.666666666666666	8.17077922821045	8.003974914550781	inf	inf	inf	inf	inf	inf	inf	inf	inf	inf
5	0	1	0	14.666666666666666	13.333333333333334	8.003974914550781	8.17077922821045	8.333333333333334	inf	11.666666666666666	9.666666666666666	9.333333333333334	10.152878761291504	inf	21.56527328491211	15.998729705810547	10.921547889709473
6	0	1	1	14.666666666666666	13.333333333333334	8.003974914550781	8.17077922821045	inf	6.666666666666667	inf	inf	inf	inf	18.074148178100586	inf	inf	inf
7	0	1	2	14.666666666666666	13.333333333333334	8.003974914550781	8.17077922821045	12.666666666666666	16.333333333333332	7.0	13.666666666666666	11.0	28.262622833251953	17.821969985961914	18.30478286743164	41.23891067504883	16.12590789794922
8	0	1	3	14.666666666666666	13.333333333333334	8.003974914550781	8.17077922821045	inf	inf	inf	inf	inf	inf	inf	inf	inf	inf
9	0	1	4	14.666666666666666	13.333333333333334	8.003974914550781	8.17077922821045	inf	inf	inf	inf	inf	inf	inf	inf	inf	inf
10	0	2	0	13.333333333333334	14.666666666666666	8.17077922821045	8.003974914550781	inf	9.0	15.0	62.333333333333336	15.666666666666666	inf	8.246231079101562	24.07688331604004	56.428314208984375	24.298259735107422
11	0	2	1	13.333333333333334	14.666666666666666	8.17077922821045	8.003974914550781	inf	6.666666666666667	inf	6.333333333333333	inf	inf	17.357467651367188	inf	17.152925491333008	inf
12	0	2	2	13.333333333333334	14.666666666666666	8.17077922821045	8.003974914550781	inf	19.333333333333332	10.333333333333334	inf	inf	inf	15.037652969360352	28.934581756591797	inf	inf
13	0	2	3	13.333333333333334	14.666666666666666	8.17077922821045	8.003974914550781	inf	inf	inf	inf	inf	inf	inf	inf	inf	inf
14	0	2	4	13.333333333333334	14.666666666666666	8.17077922821045	8.003974914550781	inf	inf	inf	inf	inf	inf	inf	inf	inf	inf
15	0	3	0	13.333333333333334	14.666666666666666	8.17077922821045	8.003974914550781	-1.0	13.0	-1.0	inf	-1.0	-1.0	9.671470642089844	-1.0	inf	-1.0
16	0	3	1	13.333333333333334	14.666666666666666	8.17077922821045	8.003974914550781	inf	inf	inf	inf	inf	inf	inf	inf	inf	inf
17	0	3	2	13.333333333333334	14.666666666666666	8.17077922821045	8.003974914550781	inf	inf	inf	inf	inf	inf	inf	inf	inf	inf
18	0	3	3	13.333333333333334	14.666666666666666	8.17077922821045	8.003974914550781	inf	inf	16.666666666666668	inf	inf	inf	inf	30.503021240234375	inf	inf
19	0	3	4	13.333333333333334	14.666666666666666	8.17077922821045	8.003974914550781	inf	inf	inf	inf	inf	inf	inf	inf	inf	inf
20	0	4	0	13.333333333333334	14.666666666666666	8.17077922821045	8.003974914550781	inf	inf	inf	inf	inf	inf	inf	inf	inf	inf
21	0	4	1	13.333333333333334	14.666666666666666	8.17077922821045	8.003974914550781	inf	inf	inf	inf	inf	inf	inf	inf	inf	inf
22	0	4	2	13.333333333333334	14.666666666666666	8.17077922821045	8.003974914550781	14.0	inf	inf	21.666666666666668	15.333333333333334	46.174049377441406	inf	inf	41.109619140625	36.764129638671875
23	0	4	3	13.333333333333334	14.666666666666666	8.17077922821045	8.003974914550781	inf	inf	inf	inf	inf	inf	inf	inf	inf	inf
24	0	4	4	13.333333333333334	14.666666666666666	8.17077922821045	8.003974914550781	inf	inf	inf	inf	inf	inf	inf	inf	inf	inf
25	0	5	0	13.333333333333334	14.666666666666666	8.17077922821045	8.003974914550781	inf	inf	19.0	9.333333333333334	12.333333333333334	inf	inf	21.353578567504883	11.880467414855957	9.689445495605469
26	0	5	1	13.333333333333334	14.666666666666666	8.17077922821045	8.003974914550781	inf	inf	inf	inf	inf	inf	inf	inf	inf	inf
27	0	5	2	13.333333333333334	14.666666666666666	8.17077922821045	8.003974914550781	-1.0	16.666666666666668	16.0	14.333333333333334	-1.0	-1.0	28.420949935913086	40.193565368652344	45.685367584228516	-1.0
28	0	5	3	13.333333333333334	14.666666666666666	8.17077922821045	8.003974914550781	inf	inf	inf	inf	inf	inf	inf	inf	inf	inf
29	0	5	4	13.333333333333334	14.666666666666666	8.17077922821045	8.003974914550781										
30	0	6	0	14.666666666666666	13.333333333333334	8.003974914550781	8.17077922821045	inf	inf	-1.0	-1.0	inf	inf	inf	-1.0	-1.0	inf
31	0	6	1	14.666666666666666	13.333333333333334	8.003974914550781	8.17077922821045	inf	inf	inf	inf	inf	inf	inf	inf	inf	inf
32	0	6	2	14.666666666666666	13.333333333333334	8.003974914550781	8.17077922821045	inf	inf	9.333333333333334	inf	-1.0	inf	inf	15.486902236938477	inf	-1.0
33	0	6	3	14.666666666666666	13.333333333333334	8.003974914550781	8.17077922821045	inf	inf	inf	inf	inf	inf	inf	inf	inf	inf
34	0	6	4	14.666666666666666	13.333333333333334	8.003974914550781	8.17077922821045	10.666666666666666	13.0	10.333333333333334	10.333333333333334	8.666666666666666	22.279674530029297	25.37718963623047	12.419836044311523	8.400461196899414	12.265109062194824
35	0	7	0	14.666666666666666	10.333333333333334	8.003974914550781	8.400461196899414	inf	inf	inf	inf	-1.0	inf	inf	inf	inf	-1.0
36	0	7	1	14.666666666666666	10.333333333333334	8.003974914550781	8.400461196899414	inf	inf	inf	inf	inf	inf	inf	inf	inf	inf
37	0	7	2	14.666666666666666	10.333333333333334	8.003974914550781	8.400461196899414	inf	inf	inf	inf	11.0	inf	inf	inf	inf	43.18545150756836
38	0	7	3	14.666666666666666	10.333333333333334	8.003974914550781	8.400461196899414	inf	inf	inf	inf	inf	inf	inf	inf	inf	inf
39	0	7	4	14.666666666666666	10.333333333333334	8.003974914550781	8.400461196899414	11.0	7.666666666666667	10.666666666666666	-1.0	-1.0	10.108138084411621	15.598932266235352	9.652018547058105	-1.0	-1.0
40	0	8	0	14.666666666666666	10.333333333333334	8.003974914550781	8.400461196899414	inf	inf	inf	inf	inf	inf	inf	inf	inf	inf
41	0	8	1	14.666666666666666	10.333333333333334	8.003974914550781	8.400461196899414	inf	inf	inf	inf	inf	inf	inf	inf	inf	inf
42	0	8	2	14.666666666666666	10.333333333333334	8.003974914550781	8.400461196899414	inf	inf				inf	inf			
43	0	8	3	14.666666666666666	10.333333333333334	8.003974914550781	8.400461196899414	inf	inf	inf	inf	inf	inf	inf	inf	inf	inf
44	0	8	4	14.666666666666666	10.333333333333334	8.003974914550781	8.400461196899414	inf	16.666666666666668	8.0	inf	16.666666666666668	inf	18.05668830871582	6.877388954162598	inf	20.235469818115234
45	0	9	0	11.0	8.0	10.108138084411621	6.877388954162598	inf	inf	inf	inf	inf	inf	inf	inf	inf	inf
46	0	9	1	11.0	8.0	10.108138084411621	6.877388954162598	inf	7.333333333333333	-1.0	inf	inf	inf	18.16823959350586	-1.0	inf	inf
47	0	9	2	11.0	8.0	10.108138084411621	6.877388954162598	inf					inf				
48	0	9	3	11.0	8.0	10.108138084411621	6.877388954162598	inf	inf	16.666666666666668	inf	8.666666666666666	inf	inf	25.538814544677734	inf	27.88022804260254
49	0	9	4	11.0	8.0	10.108138084411621	6.877388954162598	11.666666666666666	10.333333333333334	12.0	6.333333333333333	-1.0	32.96501159667969	10.555599212646484	13.522589683532715	17.152925491333008	-1.0
50	1	0	0	12.0	14.666666666666666	7.8745574951171875	8.003974914550781	inf	11.666666666666666	6.333333333333333	inf	inf	inf	21.56527328491211	17.152925491333008	inf	inf
51	1	0	1	12.0	14.666666666666666	7.8745574951171875	8.003974914550781	7.0	6.333333333333333	inf	-1.0	inf	20.814069747924805	21.914875030517578	inf	-1.0	inf
52	1	0	2	12.0	14.666666666666666	7.8745574951171875	8.003974914550781	6.333333333333333	12.666666666666666	12.333333333333334	-1.0	inf	17.152925491333008	25.646181106567383	53.55987548828125	-1.0	inf
53	1	0	3	12.0	14.666666666666666	7.8745574951171875	8.003974914550781	inf	8.666666666666666	10.333333333333334	inf	-1.0	inf	15.270952224731445	18.851085662841797	inf	-1.0
54	1	0	4	12.0	14.666666666666666	7.8745574951171875	8.003974914550781	6.666666666666667					21.736547470092773				
55	1	1	0	12.0	14.666666666666666	7.8745574951171875	8.003974914550781	inf	-1.0	16.666666666666668	18.333333333333332	-1.0	inf	-1.0	33.47104263305664	20.228103637695312	-1.0
56	1	1	1	12.0	14.666666666666666	7.8745574951171875	8.003974914550781	inf	inf	-1.0	inf	inf	inf	inf	-1.0	inf	inf
57	1	1	2	12.0	14.666666666666666	7.8745574951171875	8.003974914550781	9.666666666666666	inf	15.0	9.666666666666666	inf	33.5080451965332	inf	15.235236167907715	11.006875038146973	inf
58	1	1	3	12.0	14.666666666666666	7.8745574951171875	8.003974914550781	inf	inf	11.333333333333334	inf	-1.0	inf	inf	9.273540496826172	inf	-1.0
59	1	1	4	12.0	14.666666666666666	7.8745574951171875	8.003974914550781	inf	inf	inf	inf	inf	inf	inf	inf	inf	inf
60	1	2	0	12.0	14.666666666666666	7.8745574951171875	8.003974914550781	17.666666666666668	18.333333333333332	-1.0	-1.0	-1.0	17.994792938232422	24.90471649169922	-1.0	-1.0	-1.0
61	1	2	1	12.0	14.666666666666666	7.8745574951171875	8.003974914550781	6.666666666666667	6.333333333333333	7.333333333333333	inf	inf	19.879255294799805	17.152925491333008	20.005870819091797	inf	inf
62	1	2	2	12.0	14.666666666666666	7.8745574951171875	8.003974914550781	inf	inf	inf	8.666666666666666	inf	inf	inf	inf	18.2529354095459	inf
63	1	2	3	12.0	14.666666666666666	7.8745574951171875	8.003974914550781	inf	inf	17.0	17.0	inf	inf	inf	31.018329620361328	29.569271087646484	inf
64	1	2	4	12.0	14.666666666666666	7.8745574951171875	8.003974914550781	inf	inf	inf	inf	inf	inf	inf	inf	inf	inf
65	1	3	0	14.666666666666666	12.0	8.003974914550781	7.8745574951171875	17.333333333333332					28.266782760620117				
66	1	3	1	14.666666666666666	12.0	8.003974914550781	7.8745574951171875	-1.0	inf	inf	inf	inf	-1.0	inf	inf	inf	inf
67	1	3	2	14.666666666666666	12.0	8.003974914550781	7.8745574951171875	13.0	12.666666666666666	inf	-1.0	-1.0	20.081539154052734	24.430801391601562	inf	-1.0	-1.0
68	1	3	3	14.666666666666666	12.0	8.003974914550781	7.8745574951171875	inf	inf	inf	15.333333333333334	inf	inf	inf	inf	24.158430099487305	inf
69	1	3	4	14.666666666666666	12.0	8.003974914550781	7.8745574951171875	inf	inf	inf	inf	inf	inf	inf	inf	inf	inf
70	1	4	0	14.666666666666666	12.0	8.003974914550781	7.8745574951171875	-1.0	-1.0	-1.0	15.0	11.666666666666666	-1.0	-1.0	-1.0	27.77324104309082	28.2757568359375
71	1	4	1	14.666666666666666	12.0	8.003974914550781	7.8745574951171875	7.333333333333333	-1.0	-1.0	-1.0	-1.0	18.050392150878906	-1.0	-1.0	-1.0	-1.0
72	1	4	2	14.666666666666666	12.0	8.003974914550781	7.8745574951171875	inf	15.666666666666666	101.0	8.666666666666666	inf	inf	22.917560577392578	106.67552947998047	19.354598999023438	inf
73	1	4	3	14.666666666666666	12.0	8.003974914550781	7.8745574951171875	inf	inf	inf	inf	inf	inf	inf	inf	inf	inf
74	1	4	4	14.666666666666666	12.0	8.003974914550781	7.8745574951171875	inf	inf	inf	inf	inf	inf	inf	inf	inf	inf
75	1	5	0	12.0	14.666666666666666	7.8745574951171875	8.003974914550781	15.333333333333334	15.0	14.0	-1.0	-1.0	25.424406051635742	32.74046325683594	23.587966918945312	-1.0	-1.0
76	1	5	1	12.0	14.666666666666666	7.8745574951171875	8.003974914550781	7.333333333333333	6.333333333333333	6.666666666666667	6.666666666666667	-1.0	12.830411911010742	14.073189735412598	13.73381519317627	15.579720497131348	-1.0
77	1	5	2	12.0	14.666666666666666	7.8745574951171875	8.003974914550781	15.0	14.666666666666666	inf	17.666666666666668	-1.0	22.17831802368164	20.24802017211914	inf	24.656494140625	-1.0
78	1	5	3	12.0	14.666666666666666	7.8745574951171875	8.003974914550781	16.0	-1.0	-1.0	-1.0	-1.0	21.343917846679688	-1.0	-1.0	-1.0	-1.0
79	1	5	4	12.0	14.666666666666666	7.8745574951171875	8.003974914550781	inf	inf	inf	inf	inf	inf	inf	inf	inf	inf
80	1	6	0	12.0	14.666666666666666	7.8745574951171875	8.003974914550781	9.666666666666666	inf	8.666666666666666	7.333333333333333	11.666666666666666	5.153019428253174	inf	5.154496192932129	14.636314392089844	13.305859565734863
81	1	6	1	12.0	14.666666666666666	7.8745574951171875	8.003974914550781	inf	13.0	-1.0	13.666666666666666	-1.0	inf	54.102325439453125	-1.0	48.163352966308594	-1.0
82	1	6	2	12.0	14.666666666666666	7.8745574951171875	8.003974914550781	17.333333333333332	17.0	17.0	inf	17.333333333333332	22.141979217529297	25.456911087036133	29.57278060913086	inf	22.052783966064453
83	1	6	3	12.0	14.666666666666666	7.8745574951171875	8.003974914550781	12.333333333333334	8.666666666666666	9.333333333333334	7.666666666666667	9.333333333333334	23.393394470214844	20.362716674804688	18.8042049407959	19.595579147338867	18.95110511779785
84	1	6	4	12.0	14.666666666666666	7.8745574951171875	8.003974914550781	inf	inf	inf	inf	inf	inf	inf	inf	inf	inf
85	1	7	0	12.0	14.666666666666666	7.8745574951171875	8.003974914550781	14.666666666666666	26.0	16.0	16.666666666666668	25.666666666666668	18.927873611450195	39.54250717163086	19.29467010498047	21.52511978149414	36.452545166015625
86	1	7	1	12.0	14.666666666666666	7.8745574951171875	8.003974914550781	inf	7.0	inf	inf	inf	inf	16.948352813720703	inf	inf	inf
87	1	7	2	12.0	14.666666666666666	7.8745574951171875	8.003974914550781	inf	inf	inf	inf	inf	inf	inf	inf	inf	inf
88	1	7	3	12.0	14.666666666666666	7.8745574951171875	8.003974914550781	15.666666666666666	13.666666666666666	inf	inf	20.0	37.713871002197266	50.963294982910156	inf	inf	18.553274154663086
89	1	7	4	12.0	14.666666666666666	7.8745574951171875	8.003974914550781	inf	inf	inf	inf	inf	inf	inf	inf	inf	inf
90	1	8	0	14.666666666666666	12.0	8.003974914550781	7.8745574951171875	12.333333333333334	-1.0	12.333333333333334	10.333333333333334	inf	7.619838237762451	-1.0	9.43669319152832	8.55482006072998	inf
91	1	8	1	14.666666666666666	12.0	8.003974914550781	7.8745574951171875	7.333333333333333	inf	inf	-1.0	inf	18.84417724609375	inf	inf	-1.0	inf
92	1	8	2	14.666666666666666	12.0	8.003974914550781	7.8745574951171875	inf	inf	inf	inf	inf	inf	inf	inf	inf	inf
93	1	8	3	14.666666666666666	12.0	8.003974914550781	7.8745574951171875	14.333333333333334	inf	inf	inf	inf	49.66433334350586	inf	inf	inf	inf
94	1	8	4	14.666666666666666	12.0	8.003974914550781	7.8745574951171875	inf	inf	inf	inf	inf	inf	inf	inf	inf	inf
95	1	9	0	14.666666666666666	12.0	8.003974914550781	7.8745574951171875	inf	-1.0	12.333333333333334	inf	inf	inf	-1.0	7.926887512207031	inf	inf
96	1	9	1	14.666666666666666	12.0	8.003974914550781	7.8745574951171875	inf	inf	inf	inf	inf	inf	inf	inf	inf	inf
97	1	9	2	14.666666666666666	12.0	8.003974914550781	7.8745574951171875	inf	inf	inf	inf	inf	inf	inf	inf	inf	inf
98	1	9	3	14.666666666666666	12.0	8.003974914550781	7.8745574951171875	15.0	inf	inf	inf	-1.0	47.030487060546875	inf	inf	inf	-1.0
99	1	9	4	14.666666666666666	12.0	8.003974914550781	7.8745574951171875	inf	13.666666666666666	inf	inf	inf	inf	44.582191467285156	inf	inf	inf
100	2	0	0	13.0	21.333333333333332	7.647856712341309	7.669750213623047	11.333333333333334	14.0	-1.0	13.333333333333334	12.666666666666666	19.506866455078125	36.78694152832031	-1.0	22.44756507873535	14.55042552947998
101	2	0	1	13.0	21.333333333333332	7.647856712341309	7.669750213623047	12.666666666666666	14.333333333333334	inf	13.333333333333334	inf	8.371484756469727	41.84469985961914	inf	13.130824089050293	inf
102	2	0	2	13.0	21.333333333333332	7.647856712341309	7.669750213623047	18.333333333333332	16.0	15.666666666666666	14.666666666666666	15.333333333333334	25.064279556274414	35.82255554199219	34.60887145996094	12.459270477294922	35.09341049194336
103	2	0	3	13.0	21.333333333333332	7.647856712341309	7.669750213623047	21.0	-1.0	21.0	-1.0	-1.0	11.024002075195312	-1.0	11.026062965393066	-1.0	-1.0
104	2	0	4	13.0	21.333333333333332	7.647856712341309	7.669750213623047	19.333333333333332	22.666666666666668	inf	18.333333333333332	12.0	36.130184173583984	21.15335464477539	inf	18.66675567626953	7.874557971954346
105	2	1	0	21.333333333333332	13.0	7.669750213623047	7.647856712341309	inf	inf	inf	20.0	20.0	inf	inf	inf	26.151185989379883	26.481956481933594
106	2	1	1	21.333333333333332	13.0	7.669750213623047	7.647856712341309	18.0	18.0	17.666666666666668	18.0	-1.0	17.5809383392334	17.94757080078125	20.087434768676758	18.80967140197754	-1.0
107	2	1	2	21.333333333333332	13.0	7.669750213623047	7.647856712341309	17.333333333333332	17.666666666666668	16.333333333333332	17.0	17.0	13.59294319152832	37.64630126953125	40.866722106933594	33.51277160644531	33.62228775024414
108	2	1	3	21.333333333333332	13.0	7.669750213623047	7.647856712341309	inf	inf	16.666666666666668	16.333333333333332	-1.0	inf	inf	18.52936363220215	11.352316856384277	-1.0
109	2	1	4	21.333333333333332	13.0	7.669750213623047	7.647856712341309	19.333333333333332	inf	18.666666666666668	20.0	18.0	23.621076583862305	inf	10.623053550720215	16.502229690551758	16.313264846801758
110	2	2	0	13.0	21.333333333333332	7.647856712341309	7.669750213623047	18.666666666666668	inf	-1.0	-1.0	18.666666666666668	23.46611976623535	inf	-1.0	-1.0	23.876916885375977
111	2	2	1	13.0	21.333333333333332	7.647856712341309	7.669750213623047	13.0	18.333333333333332	18.666666666666668	-1.0	-1.0	8.07945442199707	12.755772590637207	13.147408485412598	-1.0	-1.0
112	2	2	2	13.0	21.333333333333332	7.647856712341309	7.669750213623047	18.333333333333332	18.666666666666668	-1.0	-1.0	17.0	20.321067810058594	20.803546905517578	-1.0	-1.0	24.0859432220459
113	2	2	3	13.0	21.333333333333332	7.647856712341309	7.669750213623047	inf	inf	18.666666666666668	inf	12.0	inf	inf	18.586864471435547	inf	7.874557971954346
114	2	2	4	13.0	21.333333333333332	7.647856712341309	7.669750213623047	inf	inf	inf	inf	inf	inf	inf	inf	inf	inf
115	2	3	0	21.333333333333332	13.0	7.669750213623047	7.647856712341309	inf	inf	inf	inf	inf	inf	inf	inf	inf	inf
116	2	3	1	21.333333333333332	13.0	7.669750213623047	7.647856712341309	inf	18.0	14.666666666666666	inf	16.333333333333332	inf	13.06459903717041	9.936859130859375	inf	34.423362731933594
117	2	3	2	21.333333333333332	13.0	7.669750213623047	7.647856712341309	19.666666666666668	inf	-1.0	14.666666666666666	16.0	17.473974227905273	inf	-1.0	11.14151382446289	41.705631256103516
118	2	3	3	21.333333333333332	13.0	7.669750213623047	7.647856712341309	inf	18.666666666666668	inf	17.666666666666668	inf	inf	21.579233169555664	inf	7.428949356079102	inf
119	2	3	4	21.333333333333332	13.0	7.669750213623047	7.647856712341309	inf	inf	inf	inf	inf	inf	inf	inf	inf	inf
120	2	4	0	12.0	13.0	7.874557971954346	7.647856712341309	inf	inf	11.666666666666666	inf	inf	inf	inf	35.056602478027344	inf	inf
121	2	4	1	12.0	13.0	7.874557971954346	7.647856712341309	inf	12.666666666666666	19.333333333333332	17.0	inf	inf	53.00041961669922	20.0250186920166	32.64944839477539	inf
122	2	4	2	12.0	13.0	7.874557971954346	7.647856712341309	inf	inf	inf	inf	inf	inf	inf	inf	inf	inf
123	2	4	3	12.0	13.0	7.874557971954346	7.647856712341309	inf	-1.0	inf	15.0	31.333333333333332	inf	-1.0	inf	46.045318603515625	18.819198608398438
124	2	4	4	12.0	13.0	7.874557971954346	7.647856712341309	inf	inf	inf	inf	inf	inf	inf	inf	inf	inf
125	2	5	0	12.0	21.333333333333332	7.874557971954346	7.669750213623047	18.666666666666668	inf	inf	inf	inf	26.95418357849121	inf	inf	inf	inf
126	2	5	1	12.0	21.333333333333332	7.874557971954346	7.669750213623047	-1.0	inf	19.333333333333332	21.333333333333332	inf	-1.0	inf	19.579498291015625	11.894879341125488	inf
127	2	5	2	12.0	21.333333333333332	7.874557971954346	7.669750213623047	inf	inf	inf	inf	inf	inf	inf	inf	inf	inf
128	2	5	3	12.0	21.333333333333332	7.874557971954346	7.669750213623047	inf	inf	-1.0	32.0	18.0	inf	inf	-1.0	11.032185554504395	7.449817657470703
129	2	5	4	12.0	21.333333333333332	7.874557971954346	7.669750213623047	inf	inf	inf	inf	inf	inf	inf	inf	inf	inf
130	2	6	0	21.333333333333332	13.0	7.669750213623047	7.647856712341309	inf	inf	inf	-1.0	inf	inf	inf	inf	-1.0	inf
131	2	6	1	21.333333333333332	13.0	7.669750213623047	7.647856712341309	-1.0	-1.0	19.333333333333332	-1.0	-1.0	-1.0	-1.0	19.73527717590332	-1.0	-1.0
132	2	6	2	21.333333333333332	13.0	7.669750213623047	7.647856712341309	inf	inf	inf	inf	inf	inf	inf	inf	inf	inf
133	2	6	3	21.333333333333332	13.0	7.669750213623047	7.647856712341309	-1.0	21.0	-1.0	-1.0	-1.0	-1.0	18.527265548706055	-1.0	-1.0	-1.0
134	2	6	4	21.333333333333332	13.0	7.669750213623047	7.647856712341309	inf	inf	inf	inf	inf	inf	inf	inf	inf	inf
135	2	7	0	13.0	12.0	7.647856712341309	7.874557971954346	inf	15.0	-1.0	-1.0	inf	inf	42.92628479003906	-1.0	-1.0	inf
136	2	7	1	13.0	12.0	7.647856712341309	7.874557971954346	inf	14.333333333333334	14.333333333333334	15.0	-1.0	inf	15.541443824768066	9.728609085083008	22.908584594726562	-1.0
137	2	7	2	13.0	12.0	7.647856712341309	7.874557971954346	inf	inf	inf	inf	inf	inf	inf	inf	inf	inf
138	2	7	3	13.0	12.0	7.647856712341309	7.874557971954346	14.0	inf	15.0	12.666666666666666	-1.0	49.21883010864258	inf	11.59273624420166	55.19985580444336	-1.0
139	2	7	4	13.0	12.0	7.647856712341309	7.874557971954346	inf	inf	inf	inf	inf	inf	inf	inf	inf	inf
140	2	8	0	13.0	12.0	7.647856712341309	7.874557971954346	17.0	inf	-1.0	18.666666666666668	inf	19.115020751953125	inf	-1.0	19.117393493652344	inf
141	2	8	1	13.0	12.0	7.647856712341309	7.874557971954346	inf	15.0	13.0	-1.0	inf	inf	20.29341697692871	28.380268096923828	-1.0	inf
142	2	8	2	13.0	12.0	7.647856712341309	7.874557971954346	inf	inf	inf	inf	inf	inf	inf	inf	inf	inf
143	2	8	3	13.0	12.0	7.647856712341309	7.874557971954346	-1.0	inf	inf	-1.0	21.0	-1.0	inf	inf	-1.0	15.541275024414062
144	2	8	4	13.0	12.0	7.647856712341309	7.874557971954346	inf	inf	inf	inf	inf	inf	inf	inf	inf	inf
145	2	9	0	21.333333333333332	13.0	7.669750213623047	7.647856712341309	18.0	22.0	16.0	21.333333333333332	17.666666666666668	16.771461486816406	7.18065071105957	24.61174774169922	6.835568428039551	26.751663208007812
146	2	9	1	21.333333333333332	13.0	7.669750213623047	7.647856712341309	12.333333333333334	-1.0	-1.0	11.0	-1.0	27.921716690063477	-1.0	-1.0	21.866634368896484	-1.0
147	2	9	2	21.333333333333332	13.0	7.669750213623047	7.647856712341309	inf	inf	inf	inf	inf	inf	inf	inf	inf	inf
148	2	9	3	21.333333333333332	13.0	7.669750213623047	7.647856712341309	30.333333333333332	16.0	14.333333333333334	-1.0	inf	11.029905319213867	12.283865928649902	48.94858932495117	-1.0	inf
149	2	9	4	21.333333333333332	13.0	7.669750213623047	7.647856712341309	inf	inf	inf	inf	inf	inf	inf	inf	inf	inf
