	reset_island_iter	improve_iter	island	program_1_hamming_score	program_2_hamming_score	program_1_neural_score	program_2_neural_score	output_program_1_hamming_score	output_program_2_hamming_score	output_program_3_hamming_score	output_program_4_hamming_score	output_program_5_hamming_score	output_program_1_neural_score	output_program_2_neural_score	output_program_3_neural_score	output_program_4_neural_score	output_program_5_neural_score
0	0	0	0	0.12000000000000001	0.11	57.52251434326172	2.3905951976776123	0.15	0.12000000000000001	0.26999999999999996	-1.0	0.12	2.8129475116729736	1.786505937576294	21.238523483276367	-1.0	2.053778886795044
1	0	0	1	0.12000000000000001	0.11	57.52251434326172	2.3905951976776123	inf	inf	inf	inf	inf	inf	inf	inf	inf	inf
2	0	0	2	0.12000000000000001	0.11	57.52251434326172	2.3905951976776123	inf	inf	inf	0.11	-1.0	inf	inf	inf	29.97917938232422	-1.0
3	0	0	3	0.12000000000000001	0.11	57.52251434326172	2.3905951976776123	0.09666666666666666	0.11666666666666668	0.06666666666666667	-1.0	-1.0	2.035989999771118	2.848275661468506	1.7811837196350098	-1.0	-1.0
4	0	0	4	0.12000000000000001	0.11	57.52251434326172	2.3905951976776123	0.12000000000000001	-1.0	inf	0.12	0.9899999999999999	1.786505937576294	-1.0	inf	2.3376407623291016	67.39794158935547
5	0	1	0	0.12000000000000001	0.12000000000000001	57.52251434326172	1.786505937576294	0.9833333333333334	inf	inf	inf	0.9333333333333332	4.964265823364258	inf	inf	inf	47.98716735839844
6	0	1	1	0.12000000000000001	0.12000000000000001	57.52251434326172	1.786505937576294	inf	inf	0.09333333333333334	inf	inf	inf	inf	1.9267244338989258	inf	inf
7	0	1	2	0.12000000000000001	0.12000000000000001	57.52251434326172	1.786505937576294	inf					inf				
8	0	1	3	0.12000000000000001	0.12000000000000001	57.52251434326172	1.786505937576294	-1.0	0.09666666666666666	0.08333333333333333	0.09999999999999999	-1.0	-1.0	2.039135694503784	1.6939743757247925	2.5512003898620605	-1.0
9	0	1	4	0.12000000000000001	0.12000000000000001	57.52251434326172	1.786505937576294	inf	0.12333333333333334	inf	0.14	-1.0	inf	2.335178852081299	inf	3.2111358642578125	-1.0
10	0	2	0	0.12000000000000001	0.12333333333333334	1.786505937576294	2.335178852081299	inf	inf	inf	inf	inf	inf	inf	inf	inf	inf
11	0	2	1	0.12000000000000001	0.12333333333333334	1.786505937576294	2.335178852081299	0.13666666666666666	inf	0.08333333333333333	inf	inf	2.594937562942505	inf	2.6920361518859863	inf	inf
12	0	2	2	0.12000000000000001	0.12333333333333334	1.786505937576294	2.335178852081299	inf	inf	inf	inf	inf	inf	inf	inf	inf	inf
13	0	2	3	0.12000000000000001	0.12333333333333334	1.786505937576294	2.335178852081299	0.09333333333333334	-1.0	0.06	0.06666666666666667	-1.0	1.9267244338989258	-1.0	1.5871340036392212	1.7169100046157837	-1.0
14	0	2	4	0.12000000000000001	0.12333333333333334	1.786505937576294	2.335178852081299	inf	0.15	inf	-1.0	0.08333333333333333	inf	48.991539001464844	inf	-1.0	2.6920361518859863
15	0	3	0	0.14	0.12	3.2111358642578125	2.3376407623291016	-1.0	-1.0	0.15	-1.0	-1.0	-1.0	-1.0	48.991539001464844	-1.0	-1.0
16	0	3	1	0.14	0.12	3.2111358642578125	2.3376407623291016	inf	0.09666666666666668	inf	inf	0.15	inf	2.163987398147583	inf	inf	3.0614707469940186
17	0	3	2	0.14	0.12	3.2111358642578125	2.3376407623291016	inf	inf	inf	inf	inf	inf	inf	inf	inf	inf
18	0	3	3	0.14	0.12	3.2111358642578125	2.3376407623291016	0.09333333333333334	-1.0	-1.0	0.0		2.0521864891052246	-1.0	-1.0	0.0	
