	reset_island_iter	improve_iter	island	program_1_hamming_score	program_2_hamming_score	program_1_neural_score	program_2_neural_score	output_program_1_hamming_score	output_program_2_hamming_score	output_program_3_hamming_score	output_program_4_hamming_score	output_program_5_hamming_score	output_program_1_neural_score	output_program_2_neural_score	output_program_3_neural_score	output_program_4_neural_score	output_program_5_neural_score
0	0	0	0	100.0	26.333333333333332	6.113682270050049	6.017831325531006	inf	inf	inf	inf	inf	inf	inf	inf	inf	inf
1	0	0	1	100.0	26.333333333333332	6.113682270050049	6.017831325531006	inf	84.66666666666667	-1.0	-1.0	inf	inf	18.400390625	-1.0	-1.0	inf
2	0	0	2	100.0	26.333333333333332	6.113682270050049	6.017831325531006	14.333333333333334	26.333333333333332	inf	-1.0	-1.0	6.39335298538208	8.51614761352539	inf	-1.0	-1.0
3	0	0	3	100.0	26.333333333333332	6.113682270050049	6.017831325531006	24.0	21.666666666666668	24.0	21.666666666666668	26.333333333333332	38.871498107910156	3.870922327041626	5.303865909576416	24.32204818725586	8.51614761352539
4	0	0	4	100.0	26.333333333333332	6.113682270050049	6.017831325531006	13.333333333333334	inf	inf	inf	17.333333333333332	4.576947212219238	inf	inf	inf	3.6941988468170166
5	0	1	0	17.333333333333332	13.333333333333334	3.6941988468170166	4.576947212219238	inf	21.333333333333332	inf	inf	19.333333333333332	inf	3.6555943489074707	inf	inf	2.667764902114868
6	0	1	1	17.333333333333332	13.333333333333334	3.6941988468170166	4.576947212219238	inf	-1.0	14.333333333333334	-1.0	inf	inf	-1.0	7.115880012512207	-1.0	inf
7	0	1	2	17.333333333333332	13.333333333333334	3.6941988468170166	4.576947212219238	inf	11.333333333333334	-1.0	inf	inf	inf	5.382091522216797	-1.0	inf	inf
8	0	1	3	17.333333333333332	13.333333333333334	3.6941988468170166	4.576947212219238	-1.0	24.0	-1.0	-1.0	-1.0	-1.0	5.020419120788574	-1.0	-1.0	-1.0
9	0	1	4	17.333333333333332	13.333333333333334	3.6941988468170166	4.576947212219238	-1.0	inf	inf	inf	-1.0	-1.0	inf	inf	inf	-1.0
10	0	2	0	26.333333333333332	13.333333333333334	6.017831325531006	4.576947212219238	inf	inf	inf	inf	inf	inf	inf	inf	inf	inf
11	0	2	1	26.333333333333332	13.333333333333334	6.017831325531006	4.576947212219238	inf	inf	inf	inf	inf	inf	inf	inf	inf	inf
12	0	2	2	26.333333333333332	13.333333333333334	6.017831325531006	4.576947212219238	15.0	-1.0	14.666666666666666	-1.0	-1.0	4.451932907104492	-1.0	3.146594762802124	-1.0	-1.0
13	0	2	3	26.333333333333332	13.333333333333334	6.017831325531006	4.576947212219238	-1.0	-1.0	-1.0	-1.0	inf	-1.0	-1.0	-1.0	-1.0	inf
14	0	2	4	26.333333333333332	13.333333333333334	6.017831325531006	4.576947212219238	inf	14.333333333333334	88.0	inf	88.0	inf	2.826732873916626	49.554161071777344	inf	12.52001667022705
15	0	3	0	14.333333333333334	17.333333333333332	2.826732873916626	3.6941988468170166	23.333333333333332	-1.0	inf	-1.0	inf	3.140364170074463	-1.0	inf	-1.0	inf
16	0	3	1	14.333333333333334	17.333333333333332	2.826732873916626	3.6941988468170166	inf	inf	inf	inf	inf	inf	inf	inf	inf	inf
17	0	3	2	14.333333333333334	17.333333333333332	2.826732873916626	3.6941988468170166	-1.0	14.333333333333334	-1.0	-1.0	-1.0	-1.0	7.115880012512207	-1.0	-1.0	-1.0
18	0	3	3	14.333333333333334	17.333333333333332	2.826732873916626	3.6941988468170166	inf	inf	inf	-1.0	-1.0	inf	inf	inf	-1.0	-1.0
19	0	3	4	14.333333333333334	17.333333333333332	2.826732873916626	3.6941988468170166	inf	14.333333333333334	inf	inf	-1.0	inf	4.880255222320557	inf	inf	-1.0
20	0	4	0	17.333333333333332	14.333333333333334	3.6941988468170166	2.826732873916626	inf	inf	inf	inf	inf	inf	inf	inf	inf	inf
21	0	4	1	17.333333333333332	14.333333333333334	3.6941988468170166	2.826732873916626	inf	12.666666666666666	inf	inf	-1.0	inf	5.59199333190918	inf	inf	-1.0
22	0	4	2	17.333333333333332	14.333333333333334	3.6941988468170166	2.826732873916626	9.0	-1.0	-1.0	19.333333333333332	8.0	5.054100036621094	-1.0	-1.0	5.746496677398682	2.9410574436187744
23	0	4	3	17.333333333333332	14.333333333333334	3.6941988468170166	2.826732873916626	-1.0	-1.0	-1.0	-1.0	-1.0	-1.0	-1.0	-1.0	-1.0	-1.0
24	0	4	4	17.333333333333332	14.333333333333334	3.6941988468170166	2.826732873916626	inf	inf	inf	inf	88.0	inf	inf	inf	inf	45.839088439941406
25	0	5	0	13.333333333333334	14.333333333333334	4.576947212219238	2.826732873916626	-1.0	-1.0	-1.0	19.333333333333332	-1.0	-1.0	-1.0	-1.0	2.878504991531372	-1.0
26	0	5	1	13.333333333333334	14.333333333333334	4.576947212219238	2.826732873916626	inf	88.0	inf	92.66666666666667	-1.0	inf	74.21283721923828	inf	18.739253997802734	-1.0
27	0	5	2	13.333333333333334	14.333333333333334	4.576947212219238	2.826732873916626	-1.0	inf	inf	-1.0	inf	-1.0	inf	inf	-1.0	inf
28	0	5	3	13.333333333333334	14.333333333333334	4.576947212219238	2.826732873916626	inf	22.333333333333332	96.0	inf	inf	inf	3.222095489501953	26.08145523071289	inf	inf
29	0	5	4	13.333333333333334	14.333333333333334	4.576947212219238	2.826732873916626	-1.0	inf	-1.0	inf	-1.0	-1.0	inf	-1.0	inf	-1.0
30	0	6	0	14.333333333333334	14.333333333333334	4.880255222320557	2.826732873916626	-1.0	-1.0	-1.0	-1.0	-1.0	-1.0	-1.0	-1.0	-1.0	-1.0
31	0	6	1	14.333333333333334	14.333333333333334	4.880255222320557	2.826732873916626	inf	inf	inf	86.33333333333333	inf	inf	inf	inf	37.98485565185547	inf
32	0	6	2	14.333333333333334	14.333333333333334	4.880255222320557	2.826732873916626	inf	inf	inf	11.0	inf	inf	inf	inf	10.624079704284668	inf
33	0	6	3	14.333333333333334	14.333333333333334	4.880255222320557	2.826732873916626	inf	inf	inf	93.66666666666667	-1.0	inf	inf	inf	41.44856643676758	-1.0
34	0	6	4	14.333333333333334	14.333333333333334	4.880255222320557	2.826732873916626	inf	inf	-1.0	inf	inf	inf	inf	-1.0	inf	inf
35	0	7	0	14.333333333333334	14.333333333333334	2.826732873916626	4.880255222320557	26.333333333333332	inf	inf	inf	inf	6.170755386352539	inf	inf	inf	inf
36	0	7	1	14.333333333333334	14.333333333333334	2.826732873916626	4.880255222320557	-1.0	inf	-1.0	-1.0	-1.0	-1.0	inf	-1.0	-1.0	-1.0
37	0	7	2	14.333333333333334	14.333333333333334	2.826732873916626	4.880255222320557	inf	inf	inf	-1.0	inf	inf	inf	inf	-1.0	inf
38	0	7	3	14.333333333333334	14.333333333333334	2.826732873916626	4.880255222320557	inf	13.333333333333334	20.0	24.0	inf	inf	2.3165667057037354	3.2391457557678223	3.6010169982910156	inf
39	0	7	4	14.333333333333334	14.333333333333334	2.826732873916626	4.880255222320557	inf	-1.0	inf	inf	inf	inf	-1.0	inf	inf	inf
40	0	8	0	14.333333333333334	17.333333333333332	2.826732873916626	3.6941988468170166	12.0	inf	-1.0	inf	inf	5.099396705627441	inf	-1.0	inf	inf
41	0	8	1	14.333333333333334	17.333333333333332	2.826732873916626	3.6941988468170166	inf	-1.0	inf	55.0	-1.0	inf	-1.0	inf	16.334205627441406	-1.0
42	0	8	2	14.333333333333334	17.333333333333332	2.826732873916626	3.6941988468170166	-1.0	inf	-1.0	inf	inf	-1.0	inf	-1.0	inf	inf
43	0	8	3	14.333333333333334	17.333333333333332	2.826732873916626	3.6941988468170166	inf	-1.0	-1.0	inf	16.666666666666668	inf	-1.0	-1.0	inf	4.427116870880127
44	0	8	4	14.333333333333334	17.333333333333332	2.826732873916626	3.6941988468170166	14.333333333333334	inf	inf	inf	inf	2.3960232734680176	inf	inf	inf	inf
45	0	9	0	14.333333333333334	14.333333333333334	2.3960232734680176	2.826732873916626	-1.0	-1.0	-1.0	-1.0	24.0	-1.0	-1.0	-1.0	-1.0	3.335845470428467
46	0	9	1	14.333333333333334	14.333333333333334	2.3960232734680176	2.826732873916626	inf	inf	-1.0	26.333333333333332	11.0	inf	inf	-1.0	73.97813415527344	2.4992246627807617
47	0	9	2	14.333333333333334	14.333333333333334	2.3960232734680176	2.826732873916626	26.333333333333332	13.333333333333334	11.0	11.333333333333334	-1.0	59.79167938232422	4.0254669189453125	4.297299861907959	7.671528339385986	-1.0
48	0	9	3	14.333333333333334	14.333333333333334	2.3960232734680176	2.826732873916626	20.0	16.0	inf	-1.0	24.0	3.4633538722991943	4.501881122589111	inf	-1.0	6.13256311416626
49	0	9	4	14.333333333333334	14.333333333333334	2.3960232734680176	2.826732873916626	inf	inf	inf	inf	inf	inf	inf	inf	inf	inf
50	1	0	0	14.666666666666666	22.666666666666668	3.146594762802124	3.1469264030456543	-1.0	15.333333333333334	17.666666666666668	20.0	13.333333333333334	-1.0	2.397721767425537	2.8795523643493652	3.58276104927063	2.612076759338379
51	1	0	1	14.666666666666666	22.666666666666668	3.146594762802124	3.1469264030456543	26.333333333333332	inf	21.333333333333332	inf	-1.0	8.51614761352539	inf	3.447587251663208	inf	-1.0
52	1	0	2	14.666666666666666	22.666666666666668	3.146594762802124	3.1469264030456543	10.333333333333334	-1.0	8.666666666666666	-1.0	-1.0	2.64544939994812	-1.0	1.8902918100357056	-1.0	-1.0
53	1	0	3	14.666666666666666	22.666666666666668	3.146594762802124	3.1469264030456543	13.333333333333334	-1.0	-1.0	15.333333333333334	-1.0	4.0254669189453125	-1.0	-1.0	4.0160651206970215	-1.0
54	1	0	4	14.666666666666666	22.666666666666668	3.146594762802124	3.1469264030456543	15.0	-1.0	-1.0	-1.0	inf	4.451932907104492	-1.0	-1.0	-1.0	inf
55	1	1	0	22.666666666666668	14.666666666666666	3.1469264030456543	3.146594762802124	inf	inf	inf	inf	inf	inf	inf	inf	inf	inf
56	1	1	1	22.666666666666668	14.666666666666666	3.1469264030456543	3.146594762802124	inf	inf	inf	inf	24.333333333333332	inf	inf	inf	inf	4.448948860168457
57	1	1	2	22.666666666666668	14.666666666666666	3.1469264030456543	3.146594762802124	inf	inf	inf	16.666666666666668	-1.0	inf	inf	inf	3.9465036392211914	-1.0
58	1	1	3	22.666666666666668	14.666666666666666	3.1469264030456543	3.146594762802124	13.666666666666666	15.0	11.333333333333334	13.666666666666666	14.333333333333334	3.5330045223236084	3.4710397720336914	5.382091522216797	5.029597282409668	3.6853528022766113
59	1	1	4	22.666666666666668	14.666666666666666	3.1469264030456543	3.146594762802124	-1.0	inf	-1.0	-1.0	-1.0	-1.0	inf	-1.0	-1.0	-1.0
60	1	2	0	22.666666666666668	14.666666666666666	3.1469264030456543	3.146594762802124	-1.0	10.666666666666666	9.0	14.666666666666666	10.333333333333334	-1.0	3.4688546657562256	3.051042318344116	2.5676052570343018	2.3968982696533203
61	1	2	1	22.666666666666668	14.666666666666666	3.1469264030456543	3.146594762802124	inf	-1.0	24.333333333333332	inf	inf	inf	-1.0	3.18235445022583	inf	inf
62	1	2	2	22.666666666666668	14.666666666666666	3.1469264030456543	3.146594762802124	16.0	inf	inf	inf	inf	3.7829372882843018	inf	inf	inf	inf
63	1	2	3	22.666666666666668	14.666666666666666	3.1469264030456543	3.146594762802124	-1.0	inf	inf	inf	inf	-1.0	inf	inf	inf	inf
64	1	2	4	22.666666666666668	14.666666666666666	3.1469264030456543	3.146594762802124	-1.0	-1.0	-1.0	inf	inf	-1.0	-1.0	-1.0	inf	inf
65	1	3	0	14.666666666666666	22.666666666666668	3.146594762802124	3.1469264030456543	-1.0	-1.0	-1.0	-1.0	inf	-1.0	-1.0	-1.0	-1.0	inf
66	1	3	1	14.666666666666666	22.666666666666668	3.146594762802124	3.1469264030456543	inf	inf	inf	26.333333333333332	inf	inf	inf	inf	3.474813938140869	inf
67	1	3	2	14.666666666666666	22.666666666666668	3.146594762802124	3.1469264030456543	inf	inf	inf	inf	inf	inf	inf	inf	inf	inf
68	1	3	3	14.666666666666666	22.666666666666668	3.146594762802124	3.1469264030456543	inf	inf	inf	inf	inf	inf	inf	inf	inf	inf
69	1	3	4	14.666666666666666	22.666666666666668	3.146594762802124	3.1469264030456543	-1.0	inf	inf	inf	inf	-1.0	inf	inf	inf	inf
70	1	4	0	22.666666666666668	14.666666666666666	3.1469264030456543	3.146594762802124	20.0	-1.0	inf	15.666666666666666	12.333333333333334	3.2391457557678223	-1.0	inf	4.3953351974487305	3.596444845199585
71	1	4	1	22.666666666666668	14.666666666666666	3.1469264030456543	3.146594762802124	inf	inf	inf	inf	inf	inf	inf	inf	inf	inf
72	1	4	2	22.666666666666668	14.666666666666666	3.1469264030456543	3.146594762802124	inf	inf	inf	inf	inf	inf	inf	inf	inf	inf
73	1	4	3	22.666666666666668	14.666666666666666	3.1469264030456543	3.146594762802124	inf	12.666666666666666	inf	inf	inf	inf	4.1883440017700195	inf	inf	inf
74	1	4	4	22.666666666666668	14.666666666666666	3.1469264030456543	3.146594762802124	inf	inf	inf	-1.0	inf	inf	inf	inf	-1.0	inf
75	1	5	0	15.0	14.666666666666666	4.451932907104492	3.146594762802124	inf	8.0	-1.0	-1.0	-1.0	inf	2.7821462154388428	-1.0	-1.0	-1.0
76	1	5	1	15.0	14.666666666666666	4.451932907104492	3.146594762802124	-1.0	inf	-1.0	24.333333333333332	-1.0	-1.0	inf	-1.0	4.386875629425049	-1.0
77	1	5	2	15.0	14.666666666666666	4.451932907104492	3.146594762802124	inf	inf	10.0	8.666666666666666	-1.0	inf	inf	3.126544952392578	3.727837562561035	-1.0
78	1	5	3	15.0	14.666666666666666	4.451932907104492	3.146594762802124	14.0	12.0	inf	19.333333333333332	12.666666666666666	2.852996587753296	3.0288844108581543	inf	3.2517385482788086	3.499083995819092
79	1	5	4	15.0	14.666666666666666	4.451932907104492	3.146594762802124	-1.0	inf	100.0	-1.0	-1.0	-1.0	inf	5.822547912597656	-1.0	-1.0
80	1	6	0	22.666666666666668	14.666666666666666	3.1469264030456543	3.146594762802124	-1.0	-1.0	inf	-1.0	15.666666666666666	-1.0	-1.0	inf	-1.0	4.144796371459961
81	1	6	1	22.666666666666668	14.666666666666666	3.1469264030456543	3.146594762802124	inf	-1.0	inf	inf	inf	inf	-1.0	inf	inf	inf
82	1	6	2	22.666666666666668	14.666666666666666	3.1469264030456543	3.146594762802124	inf	-1.0	-1.0	-1.0	9.333333333333334	inf	-1.0	-1.0	-1.0	2.8517441749572754
83	1	6	3	22.666666666666668	14.666666666666666	3.1469264030456543	3.146594762802124	11.333333333333334	-1.0	-1.0	9.0	12.0	4.41914176940918	-1.0	-1.0	3.2345211505889893	5.10603666305542
84	1	6	4	22.666666666666668	14.666666666666666	3.1469264030456543	3.146594762802124	inf	inf	inf	inf	inf	inf	inf	inf	inf	inf
85	1	7	0	14.666666666666666	22.666666666666668	3.146594762802124	3.1469264030456543	inf	inf	inf	inf	inf	inf	inf	inf	inf	inf
86	1	7	1	14.666666666666666	22.666666666666668	3.146594762802124	3.1469264030456543	20.0	-1.0	inf	inf	-1.0	3.3780603408813477	-1.0	inf	inf	-1.0
87	1	7	2	14.666666666666666	22.666666666666668	3.146594762802124	3.1469264030456543	inf	-1.0	inf	26.333333333333332	inf	inf	-1.0	inf	73.97813415527344	inf
88	1	7	3	14.666666666666666	22.666666666666668	3.146594762802124	3.1469264030456543	12.666666666666666	inf	inf	inf	18.0	4.950130939483643	inf	inf	inf	3.652790069580078
89	1	7	4	14.666666666666666	22.666666666666668	3.146594762802124	3.1469264030456543	inf	-1.0	inf	inf	inf	inf	-1.0	inf	inf	inf
90	1	8	0	15.0	22.666666666666668	4.451932907104492	3.1469264030456543	inf	inf	inf	inf	inf	inf	inf	inf	inf	inf
91	1	8	1	15.0	22.666666666666668	4.451932907104492	3.1469264030456543	inf	inf	inf	inf	26.333333333333332	inf	inf	inf	inf	3.575202226638794
92	1	8	2	15.0	22.666666666666668	4.451932907104492	3.1469264030456543	inf	inf	inf	7.333333333333333	inf	inf	inf	inf	2.6540398597717285	inf
93	1	8	3	15.0	22.666666666666668	4.451932907104492	3.1469264030456543	inf	-1.0	inf	-1.0	12.333333333333334	inf	-1.0	inf	-1.0	3.0100605487823486
94	1	8	4	15.0	22.666666666666668	4.451932907104492	3.1469264030456543	inf	-1.0	88.66666666666667	inf	inf	inf	-1.0	58.64336395263672	inf	inf
95	1	9	0	22.666666666666668	14.666666666666666	3.1469264030456543	3.146594762802124	inf	inf	inf	inf	inf	inf	inf	inf	inf	inf
96	1	9	1	22.666666666666668	14.666666666666666	3.1469264030456543	3.146594762802124	inf	21.333333333333332	-1.0	inf	-1.0	inf	3.2419486045837402	-1.0	inf	-1.0
97	1	9	2	22.666666666666668	14.666666666666666	3.1469264030456543	3.146594762802124	17.666666666666668	inf	-1.0	inf	-1.0	4.641165733337402	inf	-1.0	inf	-1.0
98	1	9	3	22.666666666666668	14.666666666666666	3.1469264030456543	3.146594762802124	inf	20.0	-1.0	-1.0	14.333333333333334	inf	3.2391457557678223	-1.0	-1.0	7.115880012512207
99	1	9	4	22.666666666666668	14.666666666666666	3.1469264030456543	3.146594762802124	inf	inf	inf	inf	inf	inf	inf	inf	inf	inf
100	2	0	0	14.0	13.0	2.477416515350342	2.4384238719940186	9.666666666666666	11.333333333333334	-1.0	-1.0	-1.0	3.8859200477600098	4.266835689544678	-1.0	-1.0	-1.0
101	2	0	1	14.0	13.0	2.477416515350342	2.4384238719940186	inf	inf	14.333333333333334	-1.0	-1.0	inf	inf	2.681025981903076	-1.0	-1.0
102	2	0	2	14.0	13.0	2.477416515350342	2.4384238719940186	22.0	-1.0	24.0	-1.0	-1.0	2.5940604209899902	-1.0	2.6605284214019775	-1.0	-1.0
103	2	0	3	14.0	13.0	2.477416515350342	2.4384238719940186	14.666666666666666	-1.0	-1.0	-1.0	-1.0	3.146594762802124	-1.0	-1.0	-1.0	-1.0
104	2	0	4	14.0	13.0	2.477416515350342	2.4384238719940186	inf	19.0	inf	inf	inf	inf	3.2639424800872803	inf	inf	inf
105	2	1	0	13.0	14.0	2.4384238719940186	2.477416515350342	14.0	13.0	13.0	inf	-1.0	2.580939292907715	2.4256997108459473	1.98683500289917	inf	-1.0
106	2	1	1	13.0	14.0	2.4384238719940186	2.477416515350342	11.333333333333334	14.333333333333334	-1.0	-1.0	inf	5.382091522216797	7.115880012512207	-1.0	-1.0	inf
107	2	1	2	13.0	14.0	2.4384238719940186	2.477416515350342	17.666666666666668	12.333333333333334	-1.0	-1.0	-1.0	2.945493459701538	2.3804566860198975	-1.0	-1.0	-1.0
108	2	1	3	13.0	14.0	2.4384238719940186	2.477416515350342	-1.0	-1.0	14.0	11.333333333333334	-1.0	-1.0	-1.0	3.6761364936828613	2.9666733741760254	-1.0
109	2	1	4	13.0	14.0	2.4384238719940186	2.477416515350342	inf	11.0	inf	inf	inf	inf	2.4992246627807617	inf	inf	inf
110	2	2	0	11.0	14.0	2.4992246627807617	2.477416515350342	-1.0	-1.0	-1.0	-1.0	-1.0	-1.0	-1.0	-1.0	-1.0	-1.0
111	2	2	1	11.0	14.0	2.4992246627807617	2.477416515350342	20.0	-1.0	-1.0	-1.0	-1.0	2.906068801879883	-1.0	-1.0	-1.0	-1.0
112	2	2	2	11.0	14.0	2.4992246627807617	2.477416515350342	-1.0	-1.0	inf	-1.0	-1.0	-1.0	-1.0	inf	-1.0	-1.0
113	2	2	3	11.0	14.0	2.4992246627807617	2.477416515350342	-1.0	-1.0	-1.0	-1.0	14.666666666666666	-1.0	-1.0	-1.0	-1.0	9.438348770141602
114	2	2	4	11.0	14.0	2.4992246627807617	2.477416515350342	inf	inf	inf	inf	inf	inf	inf	inf	inf	inf
115	2	3	0	14.0	11.0	2.477416515350342	2.4992246627807617	-1.0	20.0	11.333333333333334	-1.0	inf	-1.0	23.284282684326172	2.383845090866089	-1.0	inf
116	2	3	1	14.0	11.0	2.477416515350342	2.4992246627807617	10.666666666666666	inf	inf	9.666666666666666	inf	2.9338443279266357	inf	inf	4.093522548675537	inf
117	2	3	2	14.0	11.0	2.477416515350342	2.4992246627807617	91.33333333333333	inf	-1.0	86.0	-1.0	49.41631317138672	inf	-1.0	40.0	-1.0
118	2	3	3	14.0	11.0	2.477416515350342	2.4992246627807617	-1.0	-1.0	inf	12.0	-1.0	-1.0	-1.0	inf	5.099396705627441	-1.0
119	2	3	4	14.0	11.0	2.477416515350342	2.4992246627807617	inf	inf	inf	inf	inf	inf	inf	inf	inf	inf
120	2	4	0	19.0	13.0	3.2639424800872803	2.4384238719940186	-1.0	inf	inf	inf	inf	-1.0	inf	inf	inf	inf
121	2	4	1	19.0	13.0	3.2639424800872803	2.4384238719940186	12.666666666666666	-1.0	-1.0	-1.0	-1.0	4.950130939483643	-1.0	-1.0	-1.0	-1.0
122	2	4	2	19.0	13.0	3.2639424800872803	2.4384238719940186	inf	-1.0	-1.0	-1.0	inf	inf	-1.0	-1.0	-1.0	inf
123	2	4	3	19.0	13.0	3.2639424800872803	2.4384238719940186	inf	-1.0	-1.0	-1.0	-1.0	inf	-1.0	-1.0	-1.0	-1.0
124	2	4	4	19.0	13.0	3.2639424800872803	2.4384238719940186	inf	inf	inf	-1.0	inf	inf	inf	inf	-1.0	inf
125	2	5	0	11.0	13.0	2.4992246627807617	2.4384238719940186	-1.0	-1.0	-1.0	-1.0	14.666666666666666	-1.0	-1.0	-1.0	-1.0	3.146594762802124
126	2	5	1	11.0	13.0	2.4992246627807617	2.4384238719940186	-1.0	inf	inf	inf	inf	-1.0	inf	inf	inf	inf
127	2	5	2	11.0	13.0	2.4992246627807617	2.4384238719940186	inf	inf	inf	14.666666666666666	inf	inf	inf	inf	3.146594762802124	inf
128	2	5	3	11.0	13.0	2.4992246627807617	2.4384238719940186	inf	-1.0	-1.0	-1.0	-1.0	inf	-1.0	-1.0	-1.0	-1.0
129	2	5	4	11.0	13.0	2.4992246627807617	2.4384238719940186	inf	inf	inf	inf	inf	inf	inf	inf	inf	inf
130	2	6	0	13.0	11.0	2.4384238719940186	2.4992246627807617	-1.0	-1.0	17.333333333333332	inf	16.0	-1.0	-1.0	2.912169933319092	inf	2.5280325412750244
131	2	6	1	13.0	11.0	2.4384238719940186	2.4992246627807617	16.666666666666668	-1.0	inf	-1.0	-1.0	2.7904505729675293	-1.0	inf	-1.0	-1.0
132	2	6	2	13.0	11.0	2.4384238719940186	2.4992246627807617	inf	inf	inf	inf	inf	inf	inf	inf	inf	inf
133	2	6	3	13.0	11.0	2.4384238719940186	2.4992246627807617	-1.0	-1.0	11.0	-1.0	-1.0	-1.0	-1.0	4.030086040496826	-1.0	-1.0
134	2	6	4	13.0	11.0	2.4384238719940186	2.4992246627807617	14.333333333333334	inf	inf	inf	inf	7.115880012512207	inf	inf	inf	inf
135	2	7	0	13.0	19.0	2.4384238719940186	3.2639424800872803	-1.0	-1.0	-1.0	-1.0	-1.0	-1.0	-1.0	-1.0	-1.0	-1.0
136	2	7	1	13.0	19.0	2.4384238719940186	3.2639424800872803	inf	-1.0	-1.0	inf	inf	inf	-1.0	-1.0	inf	inf
137	2	7	2	13.0	19.0	2.4384238719940186	3.2639424800872803	inf	inf	inf	inf	inf	inf	inf	inf	inf	inf
138	2	7	3	13.0	19.0	2.4384238719940186	3.2639424800872803	-1.0	-1.0	-1.0	-1.0	-1.0	-1.0	-1.0	-1.0	-1.0	-1.0
139	2	7	4	13.0	19.0	2.4384238719940186	3.2639424800872803	inf	inf	inf	inf	inf	inf	inf	inf	inf	inf
140	2	8	0	13.0	11.0	2.4384238719940186	2.4992246627807617	14.0	inf	15.0	inf	-1.0	4.363343715667725	inf	5.662376880645752	inf	-1.0
141	2	8	1	13.0	11.0	2.4384238719940186	2.4992246627807617	inf	inf	-1.0	-1.0	-1.0	inf	inf	-1.0	-1.0	-1.0
142	2	8	2	13.0	11.0	2.4384238719940186	2.4992246627807617	-1.0	inf	-1.0	14.333333333333334	-1.0	-1.0	inf	-1.0	7.115880012512207	-1.0
143	2	8	3	13.0	11.0	2.4384238719940186	2.4992246627807617	16.0	17.666666666666668	inf	-1.0	-1.0	3.1983530521392822	2.945493459701538	inf	-1.0	-1.0
144	2	8	4	13.0	11.0	2.4384238719940186	2.4992246627807617	inf	inf	inf	inf	inf	inf	inf	inf	inf	inf
145	2	9	0	14.0	11.0	2.477416515350342	2.4992246627807617	16.0	inf	inf	-1.0	-1.0	2.5574991703033447	inf	inf	-1.0	-1.0
146	2	9	1	14.0	11.0	2.477416515350342	2.4992246627807617	-1.0	inf	-1.0	18.333333333333332	inf	-1.0	inf	-1.0	2.883662700653076	inf
147	2	9	2	14.0	11.0	2.477416515350342	2.4992246627807617	inf	inf	inf	inf	inf	inf	inf	inf	inf	inf
148	2	9	3	14.0	11.0	2.477416515350342	2.4992246627807617	inf	-1.0	-1.0	-1.0	-1.0	inf	-1.0	-1.0	-1.0	-1.0
149	2	9	4	14.0	11.0	2.477416515350342	2.4992246627807617	inf	inf	inf	inf	inf	inf	inf	inf	inf	inf
