	reset_island_iter	improve_iter	island	program_1_hamming_score	program_2_hamming_score	program_1_neural_score	program_2_neural_score	output_program_1_hamming_score	output_program_2_hamming_score	output_program_3_hamming_score	output_program_4_hamming_score	output_program_5_hamming_score	output_program_1_neural_score	output_program_2_neural_score	output_program_3_neural_score	output_program_4_neural_score	output_program_5_neural_score
0	0	0	0	110.66666666666667	25.333333333333332	6.527772426605225	7.667792320251465	13.666666666666666	-1.0	-1.0	-1.0	inf	21.83329200744629	-1.0	-1.0	-1.0	inf
1	0	0	1	110.66666666666667	25.333333333333332	6.527772426605225	7.667792320251465	inf	13.666666666666666	13.0	46.333333333333336	-1.0	inf	21.83329200744629	20.727489471435547	81.54158782958984	-1.0
2	0	0	2	110.66666666666667	25.333333333333332	6.527772426605225	7.667792320251465	36.0	42.333333333333336	31.333333333333332	40.333333333333336	36.0	9.28398323059082	16.407302856445312	8.589120864868164	14.421446800231934	10.147184371948242
3	0	0	3	110.66666666666667	25.333333333333332	6.527772426605225	7.667792320251465	144.0	47.0	144.0	-1.0	-1.0	4.876364707946777	15.985774993896484	8.318774223327637	-1.0	-1.0
4	0	0	4	110.66666666666667	25.333333333333332	6.527772426605225	7.667792320251465	inf					inf				
5	0	1	0	110.66666666666667	25.333333333333332	6.527772426605225	7.667792320251465	84.33333333333333	77.0	79.66666666666667	51.333333333333336	25.0	14.509828567504883	15.416657447814941	24.09130859375	21.683713912963867	17.882978439331055
6	0	1	1	110.66666666666667	25.333333333333332	6.527772426605225	7.667792320251465	inf	inf	inf	47.0	inf	inf	inf	inf	85.86237335205078	inf
7	0	1	2	110.66666666666667	25.333333333333332	6.527772426605225	7.667792320251465	12.333333333333334	5.666666666666667	inf	16.333333333333332	-1.0	18.104351043701172	3.3709909915924072	inf	12.917413711547852	-1.0
8	0	1	3	110.66666666666667	25.333333333333332	6.527772426605225	7.667792320251465	37.666666666666664	37.666666666666664				18.684247970581055	16.389535903930664			
9	0	1	4	110.66666666666667	25.333333333333332	6.527772426605225	7.667792320251465	inf	inf	inf	inf	inf	inf	inf	inf	inf	inf
10	0	2	0	25.333333333333332	110.66666666666667	7.667792320251465	6.527772426605225	47.0	inf	-1.0	inf	140.0	16.718441009521484	inf	-1.0	inf	46.574668884277344
11	0	2	1	25.333333333333332	110.66666666666667	7.667792320251465	6.527772426605225	inf	-1.0	47.0	inf	-1.0	inf	-1.0	81.4032211303711	inf	-1.0
12	0	2	2	25.333333333333332	110.66666666666667	7.667792320251465	6.527772426605225	-1.0	inf	inf	-1.0	inf	-1.0	inf	inf	-1.0	inf
13	0	2	3	25.333333333333332	110.66666666666667	7.667792320251465	6.527772426605225	11.0	20.0	65.33333333333333	-1.0	-1.0	8.769754409790039	7.901059150695801	6.997888088226318	-1.0	-1.0
14	0	2	4	25.333333333333332	110.66666666666667	7.667792320251465	6.527772426605225	inf	inf	inf	inf	inf	inf	inf	inf	inf	inf
15	0	3	0	25.333333333333332	110.66666666666667	7.667792320251465	6.527772426605225	-1.0	inf	inf	47.333333333333336	inf	-1.0	inf	inf	16.523521423339844	inf
16	0	3	1	25.333333333333332	110.66666666666667	7.667792320251465	6.527772426605225	inf	inf	13.666666666666666	47.0	inf	inf	inf	20.54962730407715	81.63011169433594	inf
17	0	3	2	25.333333333333332	110.66666666666667	7.667792320251465	6.527772426605225	inf	-1.0	54.0	inf	inf	inf	-1.0	20.934024810791016	inf	inf
18	0	3	3	25.333333333333332	110.66666666666667	7.667792320251465	6.527772426605225	13.666666666666666	inf	-1.0	-1.0	13.333333333333334	18.349720001220703	inf	-1.0	-1.0	11.602340698242188
19	0	3	4	25.333333333333332	110.66666666666667	7.667792320251465	6.527772426605225	inf	inf	inf	inf	inf	inf	inf	inf	inf	inf
20	0	4	0	25.333333333333332	110.66666666666667	7.667792320251465	6.527772426605225	-1.0	inf	inf	-1.0	-1.0	-1.0	inf	inf	-1.0	-1.0
21	0	4	1	25.333333333333332	110.66666666666667	7.667792320251465	6.527772426605225	inf	inf	inf	inf	inf	inf	inf	inf	inf	inf
22	0	4	2	25.333333333333332	110.66666666666667	7.667792320251465	6.527772426605225	inf	-1.0	5.666666666666667	inf	43.333333333333336	inf	-1.0	3.3190295696258545	inf	20.097749710083008
23	0	4	3	25.333333333333332	110.66666666666667	7.667792320251465	6.527772426605225	-1.0	13.0	-1.0	12.666666666666666	-1.0	-1.0	17.087087631225586	-1.0	11.854653358459473	-1.0
24	0	4	4	25.333333333333332	110.66666666666667	7.667792320251465	6.527772426605225	inf	inf	inf	inf	inf	inf	inf	inf	inf	inf
25	0	5	0	110.66666666666667	25.333333333333332	6.527772426605225	7.667792320251465	-1.0	-1.0	-1.0	140.0	-1.0	-1.0	-1.0	-1.0	85.12586212158203	-1.0
26	0	5	1	110.66666666666667	25.333333333333332	6.527772426605225	7.667792320251465	inf	inf	inf	13.666666666666666	inf	inf	inf	inf	20.343265533447266	inf
27	0	5	2	110.66666666666667	25.333333333333332	6.527772426605225	7.667792320251465	inf	47.333333333333336	-1.0	-1.0	-1.0	inf	13.916231155395508	-1.0	-1.0	-1.0
28	0	5	3	110.66666666666667	25.333333333333332	6.527772426605225	7.667792320251465	inf	46.333333333333336	19.0	41.0	21.0	inf	10.250382423400879	7.51458740234375	8.9105224609375	8.873026847839355
29	0	5	4	110.66666666666667	25.333333333333332	6.527772426605225	7.667792320251465	inf	inf	inf	inf	inf	inf	inf	inf	inf	inf
30	0	6	0	25.333333333333332	110.66666666666667	7.667792320251465	6.527772426605225	47.0	-1.0	-1.0	-1.0	inf	19.975461959838867	-1.0	-1.0	-1.0	inf
31	0	6	1	25.333333333333332	110.66666666666667	7.667792320251465	6.527772426605225	inf	inf	inf	inf	-1.0	inf	inf	inf	inf	-1.0
32	0	6	2	25.333333333333332	110.66666666666667	7.667792320251465	6.527772426605225	inf	inf	inf	inf	-1.0	inf	inf	inf	inf	-1.0
33	0	6	3	25.333333333333332	110.66666666666667	7.667792320251465	6.527772426605225	47.0	30.333333333333332	28.0	28.333333333333332	30.333333333333332	10.849945068359375	6.768640518188477	8.578689575195312	8.425180435180664	7.7866997718811035
34	0	6	4	25.333333333333332	110.66666666666667	7.667792320251465	6.527772426605225	47.0	47.0	-1.0	-1.0	-1.0	73.8409194946289	73.6891860961914	-1.0	-1.0	-1.0
35	0	7	0	110.66666666666667	25.333333333333332	6.527772426605225	7.667792320251465	-1.0	-1.0	-1.0	-1.0	-1.0	-1.0	-1.0	-1.0	-1.0	-1.0
36	0	7	1	110.66666666666667	25.333333333333332	6.527772426605225	7.667792320251465	inf	inf	inf	inf	-1.0	inf	inf	inf	inf	-1.0
37	0	7	2	110.66666666666667	25.333333333333332	6.527772426605225	7.667792320251465	inf	inf	inf	inf	inf	inf	inf	inf	inf	inf
38	0	7	3	110.66666666666667	25.333333333333332	6.527772426605225	7.667792320251465	36.0	26.333333333333332	42.0	36.0	31.0	20.88210678100586	8.569005966186523	16.489883422851562	19.631555557250977	14.46896743774414
39	0	7	4	110.66666666666667	25.333333333333332	6.527772426605225	7.667792320251465	23.0	19.333333333333332	inf	17.0	-1.0	20.214548110961914	18.468597412109375	inf	7.679431915283203	-1.0
40	0	8	0	25.333333333333332	110.66666666666667	7.667792320251465	6.527772426605225	-1.0	-1.0	-1.0	-1.0	-1.0	-1.0	-1.0	-1.0	-1.0	-1.0
41	0	8	1	25.333333333333332	110.66666666666667	7.667792320251465	6.527772426605225	inf	inf	inf	inf	-1.0	inf	inf	inf	inf	-1.0
42	0	8	2	25.333333333333332	110.66666666666667	7.667792320251465	6.527772426605225	76.66666666666667	39.0				16.95303726196289	4.903225898742676			
43	0	8	3	25.333333333333332	110.66666666666667	7.667792320251465	6.527772426605225	13.666666666666666	-1.0	-1.0	-1.0	-1.0	21.83329200744629	-1.0	-1.0	-1.0	-1.0
44	0	8	4	25.333333333333332	110.66666666666667	7.667792320251465	6.527772426605225	inf	17.333333333333332	inf	14.666666666666666	inf	inf	20.84413719177246	inf	13.407697677612305	inf
45	0	9	0	110.66666666666667	17.0	6.527772426605225	7.679431915283203	inf	inf				inf	inf			
46	0	9	1	110.66666666666667	17.0	6.527772426605225	7.679431915283203	-1.0	-1.0	-1.0	-1.0	-1.0	-1.0	-1.0	-1.0	-1.0	-1.0
47	0	9	2	110.66666666666667	17.0	6.527772426605225	7.679431915283203	inf	inf				inf	inf			
48	0	9	3	110.66666666666667	17.0	6.527772426605225	7.679431915283203	13.0	-1.0	14.666666666666666	-1.0	56.333333333333336	20.281719207763672	-1.0	18.93709945678711	-1.0	8.487732887268066
49	0	9	4	110.66666666666667	17.0	6.527772426605225	7.679431915283203	inf	inf	inf	inf	inf	inf	inf	inf	inf	inf
50	1	0	0	13.666666666666666	110.66666666666667	4.646764755249023	4.762320041656494	7.333333333333333	-1.0	-1.0	-1.0	38.0	4.374675750732422	-1.0	-1.0	-1.0	37.832664489746094
51	1	0	1	13.666666666666666	110.66666666666667	4.646764755249023	4.762320041656494	13.666666666666666	-1.0	-1.0	-1.0	inf	21.83329200744629	-1.0	-1.0	-1.0	inf
52	1	0	2	13.666666666666666	110.66666666666667	4.646764755249023	4.762320041656494	9.666666666666666	8.666666666666666	86.0	9.666666666666666	47.333333333333336	8.305493354797363	4.556303977966309	43.228416442871094	8.467557907104492	21.325881958007812
53	1	0	3	13.666666666666666	110.66666666666667	4.646764755249023	4.762320041656494	16.0	49.666666666666664	13.0	27.333333333333332	22.0	9.32517147064209	24.055925369262695	9.289609909057617	18.343599319458008	11.773146629333496
54	1	0	4	13.666666666666666	110.66666666666667	4.646764755249023	4.762320041656494	43.0	31.0	43.0	47.0	38.0	4.320377349853516	17.02893829345703	4.496297359466553	16.194120407104492	3.5798845291137695
55	1	1	0	38.0	43.0	3.5798845291137695	4.320377349853516	-1.0	-1.0	-1.0	inf	inf	-1.0	-1.0	-1.0	inf	inf
56	1	1	1	38.0	43.0	3.5798845291137695	4.320377349853516	-1.0	-1.0	-1.0	-1.0	-1.0	-1.0	-1.0	-1.0	-1.0	-1.0
57	1	1	2	38.0	43.0	3.5798845291137695	4.320377349853516	54.0	7.666666666666667	-1.0	-1.0	45.666666666666664	22.226346969604492	9.600178718566895	-1.0	-1.0	17.0509033203125
58	1	1	3	38.0	43.0	3.5798845291137695	4.320377349853516	35.666666666666664	46.666666666666664	inf	inf	16.333333333333332	17.31354331970215	20.585105895996094	inf	inf	19.608264923095703
59	1	1	4	38.0	43.0	3.5798845291137695	4.320377349853516	-1.0	13.333333333333334	inf	8.0	47.0	-1.0	3.9493727684020996	inf	3.806795120239258	20.015724182128906
60	1	2	0	8.0	13.666666666666666	3.806795120239258	4.646764755249023	inf	inf	inf	inf	inf	inf	inf	inf	inf	inf
61	1	2	1	8.0	13.666666666666666	3.806795120239258	4.646764755249023	inf	inf	inf	inf	inf	inf	inf	inf	inf	inf
62	1	2	2	8.0	13.666666666666666	3.806795120239258	4.646764755249023	8.666666666666666	-1.0	50.0	inf	18.333333333333332	8.727609634399414	-1.0	20.296356201171875	inf	7.680752277374268
63	1	2	3	8.0	13.666666666666666	3.806795120239258	4.646764755249023	inf	43.0	12.333333333333334	47.0	inf	inf	5.697612762451172	3.783250331878662	17.46565055847168	inf
64	1	2	4	8.0	13.666666666666666	3.806795120239258	4.646764755249023	inf	inf	inf	10.0	5.666666666666667	inf	inf	inf	8.604681015014648	3.4008474349975586
65	1	3	0	43.0	43.0	4.320377349853516	4.496297359466553	inf	inf	inf	248.33333333333334	inf	inf	inf	inf	12.91495418548584	inf
66	1	3	1	43.0	43.0	4.320377349853516	4.496297359466553	132.0	131.0	inf	-1.0	inf	63.15456771850586	64.46453094482422	inf	-1.0	inf
67	1	3	2	43.0	43.0	4.320377349853516	4.496297359466553	9.666666666666666	inf	12.666666666666666	inf	-1.0	4.813911437988281	inf	9.044849395751953	inf	-1.0
68	1	3	3	43.0	43.0	4.320377349853516	4.496297359466553	6.0	10.0	18.0	-1.0	-1.0	4.812167167663574	4.170730113983154	4.085690021514893	-1.0	-1.0
69	1	3	4	43.0	43.0	4.320377349853516	4.496297359466553	inf	inf	-1.0	inf	inf	inf	inf	-1.0	inf	inf
70	1	4	0	5.666666666666667	43.0	3.4008474349975586	4.496297359466553	inf	inf	8.333333333333334	inf	5.0	inf	inf	10.4926118850708	inf	3.6903600692749023
71	1	4	1	5.666666666666667	43.0	3.4008474349975586	4.496297359466553	inf	132.0	inf	inf	inf	inf	63.732425689697266	inf	inf	inf
72	1	4	2	5.666666666666667	43.0	3.4008474349975586	4.496297359466553	inf	inf	inf	inf	inf	inf	inf	inf	inf	inf
73	1	4	3	5.666666666666667	43.0	3.4008474349975586	4.496297359466553	4.666666666666667	-1.0	-1.0	-1.0	-1.0	3.7979423999786377	-1.0	-1.0	-1.0	-1.0
74	1	4	4	5.666666666666667	43.0	3.4008474349975586	4.496297359466553	6.0	-1.0	inf	-1.0	6.666666666666667	2.3783133029937744	-1.0	inf	-1.0	3.9494733810424805
75	1	5	0	6.0	6.666666666666667	2.3783133029937744	3.9494733810424805	inf	inf	-1.0	inf	inf	inf	inf	-1.0	inf	inf
76	1	5	1	6.0	6.666666666666667	2.3783133029937744	3.9494733810424805	inf	inf	inf	-1.0	inf	inf	inf	inf	-1.0	inf
77	1	5	2	6.0	6.666666666666667	2.3783133029937744	3.9494733810424805	inf	inf	inf	inf	inf	inf	inf	inf	inf	inf
78	1	5	3	6.0	6.666666666666667	2.3783133029937744	3.9494733810424805	17.333333333333332	-1.0	33.0	inf	-1.0	12.7262544631958	-1.0	8.492253303527832	inf	-1.0
79	1	5	4	6.0	6.666666666666667	2.3783133029937744	3.9494733810424805	inf	47.666666666666664	inf	5.666666666666667	inf	inf	17.36297607421875	inf	3.5690841674804688	inf
80	1	6	0	6.0	43.0	2.3783133029937744	4.496297359466553	inf	inf	inf	inf	inf	inf	inf	inf	inf	inf
81	1	6	1	6.0	43.0	2.3783133029937744	4.496297359466553	inf	inf	132.0	inf	inf	inf	inf	62.99735641479492	inf	inf
82	1	6	2	6.0	43.0	2.3783133029937744	4.496297359466553	inf	inf	inf	inf	inf	inf	inf	inf	inf	inf
83	1	6	3	6.0	43.0	2.3783133029937744	4.496297359466553	inf	-1.0	inf	inf	38.333333333333336	inf	-1.0	inf	inf	4.712852954864502
84	1	6	4	6.0	43.0	2.3783133029937744	4.496297359466553	-1.0	6.666666666666667	-1.0	21.0	39.0	-1.0	3.7085487842559814	-1.0	7.1158671379089355	11.005128860473633
85	1	7	0	5.666666666666667	8.0	3.4008474349975586	3.806795120239258	-1.0	inf	inf	inf	inf	-1.0	inf	inf	inf	inf
86	1	7	1	5.666666666666667	8.0	3.4008474349975586	3.806795120239258	inf	-1.0	inf	inf	inf	inf	-1.0	inf	inf	inf
87	1	7	2	5.666666666666667	8.0	3.4008474349975586	3.806795120239258	47.0	-1.0	-1.0	-1.0	inf	13.092203140258789	-1.0	-1.0	-1.0	inf
88	1	7	3	5.666666666666667	8.0	3.4008474349975586	3.806795120239258	8.666666666666666	inf	5.333333333333333	4.333333333333333	5.333333333333333	6.087470054626465	inf	2.340872049331665	1.9783570766448975	2.935129165649414
89	1	7	4	5.666666666666667	8.0	3.4008474349975586	3.806795120239258	47.0	136.0	46.666666666666664	46.0	47.0	8.792608261108398	44.39731216430664	8.93959903717041	10.594152450561523	8.988363265991211
90	1	8	0	6.0	6.666666666666667	2.3783133029937744	3.7085487842559814	inf	inf	inf	inf	inf	inf	inf	inf	inf	inf
91	1	8	1	6.0	6.666666666666667	2.3783133029937744	3.7085487842559814	inf	inf	inf	inf	-1.0	inf	inf	inf	inf	-1.0
92	1	8	2	6.0	6.666666666666667	2.3783133029937744	3.7085487842559814	-1.0	-1.0				-1.0	-1.0			
93	1	8	3	6.0	6.666666666666667	2.3783133029937744	3.7085487842559814	inf	inf	28.333333333333332	inf	inf	inf	inf	13.864307403564453	inf	inf
94	1	8	4	6.0	6.666666666666667	2.3783133029937744	3.7085487842559814	inf	inf	inf	inf	inf	inf	inf	inf	inf	inf
95	1	9	0	110.66666666666667	8.0	4.762320041656494	3.806795120239258	inf	inf	inf	inf	inf	inf	inf	inf	inf	inf
96	1	9	1	110.66666666666667	8.0	4.762320041656494	3.806795120239258	inf	inf	inf	inf	inf	inf	inf	inf	inf	inf
97	1	9	2	110.66666666666667	8.0	4.762320041656494	3.806795120239258	inf	inf	13.666666666666666	inf	-1.0	inf	inf	21.83329200744629	inf	-1.0
98	1	9	3	110.66666666666667	8.0	4.762320041656494	3.806795120239258	-1.0	inf	-1.0	inf	-1.0	-1.0	inf	-1.0	inf	-1.0
99	1	9	4	110.66666666666667	8.0	4.762320041656494	3.806795120239258	6.0	-1.0	6.333333333333333	8.666666666666666	inf	4.601747512817383	-1.0	4.05440092086792	7.479854583740234	inf
100	2	0	0	13.666666666666666	13.666666666666666	2.6478631496429443	2.601127862930298	24.333333333333332	7.666666666666667	12.333333333333334	-1.0	-1.0	3.9449362754821777	1.3927338123321533	2.690920829772949	-1.0	-1.0
101	2	0	1	13.666666666666666	13.666666666666666	2.6478631496429443	2.601127862930298	inf	47.333333333333336	inf	inf	inf	inf	4.333051681518555	inf	inf	inf
102	2	0	2	13.666666666666666	13.666666666666666	2.6478631496429443	2.601127862930298	13.0	15.333333333333334	inf	-1.0	-1.0	2.5693087577819824	3.013523578643799	inf	-1.0	-1.0
103	2	0	3	13.666666666666666	13.666666666666666	2.6478631496429443	2.601127862930298	inf	inf	4.666666666666667	-1.0	inf	inf	inf	1.6342641115188599	-1.0	inf
104	2	0	4	13.666666666666666	13.666666666666666	2.6478631496429443	2.601127862930298	inf					inf				
105	2	1	0	13.666666666666666	13.666666666666666	2.601127862930298	2.6478631496429443	-1.0	13.666666666666666	-1.0	4.666666666666667	4.666666666666667	-1.0	4.160210609436035	-1.0	1.4847633838653564	1.6342641115188599
106	2	1	1	13.666666666666666	13.666666666666666	2.601127862930298	2.6478631496429443	126.66666666666667	-1.0	-1.0	inf	-1.0	9.084077835083008	-1.0	-1.0	inf	-1.0
107	2	1	2	13.666666666666666	13.666666666666666	2.601127862930298	2.6478631496429443	-1.0	17.666666666666668	15.333333333333334	inf	-1.0	-1.0	4.533975124359131	3.001391649246216	inf	-1.0
108	2	1	3	13.666666666666666	13.666666666666666	2.601127862930298	2.6478631496429443	4.666666666666667	inf	-1.0	-1.0	inf	1.5008838176727295	inf	-1.0	-1.0	inf
109	2	1	4	13.666666666666666	13.666666666666666	2.601127862930298	2.6478631496429443	4.666666666666667	-1.0	13.666666666666666	inf	-1.0	1.4847633838653564	-1.0	13.827666282653809	inf	-1.0
110	2	2	0	4.666666666666667	13.666666666666666	1.4847633838653564	2.601127862930298	-1.0	-1.0	-1.0	-1.0	54.0	-1.0	-1.0	-1.0	-1.0	20.934024810791016
111	2	2	1	4.666666666666667	13.666666666666666	1.4847633838653564	2.601127862930298	inf	41.666666666666664	inf	-1.0	-1.0	inf	6.162824630737305	inf	-1.0	-1.0
112	2	2	2	4.666666666666667	13.666666666666666	1.4847633838653564	2.601127862930298	inf	10.0	-1.0	-1.0	-1.0	inf	1.8039402961730957	-1.0	-1.0	-1.0
113	2	2	3	4.666666666666667	13.666666666666666	1.4847633838653564	2.601127862930298	inf	inf	inf	-1.0	inf	inf	inf	inf	-1.0	inf
114	2	2	4	4.666666666666667	13.666666666666666	1.4847633838653564	2.601127862930298	13.0	38.333333333333336	21.333333333333332	5.0	-1.0	2.2672030925750732	49.57797622680664	3.571580171585083	3.4755632877349854	-1.0
115	2	3	0	4.666666666666667	13.666666666666666	1.4847633838653564	2.6478631496429443	-1.0	27.0	-1.0	inf	inf	-1.0	3.916440725326538	-1.0	inf	inf
116	2	3	1	4.666666666666667	13.666666666666666	1.4847633838653564	2.6478631496429443	41.666666666666664	-1.0	-1.0	36.333333333333336	-1.0	5.454465866088867	-1.0	-1.0	5.020092964172363	-1.0
117	2	3	2	4.666666666666667	13.666666666666666	1.4847633838653564	2.6478631496429443	13.0	-1.0	-1.0	-1.0	-1.0	2.538217544555664	-1.0	-1.0	-1.0	-1.0
118	2	3	3	4.666666666666667	13.666666666666666	1.4847633838653564	2.6478631496429443	inf	inf	inf	inf	-1.0	inf	inf	inf	inf	-1.0
119	2	3	4	4.666666666666667	13.666666666666666	1.4847633838653564	2.6478631496429443	-1.0	inf	inf	-1.0	inf	-1.0	inf	inf	-1.0	inf
120	2	4	0	4.666666666666667	13.666666666666666	1.4847633838653564	2.601127862930298	5.666666666666667	10.0	1.6666666666666667	-1.0	inf	2.856409788131714	3.714498996734619	2.375842571258545	-1.0	inf
121	2	4	1	4.666666666666667	13.666666666666666	1.4847633838653564	2.601127862930298	7.333333333333333	8.333333333333334	42.333333333333336	-1.0	-1.0	2.7269930839538574	2.2075703144073486	51.83086395263672	-1.0	-1.0
122	2	4	2	4.666666666666667	13.666666666666666	1.4847633838653564	2.601127862930298	4.0	-1.0	-1.0	-1.0	19.333333333333332	1.2714916467666626	-1.0	-1.0	-1.0	5.080107688903809
123	2	4	3	4.666666666666667	13.666666666666666	1.4847633838653564	2.601127862930298	-1.0	-1.0	-1.0	inf	-1.0	-1.0	-1.0	-1.0	inf	-1.0
124	2	4	4	4.666666666666667	13.666666666666666	1.4847633838653564	2.601127862930298	inf	13.666666666666666	inf	inf	-1.0	inf	5.985230922698975	inf	inf	-1.0
125	2	5	0	13.666666666666666	21.333333333333332	2.6478631496429443	3.571580171585083	inf	-1.0	-1.0	-1.0	-1.0	inf	-1.0	-1.0	-1.0	-1.0
126	2	5	1	13.666666666666666	21.333333333333332	2.6478631496429443	3.571580171585083	-1.0	inf	-1.0	inf	-1.0	-1.0	inf	-1.0	inf	-1.0
127	2	5	2	13.666666666666666	21.333333333333332	2.6478631496429443	3.571580171585083	-1.0	inf	-1.0	-1.0	-1.0	-1.0	inf	-1.0	-1.0	-1.0
128	2	5	3	13.666666666666666	21.333333333333332	2.6478631496429443	3.571580171585083	inf	inf	inf	inf	inf	inf	inf	inf	inf	inf
129	2	5	4	13.666666666666666	21.333333333333332	2.6478631496429443	3.571580171585083	inf	inf	-1.0	38.0	-1.0	inf	inf	-1.0	49.27289962768555	-1.0
130	2	6	0	13.0	5.0	2.2672030925750732	3.4755632877349854	-1.0	-1.0	inf	-1.0	-1.0	-1.0	-1.0	inf	-1.0	-1.0
131	2	6	1	13.0	5.0	2.2672030925750732	3.4755632877349854	inf	inf	inf	inf	inf	inf	inf	inf	inf	inf
132	2	6	2	13.0	5.0	2.2672030925750732	3.4755632877349854	1.3333333333333333	inf	-1.0	10.333333333333334	6.666666666666667	0.6033578515052795	inf	-1.0	2.0694620609283447	1.6107488870620728
133	2	6	3	13.0	5.0	2.2672030925750732	3.4755632877349854	inf	inf	inf	inf	inf	inf	inf	inf	inf	inf
134	2	6	4	13.0	5.0	2.2672030925750732	3.4755632877349854	inf	-1.0	-1.0	inf	inf	inf	-1.0	-1.0	inf	inf
135	2	7	0	13.666666666666666	13.666666666666666	2.601127862930298	2.6478631496429443	38.333333333333336	-1.0	inf	43.666666666666664	inf	16.475751876831055	-1.0	inf	17.022254943847656	inf
136	2	7	1	13.666666666666666	13.666666666666666	2.601127862930298	2.6478631496429443	inf					inf				
137	2	7	2	13.666666666666666	13.666666666666666	2.601127862930298	2.6478631496429443	-1.0	inf	-1.0	10.333333333333334	-1.0	-1.0	inf	-1.0	2.404385805130005	-1.0
138	2	7	3	13.666666666666666	13.666666666666666	2.601127862930298	2.6478631496429443	inf	inf	inf	inf	inf	inf	inf	inf	inf	inf
139	2	7	4	13.666666666666666	13.666666666666666	2.601127862930298	2.6478631496429443	inf	inf	inf	-1.0	-1.0	inf	inf	inf	-1.0	-1.0
140	2	8	0	13.666666666666666	4.666666666666667	2.601127862930298	1.4847633838653564	140.0	136.0	110.66666666666667	-1.0	135.0	48.213470458984375	51.46456527709961	6.253546237945557	-1.0	85.16226959228516
141	2	8	1	13.666666666666666	4.666666666666667	2.601127862930298	1.4847633838653564	-1.0	9.0	-1.0	-1.0	8.666666666666666	-1.0	3.488104820251465	-1.0	-1.0	2.926363229751587
142	2	8	2	13.666666666666666	4.666666666666667	2.601127862930298	1.4847633838653564	inf	-1.0	inf	-1.0	-1.0	inf	-1.0	inf	-1.0	-1.0
143	2	8	3	13.666666666666666	4.666666666666667	2.601127862930298	1.4847633838653564	inf	-1.0	inf	-1.0	inf	inf	-1.0	inf	-1.0	inf
144	2	8	4	13.666666666666666	4.666666666666667	2.601127862930298	1.4847633838653564	-1.0	inf	inf	inf	inf	-1.0	inf	inf	inf	inf
145	2	9	0	4.666666666666667	13.666666666666666	1.4847633838653564	2.601127862930298	-1.0	5.666666666666667	36.0	inf	inf	-1.0	2.76434063911438	9.671953201293945	inf	inf
146	2	9	1	4.666666666666667	13.666666666666666	1.4847633838653564	2.601127862930298	-1.0	-1.0	8.666666666666666	-1.0	8.666666666666666	-1.0	-1.0	2.158418655395508	-1.0	1.851134181022644
147	2	9	2	4.666666666666667	13.666666666666666	1.4847633838653564	2.601127862930298	inf	-1.0	inf	-1.0	-1.0	inf	-1.0	inf	-1.0	-1.0
148	2	9	3	4.666666666666667	13.666666666666666	1.4847633838653564	2.601127862930298	inf	-1.0	inf	inf	-1.0	inf	-1.0	inf	inf	-1.0
149	2	9	4	4.666666666666667	13.666666666666666	1.4847633838653564	2.601127862930298	inf	inf	inf	inf	-1.0	inf	inf	inf	inf	-1.0
