	reset_island_iter	improve_iter	island	program_1_hamming_score	program_2_hamming_score	program_1_neural_score	program_2_neural_score	output_program_1_hamming_score	output_program_2_hamming_score	output_program_3_hamming_score	output_program_4_hamming_score	output_program_5_hamming_score	output_program_1_neural_score	output_program_2_neural_score	output_program_3_neural_score	output_program_4_neural_score	output_program_5_neural_score
0	0	0	0	0.0	0.0	74.1397476196289	74.1397476196289	0.14	0.09	0.14	inf	0.115	15.139934539794922	16.91191291809082	15.493595123291016	inf	13.976235389709473
1	0	0	1	0.0	0.0	74.1397476196289	74.1397476196289	0.07	inf	-1.0	-1.0	0.06	22.057178497314453	inf	-1.0	-1.0	24.380685806274414
2	0	0	2	0.0	0.0	74.1397476196289	74.1397476196289	inf	0.1	inf	0.14500000000000002	0.21500000000000002	inf	12.80036449432373	inf	11.191943168640137	16.452295303344727
3	0	0	3	0.0	0.0	74.1397476196289	74.1397476196289	0.27	-1.0	-1.0	-1.0	-1.0	34.4786491394043	-1.0	-1.0	-1.0	-1.0
4	0	0	4	0.0	0.0	74.1397476196289	74.1397476196289	inf	0.21500000000000002	inf	-1.0	inf	inf	16.452295303344727	inf	-1.0	inf
5	0	1	0	0.0	0.21500000000000002	74.1397476196289	16.452295303344727	0.1	0.18	-1.0	inf	-1.0	14.03549575805664	25.30377197265625	-1.0	inf	-1.0
6	0	1	1	0.0	0.21500000000000002	74.1397476196289	16.452295303344727	0.08499999999999999	-1.0	-1.0	-1.0	-1.0	16.577360153198242	-1.0	-1.0	-1.0	-1.0
7	0	1	2	0.0	0.21500000000000002	74.1397476196289	16.452295303344727	0.12	0.47	0.94	0.16999999999999998	0.37	13.766890525817871	14.379587173461914	31.76932716369629	18.584251403808594	16.01451873779297
8	0	1	3	0.0	0.21500000000000002	74.1397476196289	16.452295303344727	0.04	0.125	0.14	-1.0	0.14	12.431364059448242	14.618491172790527	15.139934539794922	-1.0	14.130699157714844
9	0	1	4	0.0	0.21500000000000002	74.1397476196289	16.452295303344727	-1.0	inf	-1.0	-1.0	-1.0	-1.0	inf	-1.0	-1.0	-1.0
10	0	2	0	0.21500000000000002	0.0	16.452295303344727	74.1397476196289	inf	0.14500000000000002	-1.0	0.1	-1.0	inf	11.191943168640137	-1.0	12.80036449432373	-1.0
11	0	2	1	0.21500000000000002	0.0	16.452295303344727	74.1397476196289	0.07	0.06	-1.0	-1.0	-1.0	21.010242462158203	25.095176696777344	-1.0	-1.0	-1.0
12	0	2	2	0.21500000000000002	0.0	16.452295303344727	74.1397476196289	-1.0	0.125	-1.0	-1.0	inf	-1.0	11.723036766052246	-1.0	-1.0	inf
13	0	2	3	0.21500000000000002	0.0	16.452295303344727	74.1397476196289	0.07500000000000001	0.94	0.05	-1.0	-1.0	23.26397132873535	31.76932716369629	29.67826271057129	-1.0	-1.0
14	0	2	4	0.21500000000000002	0.0	16.452295303344727	74.1397476196289	inf	0.11	inf	-1.0	0.135	inf	17.25390625	inf	-1.0	13.485308647155762
15	0	3	0	0.0	0.135	74.1397476196289	13.485308647155762	inf	0.09	-1.0	0.05	inf	inf	12.668584823608398	-1.0	29.67826271057129	inf
16	0	3	1	0.0	0.135	74.1397476196289	13.485308647155762	0.065	inf	-1.0	-1.0	-1.0	22.608200073242188	inf	-1.0	-1.0	-1.0
17	0	3	2	0.0	0.135	74.1397476196289	13.485308647155762	-1.0	-1.0	inf	0.09	-1.0	-1.0	-1.0	inf	12.668584823608398	-1.0
18	0	3	3	0.0	0.135	74.1397476196289	13.485308647155762	0.08499999999999999	0.10500000000000001	-1.0	0.10500000000000001	-1.0	16.019243240356445	12.303289413452148	-1.0	17.7972412109375	-1.0
19	0	3	4	0.0	0.135	74.1397476196289	13.485308647155762	inf	inf	-1.0	inf	inf	inf	inf	-1.0	inf	inf
20	0	4	0	0.11	0.135	17.25390625	13.485308647155762	inf	-1.0	inf	-1.0	-1.0	inf	-1.0	inf	-1.0	-1.0
21	0	4	1	0.11	0.135	17.25390625	13.485308647155762	-1.0	inf	inf	-1.0	inf	-1.0	inf	inf	-1.0	inf
22	0	4	2	0.11	0.135	17.25390625	13.485308647155762	0.10500000000000001	inf	0.08	inf	inf	17.7972412109375	inf	20.288742065429688	inf	inf
23	0	4	3	0.11	0.135	17.25390625	13.485308647155762	0.11	-1.0	-1.0	inf	-1.0	17.25390625	-1.0	-1.0	inf	-1.0
24	0	4	4	0.11	0.135	17.25390625	13.485308647155762	inf	inf	inf	0.15000000000000002	inf	inf	inf	inf	14.17529010772705	inf
25	0	5	0	0.0	0.15000000000000002	74.1397476196289	14.17529010772705	-1.0	inf	-1.0	-1.0	inf	-1.0	inf	-1.0	-1.0	inf
26	0	5	1	0.0	0.15000000000000002	74.1397476196289	14.17529010772705	-1.0	-1.0	-1.0	-1.0	0.06	-1.0	-1.0	-1.0	-1.0	24.431915283203125
27	0	5	2	0.0	0.15000000000000002	74.1397476196289	14.17529010772705	inf	inf	inf	0.95	0.10500000000000001	inf	inf	inf	37.6873779296875	17.134197235107422
28	0	5	3	0.0	0.15000000000000002	74.1397476196289	14.17529010772705	0.060000000000000005	-1.0	0.09	inf	-1.0	21.443077087402344	-1.0	14.54132080078125	inf	-1.0
29	0	5	4	0.0	0.15000000000000002	74.1397476196289	14.17529010772705	inf	inf	inf	inf	inf	inf	inf	inf	inf	inf
30	0	6	0	0.0	0.15000000000000002	74.1397476196289	14.17529010772705	inf	inf	inf	-1.0	-1.0	inf	inf	inf	-1.0	-1.0
31	0	6	1	0.0	0.15000000000000002	74.1397476196289	14.17529010772705	-1.0	-1.0	inf	-1.0	-1.0	-1.0	-1.0	inf	-1.0	-1.0
32	0	6	2	0.0	0.15000000000000002	74.1397476196289	14.17529010772705	inf	inf	-1.0	inf	-1.0	inf	inf	-1.0	inf	-1.0
33	0	6	3	0.0	0.15000000000000002	74.1397476196289	14.17529010772705	inf	-1.0	-1.0	-1.0	inf	inf	-1.0	-1.0	-1.0	inf
34	0	6	4	0.0	0.15000000000000002	74.1397476196289	14.17529010772705	inf	inf	0.08499999999999999	inf	inf	inf	inf	16.019243240356445	inf	inf
35	0	7	0	0.08499999999999999	0.15000000000000002	16.019243240356445	14.17529010772705	0.195	inf	inf	inf	-1.0	16.409912109375	inf	inf	inf	-1.0
36	0	7	1	0.08499999999999999	0.15000000000000002	16.019243240356445	14.17529010772705	inf	inf	inf	inf	inf	inf	inf	inf	inf	inf
37	0	7	2	0.08499999999999999	0.15000000000000002	16.019243240356445	14.17529010772705	inf	0.11	-1.0	0.037500000000000006	inf	inf	17.25390625	-1.0	57.820091247558594	inf
38	0	7	3	0.08499999999999999	0.15000000000000002	16.019243240356445	14.17529010772705	inf	inf	-1.0	-1.0	-1.0	inf	inf	-1.0	-1.0	-1.0
39	0	7	4	0.08499999999999999	0.15000000000000002	16.019243240356445	14.17529010772705	inf	inf	0.095	inf	-1.0	inf	inf	11.982317924499512	inf	-1.0
40	0	8	0	0.0	0.0	74.1397476196289	74.1397476196289	inf	inf	inf	inf	0.14500000000000002	inf	inf	inf	inf	11.252631187438965
41	0	8	1	0.0	0.0	74.1397476196289	74.1397476196289	inf	inf	inf	inf	inf	inf	inf	inf	inf	inf
42	0	8	2	0.0	0.0	74.1397476196289	74.1397476196289	inf	inf	-1.0	inf	-1.0	inf	inf	-1.0	inf	-1.0
43	0	8	3	0.0	0.0	74.1397476196289	74.1397476196289	inf	0.07	-1.0	-1.0	-1.0	inf	25.307586669921875	-1.0	-1.0	-1.0
44	0	8	4	0.0	0.0	74.1397476196289	74.1397476196289	inf	inf	0.065	inf	-1.0	inf	inf	20.758424758911133	inf	-1.0
45	0	9	0	0.095	0.21500000000000002	11.982317924499512	16.452295303344727	0.16999999999999998	inf	inf	inf	0.175	18.584251403808594	inf	inf	inf	20.079378128051758
46	0	9	1	0.095	0.21500000000000002	11.982317924499512	16.452295303344727	inf	0.07	0.06	inf	-1.0	inf	22.175050735473633	25.00180435180664	inf	-1.0
47	0	9	2	0.095	0.21500000000000002	11.982317924499512	16.452295303344727	-1.0	-1.0	inf	-1.0	-1.0	-1.0	-1.0	inf	-1.0	-1.0
48	0	9	3	0.095	0.21500000000000002	11.982317924499512	16.452295303344727	0.07500000000000001	0.06	inf	-1.0	-1.0	15.58021354675293	22.172147750854492	inf	-1.0	-1.0
49	0	9	4	0.095	0.21500000000000002	11.982317924499512	16.452295303344727	inf	-1.0	inf	inf	-1.0	inf	-1.0	inf	inf	-1.0
50	1	0	0	0.0	0.0	74.1397476196289	74.1397476196289	inf	inf	0.21500000000000002	-1.0	inf	inf	inf	16.452295303344727	-1.0	inf
51	1	0	1	0.0	0.0	74.1397476196289	74.1397476196289	0.065	inf	inf	inf	-1.0	22.608200073242188	inf	inf	inf	-1.0
52	1	0	2	0.0	0.0	74.1397476196289	74.1397476196289	0.21500000000000002	-1.0	-1.0	-1.0	inf	16.452295303344727	-1.0	-1.0	-1.0	inf
53	1	0	3	0.0	0.0	74.1397476196289	74.1397476196289	inf	0.13	-1.0	inf	0.125	inf	14.56056022644043	-1.0	inf	11.723036766052246
54	1	0	4	0.0	0.0	74.1397476196289	74.1397476196289	inf	inf	inf	inf	inf	inf	inf	inf	inf	inf
55	1	1	0	0.0	0.0	74.1397476196289	74.1397476196289	0.13	inf	inf	inf	inf	16.947521209716797	inf	inf	inf	inf
56	1	1	1	0.0	0.0	74.1397476196289	74.1397476196289	-1.0	-1.0	inf	0.055	inf	-1.0	-1.0	inf	27.76091957092285	inf
57	1	1	2	0.0	0.0	74.1397476196289	74.1397476196289	0.07	inf	inf	inf	inf	22.057178497314453	inf	inf	inf	inf
58	1	1	3	0.0	0.0	74.1397476196289	74.1397476196289	0.11	0.07	-1.0	-1.0	-1.0	17.25390625	29.310420989990234	-1.0	-1.0	-1.0
59	1	1	4	0.0	0.0	74.1397476196289	74.1397476196289	inf	0.21500000000000002	inf	0.065	-1.0	inf	16.452295303344727	inf	20.430871963500977	-1.0
60	1	2	0	0.065	0.0	20.430871963500977	74.1397476196289	inf	0.10500000000000001	-1.0	-1.0	inf	inf	17.7972412109375	-1.0	-1.0	inf
61	1	2	1	0.065	0.0	20.430871963500977	74.1397476196289	inf	inf	inf	-1.0	inf	inf	inf	inf	-1.0	inf
62	1	2	2	0.065	0.0	20.430871963500977	74.1397476196289	0.195	0.09	-1.0	inf	inf	16.409912109375	30.048044204711914	-1.0	inf	inf
63	1	2	3	0.065	0.0	20.430871963500977	74.1397476196289	-1.0	-1.0	-1.0	0.065	-1.0	-1.0	-1.0	-1.0	19.494443893432617	-1.0
64	1	2	4	0.065	0.0	20.430871963500977	74.1397476196289	-1.0	-1.0	inf	-1.0	-1.0	-1.0	-1.0	inf	-1.0	-1.0
65	1	3	0	0.21500000000000002	0.0	16.452295303344727	74.1397476196289	inf	inf	0.05	-1.0	inf	inf	inf	29.67826271057129	-1.0	inf
66	1	3	1	0.21500000000000002	0.0	16.452295303344727	74.1397476196289	inf	inf	inf	inf	inf	inf	inf	inf	inf	inf
67	1	3	2	0.21500000000000002	0.0	16.452295303344727	74.1397476196289	inf	inf	inf	0.060000000000000005	0.07	inf	inf	inf	29.555679321289062	22.175050735473633
68	1	3	3	0.21500000000000002	0.0	16.452295303344727	74.1397476196289	-1.0	-1.0	-1.0	0.125	-1.0	-1.0	-1.0	-1.0	12.727204322814941	-1.0
69	1	3	4	0.21500000000000002	0.0	16.452295303344727	74.1397476196289	inf	0.05	inf	inf	0.20500000000000002	inf	29.67826271057129	inf	inf	13.910224914550781
70	1	4	0	0.065	0.0	20.430871963500977	74.1397476196289	inf	inf	0.10500000000000001	inf	inf	inf	inf	23.129934310913086	inf	inf
71	1	4	1	0.065	0.0	20.430871963500977	74.1397476196289	-1.0	-1.0	-1.0	-1.0	-1.0	-1.0	-1.0	-1.0	-1.0	-1.0
72	1	4	2	0.065	0.0	20.430871963500977	74.1397476196289	-1.0	-1.0	0.11499999999999999	0.08499999999999999	0.09	-1.0	-1.0	16.440547943115234	21.73381805419922	22.344205856323242
73	1	4	3	0.065	0.0	20.430871963500977	74.1397476196289	0.10500000000000001	-1.0	0.02	-1.0	-1.0	17.7972412109375	-1.0	15.409221649169922	-1.0	-1.0
74	1	4	4	0.065	0.0	20.430871963500977	74.1397476196289	inf	0.135	inf	-1.0	inf	inf	12.416488647460938	inf	-1.0	inf
75	1	5	0	0.065	0.0	20.430871963500977	74.1397476196289	0.11	-1.0	inf	-1.0		17.25390625	-1.0	inf	-1.0	
76	1	5	1	0.065	0.0	20.430871963500977	74.1397476196289	0.07	-1.0	inf	0.05	-1.0	29.310420989990234	-1.0	inf	16.152278900146484	-1.0
77	1	5	2	0.065	0.0	20.430871963500977	74.1397476196289	0.16	0.19	0.11	inf	0.21000000000000002	17.65956687927246	15.768120765686035	15.143326759338379	inf	15.130621910095215
78	1	5	3	0.065	0.0	20.430871963500977	74.1397476196289	-1.0	-1.0	-1.0	-1.0	-1.0	-1.0	-1.0	-1.0	-1.0	-1.0
79	1	5	4	0.065	0.0	20.430871963500977	74.1397476196289	inf	-1.0	inf	inf	-1.0	inf	-1.0	inf	inf	-1.0
80	1	6	0	0.05	0.21500000000000002	29.67826271057129	16.452295303344727	inf	0.07500000000000001	0.07	-1.0	0.07	inf	26.150074005126953	29.310420989990234	-1.0	37.38267517089844
81	1	6	1	0.05	0.21500000000000002	29.67826271057129	16.452295303344727	inf	-1.0	-1.0	-1.0	-1.0	inf	-1.0	-1.0	-1.0	-1.0
82	1	6	2	0.05	0.21500000000000002	29.67826271057129	16.452295303344727	0.11	-1.0	-1.0	inf	0.05	12.008535385131836	-1.0	-1.0	inf	29.67826271057129
83	1	6	3	0.05	0.21500000000000002	29.67826271057129	16.452295303344727	0.16999999999999998	-1.0	0.09	-1.0	inf	14.982641220092773	-1.0	13.890213966369629	-1.0	inf
84	1	6	4	0.05	0.21500000000000002	29.67826271057129	16.452295303344727	inf	inf	0.195	inf	-1.0	inf	inf	16.409912109375	inf	-1.0
85	1	7	0	0.0	0.065	74.1397476196289	20.430871963500977	0.09	inf	0.07500000000000001	-1.0	inf	21.965784072875977	inf	28.70899200439453	-1.0	inf
86	1	7	1	0.0	0.065	74.1397476196289	20.430871963500977	-1.0	-1.0	-1.0	-1.0	0.05	-1.0	-1.0	-1.0	-1.0	29.67826271057129
87	1	7	2	0.0	0.065	74.1397476196289	20.430871963500977	-1.0	-1.0	0.95	-1.0	-1.0	-1.0	-1.0	37.6873779296875	-1.0	-1.0
88	1	7	3	0.0	0.065	74.1397476196289	20.430871963500977	-1.0	-1.0	-1.0	-1.0	inf	-1.0	-1.0	-1.0	-1.0	inf
89	1	7	4	0.0	0.065	74.1397476196289	20.430871963500977	inf	inf	-1.0	inf	inf	inf	inf	-1.0	inf	inf
90	1	8	0	0.20500000000000002	0.0	13.910224914550781	74.1397476196289	-1.0	inf	-1.0	0.09	inf	-1.0	inf	-1.0	21.367586135864258	inf
91	1	8	1	0.20500000000000002	0.0	13.910224914550781	74.1397476196289	0.065	0.045	-1.0	-1.0	-1.0	20.758424758911133	26.074403762817383	-1.0	-1.0	-1.0
92	1	8	2	0.20500000000000002	0.0	13.910224914550781	74.1397476196289	0.09	-1.0	-1.0	-1.0	-1.0	29.2752742767334	-1.0	-1.0	-1.0	-1.0
93	1	8	3	0.20500000000000002	0.0	13.910224914550781	74.1397476196289	-1.0	inf	0.065	inf	-1.0	-1.0	inf	18.955242156982422	inf	-1.0
94	1	8	4	0.20500000000000002	0.0	13.910224914550781	74.1397476196289	inf	inf	-1.0	inf	inf	inf	inf	-1.0	inf	inf
95	1	9	0	0.195	0.20500000000000002	16.409912109375	13.910224914550781	0.07500000000000001	-1.0	0.07	0.08499999999999999	-1.0	27.358806610107422	-1.0	26.184247970581055	25.160470962524414	-1.0
96	1	9	1	0.195	0.20500000000000002	16.409912109375	13.910224914550781	-1.0	0.045	-1.0	-1.0	0.09	-1.0	19.603330612182617	-1.0	-1.0	13.890213966369629
97	1	9	2	0.195	0.20500000000000002	16.409912109375	13.910224914550781	-1.0	-1.0	-1.0	0.185	0.195	-1.0	-1.0	-1.0	16.047060012817383	15.070089340209961
98	1	9	3	0.195	0.20500000000000002	16.409912109375	13.910224914550781	inf	inf	-1.0	-1.0	-1.0	inf	inf	-1.0	-1.0	-1.0
99	1	9	4	0.195	0.20500000000000002	16.409912109375	13.910224914550781	0.185	inf	-1.0	inf	-1.0	15.211396217346191	inf	-1.0	inf	-1.0
100	2	0	0	0.0	0.0	88.4332275390625	74.1397476196289	0.06	-1.0	-1.0	-1.0	-1.0	30.966629028320312	-1.0	-1.0	-1.0	-1.0
101	2	0	1	0.0	0.0	88.4332275390625	74.1397476196289	0.1	0.09	-1.0	0.12000000000000001	-1.0	9.106243133544922	9.31497573852539	-1.0	9.535857200622559	-1.0
102	2	0	2	0.0	0.0	88.4332275390625	74.1397476196289	0.07	0.07	-1.0	0.12	inf	4.660826206207275	4.573478698730469	-1.0	21.652956008911133	inf
103	2	0	3	0.0	0.0	88.4332275390625	74.1397476196289	0.10500000000000001	-1.0	0.105	-1.0	-1.0	16.293954849243164	-1.0	9.662195205688477	-1.0	-1.0
104	2	0	4	0.0	0.0	88.4332275390625	74.1397476196289	0.1	0.07	0.11	-1.0	-1.0	25.745542526245117	37.38267517089844	25.74334144592285	-1.0	-1.0
105	2	1	0	0.11	0.1	25.74334144592285	25.745542526245117	0.125	-1.0	-1.0	0.07	-1.0	10.470708847045898	-1.0	-1.0	37.38267517089844	-1.0
106	2	1	1	0.11	0.1	25.74334144592285	25.745542526245117	0.14	-1.0	0.17	-1.0	-1.0	19.01544189453125	-1.0	21.357086181640625	-1.0	-1.0
107	2	1	2	0.11	0.1	25.74334144592285	25.745542526245117	0.12000000000000001	-1.0	inf	-1.0	-1.0	8.367630958557129	-1.0	inf	-1.0	-1.0
108	2	1	3	0.11	0.1	25.74334144592285	25.745542526245117	inf	inf	inf	inf	inf	inf	inf	inf	inf	inf
109	2	1	4	0.11	0.1	25.74334144592285	25.745542526245117	-1.0	-1.0	-1.0	-1.0	-1.0	-1.0	-1.0	-1.0	-1.0	-1.0
110	2	2	0	0.07	0.1	37.38267517089844	25.745542526245117	0.05	-1.0	-1.0	-1.0	-1.0	23.220033645629883	-1.0	-1.0	-1.0	-1.0
111	2	2	1	0.07	0.1	37.38267517089844	25.745542526245117	0.05	0.07	-1.0	-1.0	-1.0	12.424890518188477	37.38267517089844	-1.0	-1.0	-1.0
112	2	2	2	0.07	0.1	37.38267517089844	25.745542526245117	0.12000000000000001	-1.0	0.18	inf	-1.0	8.005337715148926	-1.0	37.975154876708984	inf	-1.0
113	2	2	3	0.07	0.1	37.38267517089844	25.745542526245117	-1.0	0.07	-1.0	-1.0	inf	-1.0	37.38267517089844	-1.0	-1.0	inf
114	2	2	4	0.07	0.1	37.38267517089844	25.745542526245117	0.08	0.1	0.09	inf	-1.0	11.15845775604248	13.358804702758789	18.963436126708984	inf	-1.0
115	2	3	0	0.0	0.0	74.1397476196289	88.4332275390625	-1.0	-1.0	-1.0	-1.0	-1.0	-1.0	-1.0	-1.0	-1.0	-1.0
116	2	3	1	0.0	0.0	74.1397476196289	88.4332275390625	-1.0	0.08	-1.0	-1.0	-1.0	-1.0	34.3292350769043	-1.0	-1.0	-1.0
117	2	3	2	0.0	0.0	74.1397476196289	88.4332275390625	0.055	-1.0	inf	0.08499999999999999	-1.0	12.462055206298828	-1.0	inf	25.43858528137207	-1.0
118	2	3	3	0.0	0.0	74.1397476196289	88.4332275390625	0.05	-1.0	0.06	-1.0	-1.0	5.787313938140869	-1.0	10.487563133239746	-1.0	-1.0
119	2	3	4	0.0	0.0	74.1397476196289	88.4332275390625	-1.0	-1.0	-1.0	-1.0	-1.0	-1.0	-1.0	-1.0	-1.0	-1.0
120	2	4	0	0.08	0.09	11.15845775604248	18.963436126708984	inf	inf	inf	inf	inf	inf	inf	inf	inf	inf
121	2	4	1	0.08	0.09	11.15845775604248	18.963436126708984	0.1	0.08	0.095	-1.0	-1.0	6.110876083374023	12.622241020202637	8.753634452819824	-1.0	-1.0
122	2	4	2	0.08	0.09	11.15845775604248	18.963436126708984	inf	inf	inf	0.15500000000000003	0.11499999999999999	inf	inf	inf	20.49367904663086	14.341955184936523
123	2	4	3	0.08	0.09	11.15845775604248	18.963436126708984	0.105	inf	-1.0	-1.0	-1.0	15.695541381835938	inf	-1.0	-1.0	-1.0
124	2	4	4	0.08	0.09	11.15845775604248	18.963436126708984	0.08	0.07	-1.0	-1.0	-1.0	15.435359954833984	17.392927169799805	-1.0	-1.0	-1.0
125	2	5	0	0.08	0.11	11.15845775604248	25.74334144592285	0.07	-1.0	-1.0	-1.0	0.09	6.934754848480225	-1.0	-1.0	-1.0	30.864683151245117
126	2	5	1	0.08	0.11	11.15845775604248	25.74334144592285	-1.0	0.095	0.055	0.095	inf	-1.0	10.384929656982422	9.624876976013184	7.8238205909729	inf
127	2	5	2	0.08	0.11	11.15845775604248	25.74334144592285	inf	inf	inf	inf	inf	inf	inf	inf	inf	inf
128	2	5	3	0.08	0.11	11.15845775604248	25.74334144592285	0.15000000000000002	0.1	0.1	-1.0	0.13	11.515949249267578	15.100934028625488	11.32824993133545	-1.0	8.56417465209961
129	2	5	4	0.08	0.11	11.15845775604248	25.74334144592285	0.08	0.07	0.07	-1.0	-1.0	9.730680465698242	6.561447620391846	6.955365180969238	-1.0	-1.0
130	2	6	0	0.07	0.08	6.561447620391846	15.435359954833984	0.075	0.09	0.06	0.05	0.08	12.513540267944336	6.927979469299316	12.952337265014648	12.424890518188477	8.086827278137207
131	2	6	1	0.07	0.08	6.561447620391846	15.435359954833984	inf	0.085	0.095	inf	inf	inf	15.813348770141602	10.56875991821289	inf	inf
132	2	6	2	0.07	0.08	6.561447620391846	15.435359954833984	0.07	0.065	0.08	-1.0	0.065	12.149360656738281	11.917482376098633	9.112527847290039	-1.0	12.059874534606934
133	2	6	3	0.07	0.08	6.561447620391846	15.435359954833984	0.12	-1.0	0.12	-1.0	inf	14.830769538879395	-1.0	15.855842590332031	-1.0	inf
134	2	6	4	0.07	0.08	6.561447620391846	15.435359954833984	0.08	0.08	-1.0	0.115	-1.0	10.854084014892578	7.992486953735352	-1.0	11.027888298034668	-1.0
135	2	7	0	0.07	0.09	6.955365180969238	18.963436126708984	-1.0	-1.0	-1.0			-1.0	-1.0	-1.0		
136	2	7	1	0.07	0.09	6.955365180969238	18.963436126708984	0.09	-1.0	-1.0	-1.0	-1.0	10.827531814575195	-1.0	-1.0	-1.0	-1.0
137	2	7	2	0.07	0.09	6.955365180969238	18.963436126708984	inf	0.05	inf	-1.0	inf	inf	5.787313938140869	inf	-1.0	inf
138	2	7	3	0.07	0.09	6.955365180969238	18.963436126708984	0.09	-1.0	inf	inf	-1.0	13.597513198852539	-1.0	inf	inf	-1.0
139	2	7	4	0.07	0.09	6.955365180969238	18.963436126708984	0.05	-1.0	-1.0	-1.0	-1.0	5.787313938140869	-1.0	-1.0	-1.0	-1.0
140	2	8	0	0.08	0.09	15.435359954833984	18.963436126708984	0.060000000000000005	0.07	0.060000000000000005	-1.0	-1.0	5.753334045410156	6.527126789093018	6.729194641113281	-1.0	-1.0
141	2	8	1	0.08	0.09	15.435359954833984	18.963436126708984	0.11	-1.0	-1.0	-1.0	0.09	9.938531875610352	-1.0	-1.0	-1.0	10.55435848236084
142	2	8	2	0.08	0.09	15.435359954833984	18.963436126708984	inf	0.15000000000000002	inf	inf	inf	inf	21.393356323242188	inf	inf	inf
143	2	8	3	0.08	0.09	15.435359954833984	18.963436126708984	-1.0	-1.0	-1.0	-1.0	-1.0	-1.0	-1.0	-1.0	-1.0	-1.0
144	2	8	4	0.08	0.09	15.435359954833984	18.963436126708984	0.09	0.08	0.09	-1.0	-1.0	19.866254806518555	17.61079978942871	19.942476272583008	-1.0	-1.0
145	2	9	0	0.115	0.1	11.027888298034668	13.358804702758789	0.05	-1.0	-1.0	-1.0	-1.0	7.836456775665283	-1.0	-1.0	-1.0	-1.0
146	2	9	1	0.115	0.1	11.027888298034668	13.358804702758789	0.07	0.1	-1.0	-1.0	0.05	6.955365180969238	15.346090316772461	-1.0	-1.0	5.787313938140869
147	2	9	2	0.115	0.1	11.027888298034668	13.358804702758789	inf	inf	inf	inf	inf	inf	inf	inf	inf	inf
148	2	9	3	0.115	0.1	11.027888298034668	13.358804702758789	inf	inf	inf	inf	0.07	inf	inf	inf	inf	11.069805145263672
149	2	9	4	0.115	0.1	11.027888298034668	13.358804702758789	inf	0.08	inf	0.09	0.08	inf	8.617751121520996	inf	9.986855506896973	8.504999160766602
