	reset_island_iter	improve_iter	island	program_1_hamming_score	program_2_hamming_score	program_1_neural_score	program_2_neural_score	output_program_1_hamming_score	output_program_2_hamming_score	output_program_3_hamming_score	output_program_4_hamming_score	output_program_5_hamming_score	output_program_1_neural_score	output_program_2_neural_score	output_program_3_neural_score	output_program_4_neural_score	output_program_5_neural_score
0	0	0	0	0.014408684546615579	0.01	125.01295471191406	148.0247802734375	0.11333333333333334	0.1366666666666667	-1.0	-1.0	-1.0	10.961755752563477	11.4032621383667	-1.0	-1.0	-1.0
1	0	0	1	0.014408684546615579	0.01	125.01295471191406	148.0247802734375	0.11333333333333334	0.11333333333333334	0.12666666666666668	0.09999999999999999	-1.0	7.589098930358887	7.616469860076904	10.872806549072266	9.1445894241333	-1.0
2	0	0	2	0.014408684546615579	0.01	125.01295471191406	148.0247802734375	0.043333333333333335	0.07333333333333333	0.08	0.11	0.04666666666666667	4.0018839836120605	8.94854736328125	4.343916416168213	10.326496124267578	4.271052360534668
3	0	0	3	0.014408684546615579	0.01	125.01295471191406	148.0247802734375	0.13	0.13666666666666666	0.10333333333333333	-1.0	-1.0	10.954384803771973	23.380346298217773	9.40231704711914	-1.0	-1.0
4	0	0	4	0.014408684546615579	0.01	125.01295471191406	148.0247802734375	inf	inf	0.32	inf	0.17	inf	inf	17.435848236083984	inf	11.373730659484863
5	0	1	0	0.32	0.01	17.435848236083984	148.0247802734375	-1.0	-1.0	inf	0.11333333333333334	-1.0	-1.0	-1.0	inf	10.901185989379883	-1.0
6	0	1	1	0.32	0.01	17.435848236083984	148.0247802734375	0.10333333333333333	-1.0	0.10666666666666667	-1.0	0.10999999999999999	9.40231704711914	-1.0	9.165546417236328	-1.0	8.11430549621582
7	0	1	2	0.32	0.01	17.435848236083984	148.0247802734375										
8	0	1	3	0.32	0.01	17.435848236083984	148.0247802734375	0.18666666666666665	-1.0	inf	-1.0	-1.0	11.163578987121582	-1.0	inf	-1.0	-1.0
9	0	1	4	0.32	0.01	17.435848236083984	148.0247802734375	0.18999999999999997	0.36000000000000004	inf	-1.0	-1.0	11.429962158203125	11.153225898742676	inf	-1.0	-1.0
10	0	2	0	0.36000000000000004	0.014408684546615579	11.153225898742676	125.01295471191406	-1.0	-1.0	0.09999999999999999	inf	0.35333333333333333	-1.0	-1.0	10.608086585998535	inf	35.423770904541016
11	0	2	1	0.36000000000000004	0.014408684546615579	11.153225898742676	125.01295471191406	inf	0.1366666666666667	inf	inf	-1.0	inf	11.705080032348633	inf	inf	-1.0
12	0	2	2	0.36000000000000004	0.014408684546615579	11.153225898742676	125.01295471191406	0.13333333333333333	0.09999999999999999	-1.0	-1.0	inf	11.242318153381348	10.905282974243164	-1.0	-1.0	inf
13	0	2	3	0.36000000000000004	0.014408684546615579	11.153225898742676	125.01295471191406	-1.0	-1.0	-1.0	-1.0	-1.0	-1.0	-1.0	-1.0	-1.0	-1.0
14	0	2	4	0.36000000000000004	0.014408684546615579	11.153225898742676	125.01295471191406	0.37666666666666665	-1.0	inf	0.31666666666666665	-1.0	14.231344223022461	-1.0	inf	9.0350980758667	-1.0
15	0	3	0	0.014408684546615579	0.31666666666666665	125.01295471191406	9.0350980758667	inf	0.12666666666666668	-1.0	0.3466666666666667	0.3666666666666667	inf	10.872806549072266	-1.0	39.88334274291992	38.738155364990234
16	0	3	1	0.014408684546615579	0.31666666666666665	125.01295471191406	9.0350980758667	0.1366666666666667	-1.0	inf	0.1366666666666667	-1.0	11.656302452087402	-1.0	inf	11.4032621383667	-1.0
17	0	3	2	0.014408684546615579	0.31666666666666665	125.01295471191406	9.0350980758667	0.08666666666666667	0.16666666666666666	0.32	inf	-1.0	7.51406192779541	20.000831604003906	49.06057357788086	inf	-1.0
18	0	3	3	0.014408684546615579	0.31666666666666665	125.01295471191406	9.0350980758667	0.10333333333333333	0.12666666666666668	0.10333333333333333	0.11	0.13333333333333333	5.680667877197266	10.872806549072266	5.697638034820557	6.209545612335205	11.624190330505371
19	0	3	4	0.014408684546615579	0.31666666666666665	125.01295471191406	9.0350980758667	0.11666666666666665	0.12666666666666668	inf	0.11	inf	10.192682266235352	10.918428421020508	inf	10.523918151855469	inf
20	0	4	0	0.01	0.12666666666666668	148.0247802734375	10.918428421020508	-1.0	-1.0	-1.0	-1.0	0.15	-1.0	-1.0	-1.0	-1.0	9.910809516906738
21	0	4	1	0.01	0.12666666666666668	148.0247802734375	10.918428421020508	-1.0	-1.0	-1.0	0.37666666666666665	inf	-1.0	-1.0	-1.0	12.701786041259766	inf
22	0	4	2	0.01	0.12666666666666668	148.0247802734375	10.918428421020508	-1.0	-1.0	-1.0	inf	inf	-1.0	-1.0	-1.0	inf	inf
23	0	4	3	0.01	0.12666666666666668	148.0247802734375	10.918428421020508	0.11	-1.0	-1.0	-1.0	-1.0	6.0032548904418945	-1.0	-1.0	-1.0	-1.0
24	0	4	4	0.01	0.12666666666666668	148.0247802734375	10.918428421020508	0.13333333333333333	-1.0	inf	0.08	-1.0	10.351243019104004	-1.0	inf	11.714271545410156	-1.0
25	0	5	0	0.13333333333333333	0.18999999999999997	10.351243019104004	11.429962158203125	0.11333333333333334	-1.0	0.12666666666666668	0.1366666666666667	-1.0	7.589098930358887	-1.0	12.914508819580078	9.79944133758545	-1.0
26	0	5	1	0.13333333333333333	0.18999999999999997	10.351243019104004	11.429962158203125	0.10666666666666667	-1.0	inf	0.12666666666666668	0.06666666666666667	8.4870023727417	-1.0	inf	11.157918930053711	12.86939811706543
27	0	5	2	0.13333333333333333	0.18999999999999997	10.351243019104004	11.429962158203125	0.07666666666666666	0.8633333333333333	0.65	0.11333333333333334	0.08666666666666667	14.86161994934082	44.86989974975586	11.24692153930664	10.961755752563477	6.466357707977295
28	0	5	3	0.13333333333333333	0.18999999999999997	10.351243019104004	11.429962158203125	0.3666666666666667	-1.0	-1.0	0.08666666666666667	-1.0	38.738155364990234	-1.0	-1.0	10.594353675842285	-1.0
29	0	5	4	0.13333333333333333	0.18999999999999997	10.351243019104004	11.429962158203125	-1.0	0.19000000000000003	-1.0	0.37333333333333335	-1.0	-1.0	13.965295791625977	-1.0	34.0789909362793	-1.0
30	0	6	0	0.01	0.37333333333333335	148.0247802734375	34.0789909362793	inf	-1.0	0.0			inf	-1.0	0.0		
