	reset_island_iter	improve_iter	island	program_1_score	program_2_score	output_program_1_score	output_program_2_score	output_program_3_score	output_program_4_score	output_program_5_score
0	0	0	0	16.381986618041992	15.552267074584961	20.931983947753906	-1.0	-1.0	inf	-1.0
1	0	0	1	16.381986618041992	15.552267074584961	25.094083786010742	inf	25.413541793823242	inf	inf
2	0	0	2	16.381986618041992	15.552267074584961	28.83669662475586	24.39601707458496	-1.0	inf	-1.0
3	0	0	3	16.381986618041992	15.552267074584961	8.596831321716309	12.124520301818848	inf	-1.0	-1.0
4	0	0	4	16.381986618041992	15.552267074584961	29.944467544555664	inf	-1.0	inf	inf
5	0	1	0	15.552267074584961	16.381986618041992	-1.0	29.345619201660156	inf	inf	23.243572235107422
6	0	1	1	15.552267074584961	16.381986618041992	-1.0	-1.0	inf	24.716880798339844	29.416467666625977
7	0	1	2	15.552267074584961	16.381986618041992	27.484424591064453	27.53155517578125	-1.0	inf	27.678491592407227
8	0	1	3	15.552267074584961	16.381986618041992	inf	21.35272216796875	-1.0	-1.0	-1.0
9	0	1	4	15.552267074584961	16.381986618041992	16.437177658081055	16.91507911682129	29.61638832092285	-1.0	26.868608474731445
10	0	2	0	15.552267074584961	16.437177658081055	24.39601707458496	-1.0	12.570151329040527	-1.0	22.068435668945312
11	0	2	1	15.552267074584961	16.437177658081055	inf	26.43022346496582	-1.0	inf	24.39601707458496
12	0	2	2	15.552267074584961	16.437177658081055	30.85150718688965	32.570980072021484	30.14483070373535	29.958377838134766	32.94691467285156
13	0	2	3	15.552267074584961	16.437177658081055	inf	21.6948299407959	21.602331161499023	-1.0	-1.0
14	0	2	4	15.552267074584961	16.437177658081055	19.22905731201172	28.980615615844727	24.39601707458496	23.782699584960938	inf
15	0	3	0	16.381986618041992	16.91507911682129	8.120609283447266	-1.0	8.622917175292969	10.854596138000488	-1.0
16	0	3	1	16.381986618041992	16.91507911682129	inf	9.0933198928833	12.28864860534668	-1.0	-1.0
17	0	3	2	16.381986618041992	16.91507911682129	16.850051879882812	10.944714546203613	-1.0	-1.0	-1.0
18	0	3	3	16.381986618041992	16.91507911682129	inf	-1.0	-1.0	-1.0	-1.0
19	0	3	4	16.381986618041992	16.91507911682129	33.11439514160156	inf	-1.0	inf	-1.0
20	0	4	0	15.552267074584961	16.437177658081055	23.164791107177734	23.486663818359375	-1.0	-1.0	23.81234359741211
21	0	4	1	15.552267074584961	16.437177658081055	31.317874908447266	-1.0	6.4728217124938965	-1.0	33.403045654296875
22	0	4	2	15.552267074584961	16.437177658081055	inf	22.040489196777344	inf	inf	21.305578231811523
23	0	4	3	15.552267074584961	16.437177658081055	inf	inf	inf	inf	-1.0
24	0	4	4	15.552267074584961	16.437177658081055	inf	-1.0	inf	-1.0	inf
25	0	5	0	15.552267074584961	16.381986618041992	16.026573181152344	inf	-1.0	-1.0	inf
26	0	5	1	15.552267074584961	16.381986618041992	6.282891750335693	37.828948974609375	inf	6.250276565551758	35.51845169067383
27	0	5	2	15.552267074584961	16.381986618041992	inf	-1.0	26.44321060180664	inf	-1.0
28	0	5	3	15.552267074584961	16.381986618041992	inf	inf	-1.0	-1.0	inf
29	0	5	4	15.552267074584961	16.381986618041992	inf	-1.0	-1.0	inf	-1.0
30	0	6	0	15.552267074584961	16.437177658081055	15.978249549865723	inf	-1.0	20.552806854248047	-1.0
31	0	6	1	15.552267074584961	16.437177658081055	inf	-1.0	8.008197784423828	-1.0	-1.0
32	0	6	2	15.552267074584961	16.437177658081055	-1.0	-1.0	inf	-1.0	inf
33	0	6	3	15.552267074584961	16.437177658081055	22.7033634185791	inf	-1.0	inf	inf
34	0	6	4	15.552267074584961	16.437177658081055	inf	-1.0	-1.0	-1.0	-1.0
35	0	7	0	16.437177658081055	15.552267074584961	19.87897491455078	15.288850784301758	inf	17.665454864501953	23.03438949584961
36	0	7	1	16.437177658081055	15.552267074584961	-1.0	-1.0	15.860715866088867	-1.0	-1.0
37	0	7	2	16.437177658081055	15.552267074584961	-1.0	inf	inf	-1.0	inf
38	0	7	3	16.437177658081055	15.552267074584961	inf	inf	inf	inf	inf
39	0	7	4	16.437177658081055	15.552267074584961	8.92577075958252	inf	-1.0	inf	inf
40	0	8	0	8.92577075958252	16.381986618041992	23.354856491088867	inf	12.083568572998047	inf	23.23430633544922
41	0	8	1	8.92577075958252	16.381986618041992	-1.0	6.278472900390625	20.884023666381836	5.981603622436523	-1.0
42	0	8	2	8.92577075958252	16.381986618041992	-1.0	inf	-1.0	inf	-1.0
43	0	8	3	8.92577075958252	16.381986618041992	inf	inf	inf	inf	inf
44	0	8	4	8.92577075958252	16.381986618041992	inf	inf	inf	inf	inf
45	0	9	0	8.92577075958252	15.552267074584961	16.241470336914062	-1.0	-1.0	26.61319351196289	-1.0
46	0	9	1	8.92577075958252	15.552267074584961	29.345619201660156	-1.0	-1.0	-1.0	16.13669776916504
47	0	9	2	8.92577075958252	15.552267074584961	inf	inf	inf	inf	20.739896774291992
48	0	9	3	8.92577075958252	15.552267074584961	inf	inf	inf	inf	inf
49	0	9	4	8.92577075958252	15.552267074584961	14.118223190307617	8.150923728942871	inf	inf	inf
50	1	0	0	8.455554008483887	8.150923728942871	27.722930908203125	-1.0	inf	-1.0	6.282891750335693
51	1	0	1	8.455554008483887	8.150923728942871	-1.0	5.981603622436523	35.51845169067383	29.345619201660156	-1.0
52	1	0	2	8.455554008483887	8.150923728942871	20.644506454467773	6.250276565551758	25.519792556762695	-1.0	inf
53	1	0	3	8.455554008483887	8.150923728942871	22.405784606933594	4.317231178283691	inf	12.570151329040527	inf
54	1	0	4	8.455554008483887	8.150923728942871	6.28784704208374	28.83669662475586	11.190165519714355	-1.0	35.005126953125
55	1	1	0	8.150923728942871	6.28784704208374	-1.0	-1.0	22.503568649291992	28.94634437561035	26.627744674682617
56	1	1	1	8.150923728942871	6.28784704208374	6.250276565551758	inf	29.783510208129883	-1.0	21.09331512451172
57	1	1	2	8.150923728942871	6.28784704208374	-1.0	35.190433502197266	20.931983947753906	-1.0	-1.0
58	1	1	3	8.150923728942871	6.28784704208374	inf	inf	inf	8.776419639587402	inf
59	1	1	4	8.150923728942871	6.28784704208374	5.660330295562744	5.566726207733154	-1.0	-1.0	6.109021186828613
60	1	2	0	6.28784704208374	6.109021186828613	11.471237182617188	9.671711921691895	-1.0	10.240936279296875	18.450340270996094
61	1	2	1	6.28784704208374	6.109021186828613	-1.0	-1.0	-1.0	-1.0	inf
62	1	2	2	6.28784704208374	6.109021186828613	-1.0	inf	-1.0	inf	-1.0
63	1	2	3	6.28784704208374	6.109021186828613	6.2873992919921875	inf	8.616986274719238	-1.0	-1.0
64	1	2	4	6.28784704208374	6.109021186828613	21.857637405395508	32.263919830322266	18.133380889892578	inf	-1.0
65	1	3	0	5.566726207733154	6.28784704208374	14.900614738464355	inf	-1.0	-1.0	inf
66	1	3	1	5.566726207733154	6.28784704208374	inf	-1.0	30.5538272857666	24.716880798339844	29.99152946472168
67	1	3	2	5.566726207733154	6.28784704208374	24.849639892578125	inf	-1.0	29.345619201660156	inf
68	1	3	3	5.566726207733154	6.28784704208374	-1.0	inf	-1.0	inf	inf
69	1	3	4	5.566726207733154	6.28784704208374	5.946577548980713	5.929191589355469	18.929794311523438	-1.0	-1.0
70	1	4	0	5.946577548980713	5.929191589355469	7.24193000793457	-1.0	-1.0	-1.0	-1.0
71	1	4	1	5.946577548980713	5.929191589355469	-1.0	-1.0	-1.0	35.190433502197266	36.386451721191406
72	1	4	2	5.946577548980713	5.929191589355469	-1.0	inf	-1.0	-1.0	inf
73	1	4	3	5.946577548980713	5.929191589355469	-1.0	-1.0	10.960029602050781	-1.0	inf
74	1	4	4	5.946577548980713	5.929191589355469	5.2446794509887695	11.897802352905273	inf	6.408411026000977	16.665647506713867
75	1	5	0	5.2446794509887695	5.566726207733154	11.601461410522461	14.220452308654785	18.793996810913086	inf	inf
76	1	5	1	5.2446794509887695	5.566726207733154	-1.0	-1.0	35.937828063964844	-1.0	-1.0
77	1	5	2	5.2446794509887695	5.566726207733154	-1.0	-1.0	inf	inf	12.062682151794434
78	1	5	3	5.2446794509887695	5.566726207733154	inf	-1.0	-1.0	-1.0	-1.0
79	1	5	4	5.2446794509887695	5.566726207733154	8.537718772888184	6.176252841949463	23.53032875061035	-1.0	-1.0
80	1	6	0	5.2446794509887695	6.176252841949463	29.345619201660156	inf	-1.0	-1.0	-1.0
81	1	6	1	5.2446794509887695	6.176252841949463	9.0933198928833	11.958361625671387	-1.0	-1.0	31.076997756958008
82	1	6	2	5.2446794509887695	6.176252841949463	-1.0	inf	inf	-1.0	-1.0
83	1	6	3	5.2446794509887695	6.176252841949463	inf	-1.0	-1.0	-1.0	inf
84	1	6	4	5.2446794509887695	6.176252841949463	-1.0	8.426835060119629	26.186532974243164	29.401103973388672	-1.0
85	1	7	0	5.2446794509887695	5.946577548980713	-1.0	-1.0	-1.0	inf	-1.0
86	1	7	1	5.2446794509887695	5.946577548980713	-1.0	-1.0	-1.0	-1.0	-1.0
87	1	7	2	5.2446794509887695	5.946577548980713	-1.0	inf	-1.0	inf	21.231992721557617
88	1	7	3	5.2446794509887695	5.946577548980713	inf	6.469555854797363	inf	5.64626932144165	-1.0
89	1	7	4	5.2446794509887695	5.946577548980713	5.861447811126709	32.32741165161133	18.35150146484375	-1.0	-1.0
90	1	8	0	5.861447811126709	6.28784704208374	-1.0	inf	-1.0	-1.0	-1.0
91	1	8	1	5.861447811126709	6.28784704208374	6.097083568572998	10.87799072265625	-1.0	24.39601707458496	-1.0
92	1	8	2	5.861447811126709	6.28784704208374	-1.0	inf	inf	inf	19.265960693359375
93	1	8	3	5.861447811126709	6.28784704208374	inf	30.79300880432129	inf	-1.0	-1.0
94	1	8	4	5.861447811126709	6.28784704208374	6.288106918334961	-1.0	-1.0	-1.0	-1.0
95	1	9	0	6.28784704208374	5.2446794509887695	-1.0	-1.0	-1.0	20.900007247924805	inf
96	1	9	1	6.28784704208374	5.2446794509887695	-1.0	-1.0	-1.0	6.828341960906982	inf
97	1	9	2	6.28784704208374	5.2446794509887695	inf	-1.0	inf	24.087797164916992	8.92577075958252
98	1	9	3	6.28784704208374	5.2446794509887695	inf	34.849639892578125	inf	35.35264205932617	21.530853271484375
99	1	9	4	6.28784704208374	5.2446794509887695	31.601001739501953	-1.0	-1.0	-1.0	-1.0
100	2	0	0	6.213633060455322	6.19518518447876	10.389104843139648	inf	6.250276565551758	-1.0	7.685890197753906
101	2	0	1	6.213633060455322	6.19518518447876	16.00681495666504	-1.0	inf	25.519792556762695	8.653181076049805
102	2	0	2	6.213633060455322	6.19518518447876	inf	20.93198585510254	6.250276565551758	-1.0	21.231992721557617
103	2	0	3	6.213633060455322	6.19518518447876	10.288933753967285	-1.0	-1.0	9.126571655273438	-1.0
104	2	0	4	6.213633060455322	6.19518518447876	11.712318420410156	-1.0	-1.0	-1.0	-1.0
105	2	1	0	6.19518518447876	6.213633060455322	5.358504772186279	inf	5.755715847015381	5.459709167480469	5.261115074157715
106	2	1	1	6.19518518447876	6.213633060455322	inf	inf	-1.0	inf	23.138294219970703
107	2	1	2	6.19518518447876	6.213633060455322	inf	15.813976287841797	-1.0	-1.0	-1.0
108	2	1	3	6.19518518447876	6.213633060455322	7.286514759063721	16.932424545288086	7.917223930358887	20.22735595703125	6.250276565551758
109	2	1	4	6.19518518447876	6.213633060455322	13.630376815795898	20.93198585510254	-1.0	6.716875076293945	-1.0
110	2	2	0	6.213633060455322	6.19518518447876	5.9710307121276855	5.976378440856934	7.778478145599365	6.027804851531982	-1.0
111	2	2	1	6.213633060455322	6.19518518447876	8.64084243774414	-1.0	15.673952102661133	-1.0	-1.0
112	2	2	2	6.213633060455322	6.19518518447876	inf	8.768515586853027	-1.0	inf	18.6059513092041
113	2	2	3	6.213633060455322	6.19518518447876	inf	7.279755592346191	inf	inf	17.97511863708496
114	2	2	4	6.213633060455322	6.19518518447876	7.821477890014648	15.813976287841797	6.250276565551758	7.911660671234131	-1.0
115	2	3	0	7.821477890014648	6.213633060455322	17.281766891479492	inf	82.27124786376953	79.24999237060547	28.853893280029297
116	2	3	1	7.821477890014648	6.213633060455322	inf	12.970014572143555			
117	2	3	2	7.821477890014648	6.213633060455322	-1.0	6.406880855560303	-1.0	-1.0	9.810627937316895
118	2	3	3	7.821477890014648	6.213633060455322	10.830535888671875	-1.0	10.43197250366211	-1.0	9.651175498962402
119	2	3	4	7.821477890014648	6.213633060455322	11.171838760375977	16.718708038330078	11.36762523651123	11.287796020507812	11.152870178222656
120	2	4	0	6.213633060455322	6.19518518447876	19.914670944213867	12.789674758911133	inf	-1.0	17.24443244934082
121	2	4	1	6.213633060455322	6.19518518447876	17.86653709411621	16.72460174560547	-1.0	-1.0	-1.0
122	2	4	2	6.213633060455322	6.19518518447876	9.890358924865723	26.583742141723633	12.715362548828125	-1.0	12.155689239501953
123	2	4	3	6.213633060455322	6.19518518447876	7.7271952629089355	inf	-1.0	inf	-1.0
124	2	4	4	6.213633060455322	6.19518518447876	7.075214385986328	-1.0	10.41215705871582	-1.0	-1.0
125	2	5	0	6.213633060455322	6.250276565551758	41.005592346191406	-1.0	inf	inf	inf
126	2	5	1	6.213633060455322	6.250276565551758	inf	6.250276565551758	inf		
127	2	5	2	6.213633060455322	6.250276565551758	11.287796020507812	-1.0	-1.0	10.803556442260742	12.675362586975098
128	2	5	3	6.213633060455322	6.250276565551758	8.327191352844238	6.425230979919434	13.40904426574707	-1.0	-1.0
129	2	5	4	6.213633060455322	6.250276565551758	8.085622787475586	inf	16.48214340209961	5.884011745452881	-1.0
130	2	6	0	6.716875076293945	6.213633060455322	9.70223617553711	-1.0	29.345619201660156	7.032425880432129	-1.0
131	2	6	1	6.716875076293945	6.213633060455322	15.536869049072266	16.587078094482422	29.345619201660156	-1.0	-1.0
132	2	6	2	6.716875076293945	6.213633060455322	10.206270217895508	29.345619201660156	inf	15.22323226928711	-1.0
133	2	6	3	6.716875076293945	6.213633060455322	8.793231964111328	16.587078094482422	inf	-1.0	-1.0
134	2	6	4	6.716875076293945	6.213633060455322	inf	17.010601043701172	9.804845809936523	26.912939071655273	inf
135	2	7	0	6.213633060455322	5.884011745452881	18.933191299438477	inf	inf	-1.0	12.234654426574707
136	2	7	1	6.213633060455322	5.884011745452881	13.869598388671875	6.379308700561523	13.653448104858398	15.75478458404541	21.043962478637695
137	2	7	2	6.213633060455322	5.884011745452881	inf	-1.0	inf	13.79305648803711	16.536636352539062
138	2	7	3	6.213633060455322	5.884011745452881	inf	14.510320663452148	25.653121948242188	-1.0	-1.0
139	2	7	4	6.213633060455322	5.884011745452881	-1.0	-1.0	-1.0	8.581350326538086	-1.0
140	2	8	0	7.075214385986328	6.19518518447876	18.06250762939453	inf	-1.0	inf	-1.0
141	2	8	1	7.075214385986328	6.19518518447876	8.666725158691406	23.209728240966797	30.427234649658203	7.009682655334473	30.35599136352539
142	2	8	2	7.075214385986328	6.19518518447876	13.035679817199707	inf	inf	-1.0	inf
143	2	8	3	7.075214385986328	6.19518518447876	inf	10.157853126525879	inf	-1.0	14.564311981201172
144	2	8	4	7.075214385986328	6.19518518447876	inf	24.721149444580078	29.345619201660156	12.569183349609375	23.249956130981445
145	2	9	0	6.250276565551758	6.213633060455322	4.655655860900879	10.994690895080566	inf	-1.0	-1.0
146	2	9	1	6.250276565551758	6.213633060455322	-1.0	inf	11.059249877929688	inf	inf
147	2	9	2	6.250276565551758	6.213633060455322	inf	-1.0	-1.0	-1.0	-1.0
148	2	9	3	6.250276565551758	6.213633060455322	18.273494720458984	inf	inf	-1.0	inf
149	2	9	4	6.250276565551758	6.213633060455322	inf	inf	-1.0	-1.0	-1.0
150	3	0	0	5.88043737411499	5.786036014556885	8.621491432189941	8.386896133422852	-1.0	-1.0	-1.0
151	3	0	1	5.88043737411499	5.786036014556885	15.863287925720215	-1.0	-1.0	inf	-1.0
152	3	0	2	5.88043737411499	5.786036014556885	22.147220611572266	-1.0	-1.0	-1.0	-1.0
153	3	0	3	5.88043737411499	5.786036014556885	6.32059383392334	inf	-1.0	7.660074710845947	8.152417182922363
154	3	0	4	5.88043737411499	5.786036014556885	6.250276565551758	inf	-1.0	-1.0	10.064077377319336
155	3	1	0	5.88043737411499	5.786036014556885	15.787907600402832	-1.0	-1.0	6.250276565551758	-1.0
156	3	1	1	5.88043737411499	5.786036014556885	inf	5.295424938201904	inf	-1.0	-1.0
157	3	1	2	5.88043737411499	5.786036014556885	5.605478763580322	6.250276565551758	-1.0	16.470958709716797	5.88788366317749
158	3	1	3	5.88043737411499	5.786036014556885	inf	6.806610584259033	6.656967639923096	11.893545150756836	5.457618713378906
159	3	1	4	5.88043737411499	5.786036014556885	inf	8.535831451416016	8.324357032775879	inf	-1.0
160	3	2	0	5.786036014556885	6.250276565551758	18.588451385498047	16.591726303100586	-1.0	-1.0	-1.0
161	3	2	1	5.786036014556885	6.250276565551758	inf	6.285515308380127	inf	-1.0	-1.0
162	3	2	2	5.786036014556885	6.250276565551758	-1.0	-1.0	-1.0	-1.0	-1.0
163	3	2	3	5.786036014556885	6.250276565551758	9.954926490783691	-1.0	inf	-1.0	inf
164	3	2	4	5.786036014556885	6.250276565551758	inf	6.299942493438721	-1.0	-1.0	-1.0
165	3	3	0	8.324357032775879	6.250276565551758	7.128503322601318	-1.0	inf	inf	7.541810989379883
166	3	3	1	8.324357032775879	6.250276565551758	-1.0	-1.0	-1.0	-1.0	inf
167	3	3	2	8.324357032775879	6.250276565551758	-1.0	-1.0	8.343459129333496	-1.0	9.162571907043457
168	3	3	3	8.324357032775879	6.250276565551758	inf	6.8053789138793945	-1.0	-1.0	-1.0
169	3	3	4	8.324357032775879	6.250276565551758	inf	-1.0	-1.0	10.594347953796387	-1.0
170	3	4	0	5.786036014556885	5.88043737411499	inf	-1.0	-1.0	inf	-1.0
171	3	4	1	5.786036014556885	5.88043737411499	inf	6.250276565551758	inf	20.93277359008789	6.934685230255127
172	3	4	2	5.786036014556885	5.88043737411499	5.295424938201904	5.4533586502075195	4.968790531158447	5.169100284576416	-1.0
173	3	4	3	5.786036014556885	5.88043737411499	inf	-1.0	-1.0	14.102108001708984	6.250276565551758
174	3	4	4	5.786036014556885	5.88043737411499	inf	6.126202583312988	-1.0	5.855630397796631	-1.0
175	3	5	0	5.855630397796631	6.299942493438721	inf	19.025548934936523	inf	-1.0	-1.0
176	3	5	1	5.855630397796631	6.299942493438721	inf	26.35789680480957	-1.0	inf	-1.0
177	3	5	2	5.855630397796631	6.299942493438721	-1.0	inf	inf	19.025548934936523	inf
178	3	5	3	5.855630397796631	6.299942493438721	inf	7.552241325378418	-1.0	inf	-1.0
179	3	5	4	5.855630397796631	6.299942493438721	15.863287925720215	-1.0	inf	-1.0	-1.0
180	3	6	0	5.855630397796631	6.299942493438721	inf	inf	inf	inf	-1.0
181	3	6	1	5.855630397796631	6.299942493438721	inf	-1.0	-1.0	-1.0	-1.0
182	3	6	2	5.855630397796631	6.299942493438721	inf	inf	inf	inf	inf
183	3	6	3	5.855630397796631	6.299942493438721	-1.0	-1.0	-1.0	-1.0	6.387881755828857
184	3	6	4	5.855630397796631	6.299942493438721	14.101303100585938	inf	13.720951080322266	-1.0	-1.0
185	3	7	0	5.88043737411499	5.786036014556885	-1.0	-1.0	-1.0	inf	-1.0
186	3	7	1	5.88043737411499	5.786036014556885	20.855693817138672	inf	-1.0	29.345619201660156	-1.0
187	3	7	2	5.88043737411499	5.786036014556885	-1.0	-1.0	-1.0	-1.0	-1.0
188	3	7	3	5.88043737411499	5.786036014556885	inf	5.7113823890686035	6.116384029388428	-1.0	6.639001846313477
189	3	7	4	5.88043737411499	5.786036014556885	-1.0	inf	-1.0	-1.0	20.93277359008789
190	3	8	0	5.786036014556885	6.126202583312988	inf	-1.0	inf	12.614156723022461	-1.0
191	3	8	1	5.786036014556885	6.126202583312988	23.356578826904297	-1.0	-1.0	-1.0	-1.0
192	3	8	2	5.786036014556885	6.126202583312988	8.908950805664062	-1.0	-1.0	8.600688934326172	-1.0
193	3	8	3	5.786036014556885	6.126202583312988	inf	5.543787956237793	inf	-1.0	-1.0
194	3	8	4	5.786036014556885	6.126202583312988	-1.0	inf	-1.0	-1.0	-1.0
195	3	9	0	5.786036014556885	6.299942493438721	inf	-1.0	inf	inf	-1.0
196	3	9	1	5.786036014556885	6.299942493438721	5.881214141845703	8.800349235534668	8.433401107788086	inf	24.677288055419922
197	3	9	2	5.786036014556885	6.299942493438721	inf	inf	-1.0	-1.0	-1.0
198	3	9	3	5.786036014556885	6.299942493438721	-1.0	-1.0	5.3742594718933105	-1.0	inf
199	3	9	4	5.786036014556885	6.299942493438721	-1.0	inf	-1.0	22.147220611572266	-1.0
