	reset_island_iter	improve_iter	island	program_1_hamming_score	program_2_hamming_score	program_1_neural_score	program_2_neural_score	output_program_1_hamming_score	output_program_2_hamming_score	output_program_3_hamming_score	output_program_4_hamming_score	output_program_5_hamming_score	output_program_1_neural_score	output_program_2_neural_score	output_program_3_neural_score	output_program_4_neural_score	output_program_5_neural_score
0	0	0	0	0.34	0.3333333333333333	5.5932698249816895	5.518128395080566	0.98	0.30666666666666664	0.8700000000000001	0.8966666666666666	-1.0	5.68185567855835	6.754779815673828	11.04924488067627	5.2052154541015625	-1.0
1	0	0	1	0.34	0.3333333333333333	5.5932698249816895	5.518128395080566	0.7633333333333333					45.16727066040039				
2	0	0	2	0.34	0.3333333333333333	5.5932698249816895	5.518128395080566	inf	inf	inf	0.32666666666666666	0.32666666666666666	inf	inf	inf	67.18160247802734	66.4460678100586
3	0	0	3	0.34	0.3333333333333333	5.5932698249816895	5.518128395080566	inf	0.31666666666666665	inf	inf	0.30666666666666664	inf	7.797231197357178	inf	inf	66.92012023925781
4	0	0	4	0.34	0.3333333333333333	5.5932698249816895	5.518128395080566	0.30666666666666664	inf	-1.0	-1.0	inf	6.754779815673828	inf	-1.0	-1.0	inf
5	0	1	0	0.3333333333333333	0.34	5.518128395080566	5.5932698249816895	0.33666666666666667	-1.0	0.25666666666666665	inf	-1.0	7.257956504821777	-1.0	5.020190715789795	inf	-1.0
6	0	1	1	0.3333333333333333	0.34	5.518128395080566	5.5932698249816895	0.98	-1.0	0.30666666666666664	-1.0	0.98	6.337493896484375	-1.0	6.754779815673828	-1.0	6.365507125854492
7	0	1	2	0.3333333333333333	0.34	5.518128395080566	5.5932698249816895	inf	0.31666666666666665	0.31666666666666665	0.39666666666666667	-1.0	inf	59.92933654785156	59.50132369995117	51.180999755859375	-1.0
8	0	1	3	0.3333333333333333	0.34	5.518128395080566	5.5932698249816895	0.30666666666666664	inf	-1.0	inf	inf	31.31661033630371	inf	-1.0	inf	inf
9	0	1	4	0.3333333333333333	0.34	5.518128395080566	5.5932698249816895	inf	inf	inf	0.22333333333333336	inf	inf	inf	inf	5.728309631347656	inf
10	0	2	0	0.3333333333333333	0.34	5.518128395080566	5.5932698249816895	0.03	0.25666666666666665	0.31	inf	inf	1.6597819328308105	5.251860618591309	6.801419258117676	inf	inf
11	0	2	1	0.3333333333333333	0.34	5.518128395080566	5.5932698249816895	inf	inf	inf	inf	inf	inf	inf	inf	inf	inf
12	0	2	2	0.3333333333333333	0.34	5.518128395080566	5.5932698249816895	0.26999999999999996	inf	inf	inf	0.3233333333333333	6.990588665008545	inf	inf	inf	45.27301788330078
13	0	2	3	0.3333333333333333	0.34	5.518128395080566	5.5932698249816895	inf	inf	inf	inf	inf	inf	inf	inf	inf	inf
14	0	2	4	0.3333333333333333	0.34	5.518128395080566	5.5932698249816895	inf	inf	inf	0.5033333333333334	inf	inf	inf	inf	10.167230606079102	inf
15	0	3	0	0.34	0.30666666666666664	5.5932698249816895	6.754779815673828	-1.0	inf	-1.0	inf	-1.0	-1.0	inf	-1.0	inf	-1.0
16	0	3	1	0.34	0.30666666666666664	5.5932698249816895	6.754779815673828	inf	inf	inf	inf	inf	inf	inf	inf	inf	inf
17	0	3	2	0.34	0.30666666666666664	5.5932698249816895	6.754779815673828	inf	0.31666666666666665	inf	0.31	inf	inf	32.83964157104492	inf	44.89085388183594	inf
18	0	3	3	0.34	0.30666666666666664	5.5932698249816895	6.754779815673828	inf	inf	inf	inf	inf	inf	inf	inf	inf	inf
19	0	3	4	0.34	0.30666666666666664	5.5932698249816895	6.754779815673828	inf	inf	inf	inf	inf	inf	inf	inf	inf	inf
20	0	4	0	0.30666666666666664	0.34	6.754779815673828	5.5932698249816895	inf	-1.0	0.30666666666666664	inf	-1.0	inf	-1.0	6.880802631378174	inf	-1.0
21	0	4	1	0.30666666666666664	0.34	6.754779815673828	5.5932698249816895	0.41	inf	-1.0	0.32666666666666666	-1.0	32.9375	inf	-1.0	32.78187942504883	-1.0
22	0	4	2	0.30666666666666664	0.34	6.754779815673828	5.5932698249816895	0.30666666666666664	0.33666666666666667	0.31666666666666665	0.26333333333333336	0.2833333333333334	6.754779815673828	44.95889663696289	46.29682540893555	33.21710968017578	29.772417068481445
23	0	4	3	0.30666666666666664	0.34	6.754779815673828	5.5932698249816895	inf	inf	0.30666666666666664	inf	-1.0	inf	inf	6.754779815673828	inf	-1.0
24	0	4	4	0.30666666666666664	0.34	6.754779815673828	5.5932698249816895	inf	0.33666666666666667	inf	inf	-1.0	inf	75.47545623779297	inf	inf	-1.0
25	0	5	0	0.22333333333333336	0.3333333333333333	5.728309631347656	5.518128395080566	inf	inf	-1.0	-1.0	-1.0	inf	inf	-1.0	-1.0	-1.0
26	0	5	1	0.22333333333333336	0.3333333333333333	5.728309631347656	5.518128395080566	inf	inf	0.5133333333333333	inf	inf	inf	inf	26.315086364746094	inf	inf
27	0	5	2	0.22333333333333336	0.3333333333333333	5.728309631347656	5.518128395080566	inf	inf	inf	inf	inf	inf	inf	inf	inf	inf
28	0	5	3	0.22333333333333336	0.3333333333333333	5.728309631347656	5.518128395080566	inf	inf	-1.0	-1.0	-1.0	inf	inf	-1.0	-1.0	-1.0
29	0	5	4	0.22333333333333336	0.3333333333333333	5.728309631347656	5.518128395080566	-1.0	0.42	-1.0	-1.0	-1.0	-1.0	19.09311866760254	-1.0	-1.0	-1.0
30	0	6	0	0.3333333333333333	0.34	5.518128395080566	5.5932698249816895	inf	inf	-1.0	inf	-1.0	inf	inf	-1.0	inf	-1.0
31	0	6	1	0.3333333333333333	0.34	5.518128395080566	5.5932698249816895	inf	inf	inf	inf	inf	inf	inf	inf	inf	inf
32	0	6	2	0.3333333333333333	0.34	5.518128395080566	5.5932698249816895	inf	inf	inf	inf	inf	inf	inf	inf	inf	inf
33	0	6	3	0.3333333333333333	0.34	5.518128395080566	5.5932698249816895	-1.0	0.5433333333333333	-1.0	-1.0	inf	-1.0	16.530895233154297	-1.0	-1.0	inf
34	0	6	4	0.3333333333333333	0.34	5.518128395080566	5.5932698249816895	0.14	inf	0.24666666666666667	-1.0	0.19333333333333333	2.2683756351470947	inf	4.785050868988037	-1.0	3.822301149368286
35	0	7	0	0.14	0.19333333333333333	2.2683756351470947	3.822301149368286	-1.0	inf	-1.0	inf	inf	-1.0	inf	-1.0	inf	inf
36	0	7	1	0.14	0.19333333333333333	2.2683756351470947	3.822301149368286	inf	inf	inf	inf	inf	inf	inf	inf	inf	inf
37	0	7	2	0.14	0.19333333333333333	2.2683756351470947	3.822301149368286	inf					inf				
38	0	7	3	0.14	0.19333333333333333	2.2683756351470947	3.822301149368286	0.30666666666666664	inf	inf	0.32666666666666666	-1.0	47.69655990600586	inf	inf	6.836186408996582	-1.0
39	0	7	4	0.14	0.19333333333333333	2.2683756351470947	3.822301149368286	-1.0	inf	-1.0	inf	inf	-1.0	inf	-1.0	inf	inf
40	0	8	0	0.14	0.3333333333333333	2.2683756351470947	5.518128395080566	-1.0	inf	inf	-1.0	-1.0	-1.0	inf	inf	-1.0	-1.0
41	0	8	1	0.14	0.3333333333333333	2.2683756351470947	5.518128395080566	inf	inf	inf	inf	inf	inf	inf	inf	inf	inf
42	0	8	2	0.14	0.3333333333333333	2.2683756351470947	5.518128395080566	inf	0.4000000000000001	0.37999999999999995	-1.0	inf	inf	10.796062469482422	9.446660995483398	-1.0	inf
43	0	8	3	0.14	0.3333333333333333	2.2683756351470947	5.518128395080566	inf	-1.0	0.22	-1.0	inf	inf	-1.0	6.118821144104004	-1.0	inf
44	0	8	4	0.14	0.3333333333333333	2.2683756351470947	5.518128395080566	0.32	-1.0	inf	0.19999999999999998	-1.0	7.8856096267700195	-1.0	inf	3.9703235626220703	-1.0
45	0	9	0	0.14	0.24666666666666667	2.2683756351470947	4.785050868988037	inf	0.22333333333333336	inf	inf	inf	inf	4.71461296081543	inf	inf	inf
46	0	9	1	0.14	0.24666666666666667	2.2683756351470947	4.785050868988037	inf	inf	inf	inf	inf	inf	inf	inf	inf	inf
47	0	9	2	0.14	0.24666666666666667	2.2683756351470947	4.785050868988037	inf	inf	0.35666666666666663	0.4166666666666667	0.2733333333333333	inf	inf	8.922883033752441	11.31877613067627	7.502054214477539
48	0	9	3	0.14	0.24666666666666667	2.2683756351470947	4.785050868988037	inf	inf	0.32666666666666666	-1.0	0.20666666666666667	inf	inf	6.689326286315918	-1.0	4.930109977722168
49	0	9	4	0.14	0.24666666666666667	2.2683756351470947	4.785050868988037	-1.0	inf	-1.0	inf	inf	-1.0	inf	-1.0	inf	inf
50	1	0	0	0.20666666666666667	0.24666666666666667	4.930109977722168	4.785050868988037	0.30666666666666664	-1.0	-1.0	-1.0	-1.0	6.754779815673828	-1.0	-1.0	-1.0	-1.0
51	1	0	1	0.20666666666666667	0.24666666666666667	4.930109977722168	4.785050868988037	0.32	0.15333333333333335	-1.0	-1.0	-1.0	7.8856096267700195	2.6429319381713867	-1.0	-1.0	-1.0
52	1	0	2	0.20666666666666667	0.24666666666666667	4.930109977722168	4.785050868988037	inf	0.33666666666666667	0.30666666666666664	inf	-1.0	inf	8.117569923400879	6.754779815673828	inf	-1.0
53	1	0	3	0.20666666666666667	0.24666666666666667	4.930109977722168	4.785050868988037	0.19999999999999998	-1.0	-1.0	0.26333333333333336	-1.0	3.9950687885284424	-1.0	-1.0	52.2183837890625	-1.0
54	1	0	4	0.20666666666666667	0.24666666666666667	4.930109977722168	4.785050868988037	inf	0.30666666666666664	inf	inf	-1.0	inf	6.754779815673828	inf	inf	-1.0
55	1	1	0	0.20666666666666667	0.24666666666666667	4.930109977722168	4.785050868988037	-1.0	inf	inf	-1.0	-1.0	-1.0	inf	inf	-1.0	-1.0
56	1	1	1	0.20666666666666667	0.24666666666666667	4.930109977722168	4.785050868988037	-1.0	inf	-1.0	inf	-1.0	-1.0	inf	-1.0	inf	-1.0
57	1	1	2	0.20666666666666667	0.24666666666666667	4.930109977722168	4.785050868988037	-1.0	0.32	-1.0	0.27999999999999997	inf	-1.0	7.8856096267700195	-1.0	6.871813774108887	inf
58	1	1	3	0.20666666666666667	0.24666666666666667	4.930109977722168	4.785050868988037	0.32	0.22666666666666668	inf	-1.0	-1.0	3.667332649230957	5.502355575561523	inf	-1.0	-1.0
59	1	1	4	0.20666666666666667	0.24666666666666667	4.930109977722168	4.785050868988037	inf	0.25333333333333335	0.2933333333333333	0.22333333333333336	inf	inf	3.081902265548706	5.6823272705078125	5.608266830444336	inf
60	1	2	0	0.25333333333333335	0.20666666666666667	3.081902265548706	4.930109977722168	-1.0	inf	-1.0	0.25666666666666665	inf	-1.0	inf	-1.0	5.020190715789795	inf
61	1	2	1	0.25333333333333335	0.20666666666666667	3.081902265548706	4.930109977722168	-1.0	inf	inf	-1.0	inf	-1.0	inf	inf	-1.0	inf
62	1	2	2	0.25333333333333335	0.20666666666666667	3.081902265548706	4.930109977722168	inf	inf	inf	inf	inf	inf	inf	inf	inf	inf
63	1	2	3	0.25333333333333335	0.20666666666666667	3.081902265548706	4.930109977722168	inf	inf	-1.0	inf	inf	inf	inf	-1.0	inf	inf
64	1	2	4	0.25333333333333335	0.20666666666666667	3.081902265548706	4.930109977722168	inf	inf	0.31666666666666665	inf	-1.0	inf	inf	6.931921005249023	inf	-1.0
65	1	3	0	0.25333333333333335	0.24666666666666667	3.081902265548706	4.785050868988037	inf	-1.0	-1.0	inf	0.21333333333333335	inf	-1.0	-1.0	inf	5.531219482421875
66	1	3	1	0.25333333333333335	0.24666666666666667	3.081902265548706	4.785050868988037	inf	-1.0	-1.0	inf	-1.0	inf	-1.0	-1.0	inf	-1.0
67	1	3	2	0.25333333333333335	0.24666666666666667	3.081902265548706	4.785050868988037	-1.0	inf	-1.0	0.15333333333333335	-1.0	-1.0	inf	-1.0	2.6429319381713867	-1.0
68	1	3	3	0.25333333333333335	0.24666666666666667	3.081902265548706	4.785050868988037	-1.0	inf	0.2366666666666667	-1.0	inf	-1.0	inf	4.403048515319824	-1.0	inf
69	1	3	4	0.25333333333333335	0.24666666666666667	3.081902265548706	4.785050868988037	inf	-1.0	inf	inf	-1.0	inf	-1.0	inf	inf	-1.0
70	1	4	0	0.24666666666666667	0.25333333333333335	4.785050868988037	3.081902265548706	inf	inf	inf	-1.0	0.15333333333333335	inf	inf	inf	-1.0	2.6429319381713867
71	1	4	1	0.24666666666666667	0.25333333333333335	4.785050868988037	3.081902265548706	inf	inf	-1.0	inf	-1.0	inf	inf	-1.0	inf	-1.0
72	1	4	2	0.24666666666666667	0.25333333333333335	4.785050868988037	3.081902265548706	0.6	inf	-1.0	-1.0	-1.0	18.65117835998535	inf	-1.0	-1.0	-1.0
73	1	4	3	0.24666666666666667	0.25333333333333335	4.785050868988037	3.081902265548706	-1.0	inf	-1.0	0.24333333333333332	inf	-1.0	inf	-1.0	5.04735803604126	inf
74	1	4	4	0.24666666666666667	0.25333333333333335	4.785050868988037	3.081902265548706	-1.0	inf	inf	inf	-1.0	-1.0	inf	inf	inf	-1.0
75	1	5	0	0.22333333333333336	0.25333333333333335	5.608266830444336	3.081902265548706	0.33666666666666667	0.24333333333333332	inf	inf	inf	8.117569923400879	5.522797107696533	inf	inf	inf
76	1	5	1	0.22333333333333336	0.25333333333333335	5.608266830444336	3.081902265548706	inf	inf	inf	inf	-1.0	inf	inf	inf	inf	-1.0
77	1	5	2	0.22333333333333336	0.25333333333333335	5.608266830444336	3.081902265548706	-1.0	-1.0	-1.0	-1.0	-1.0	-1.0	-1.0	-1.0	-1.0	-1.0
78	1	5	3	0.22333333333333336	0.25333333333333335	5.608266830444336	3.081902265548706	-1.0	inf	0.26666666666666666	-1.0	inf	-1.0	inf	5.236982822418213	-1.0	inf
79	1	5	4	0.22333333333333336	0.25333333333333335	5.608266830444336	3.081902265548706	inf	inf	inf	inf	inf	inf	inf	inf	inf	inf
80	1	6	0	0.25333333333333335	0.24666666666666667	3.081902265548706	4.785050868988037	-1.0	0.32	-1.0	-1.0	-1.0	-1.0	7.8856096267700195	-1.0	-1.0	-1.0
81	1	6	1	0.25333333333333335	0.24666666666666667	3.081902265548706	4.785050868988037	inf	-1.0	inf	inf	-1.0	inf	-1.0	inf	inf	-1.0
82	1	6	2	0.25333333333333335	0.24666666666666667	3.081902265548706	4.785050868988037	-1.0	-1.0	-1.0	-1.0	inf	-1.0	-1.0	-1.0	-1.0	inf
83	1	6	3	0.25333333333333335	0.24666666666666667	3.081902265548706	4.785050868988037	-1.0	-1.0	-1.0	-1.0	-1.0	-1.0	-1.0	-1.0	-1.0	-1.0
84	1	6	4	0.25333333333333335	0.24666666666666667	3.081902265548706	4.785050868988037	inf	inf	inf	inf	-1.0	inf	inf	inf	inf	-1.0
85	1	7	0	0.25333333333333335	0.2933333333333333	3.081902265548706	5.6823272705078125	0.22666666666666668	-1.0	0.22666666666666668	-1.0	-1.0	5.0680766105651855	-1.0	5.058053493499756	-1.0	-1.0
86	1	7	1	0.25333333333333335	0.2933333333333333	3.081902265548706	5.6823272705078125	-1.0	inf	-1.0	0.17	-1.0	-1.0	inf	-1.0	2.8705458641052246	-1.0
87	1	7	2	0.25333333333333335	0.2933333333333333	3.081902265548706	5.6823272705078125	-1.0	-1.0	inf	-1.0	-1.0	-1.0	-1.0	inf	-1.0	-1.0
88	1	7	3	0.25333333333333335	0.2933333333333333	3.081902265548706	5.6823272705078125	0.32	inf	0.30666666666666664	-1.0	inf	6.974184513092041	inf	6.754779815673828	-1.0	inf
89	1	7	4	0.25333333333333335	0.2933333333333333	3.081902265548706	5.6823272705078125	inf	inf	inf	inf	inf	inf	inf	inf	inf	inf
90	1	8	0	0.25333333333333335	0.22333333333333336	3.081902265548706	5.608266830444336	0.1366666666666667	inf	inf	0.08333333333333333	inf	2.8658432960510254	inf	inf	1.9659501314163208	inf
91	1	8	1	0.25333333333333335	0.22333333333333336	3.081902265548706	5.608266830444336	inf	-1.0	-1.0	-1.0	-1.0	inf	-1.0	-1.0	-1.0	-1.0
92	1	8	2	0.25333333333333335	0.22333333333333336	3.081902265548706	5.608266830444336	-1.0	0.30666666666666664	-1.0	-1.0	-1.0	-1.0	6.676900386810303	-1.0	-1.0	-1.0
93	1	8	3	0.25333333333333335	0.22333333333333336	3.081902265548706	5.608266830444336	-1.0	inf	-1.0	inf	-1.0	-1.0	inf	-1.0	inf	-1.0
94	1	8	4	0.25333333333333335	0.22333333333333336	3.081902265548706	5.608266830444336	inf	-1.0	inf	-1.0	inf	inf	-1.0	inf	-1.0	inf
95	1	9	0	0.24666666666666667	0.25333333333333335	4.785050868988037	3.081902265548706	inf	0.20666666666666667	-1.0	-1.0	-1.0	inf	3.358433246612549	-1.0	-1.0	-1.0
96	1	9	1	0.24666666666666667	0.25333333333333335	4.785050868988037	3.081902265548706	-1.0	inf	-1.0	-1.0	-1.0	-1.0	inf	-1.0	-1.0	-1.0
97	1	9	2	0.24666666666666667	0.25333333333333335	4.785050868988037	3.081902265548706	0.3133333333333333	inf	-1.0	-1.0	-1.0	7.270641326904297	inf	-1.0	-1.0	-1.0
98	1	9	3	0.24666666666666667	0.25333333333333335	4.785050868988037	3.081902265548706	-1.0	inf	inf	-1.0	inf	-1.0	inf	inf	-1.0	inf
99	1	9	4	0.24666666666666667	0.25333333333333335	4.785050868988037	3.081902265548706	inf	inf	inf	-1.0	-1.0	inf	inf	inf	-1.0	-1.0
100	2	0	0	0.2833333333333333	0.2833333333333333	3.2375762462615967	3.297314167022705	0.20333333333333334	0.27	inf	inf	inf	2.413339138031006	5.48193359375	inf	inf	inf
101	2	0	1	0.2833333333333333	0.2833333333333333	3.2375762462615967	3.297314167022705	0.3133333333333333	0.32	inf	inf	0.32	6.31487512588501	32.78782653808594	inf	inf	3.667332410812378
102	2	0	2	0.2833333333333333	0.2833333333333333	3.2375762462615967	3.297314167022705	-1.0	-1.0	-1.0	0.23	-1.0	-1.0	-1.0	-1.0	3.5286126136779785	-1.0
103	2	0	3	0.2833333333333333	0.2833333333333333	3.2375762462615967	3.297314167022705	-1.0	-1.0	0.23	inf	inf	-1.0	-1.0	3.5706615447998047	inf	inf
104	2	0	4	0.2833333333333333	0.2833333333333333	3.2375762462615967	3.297314167022705	0.22666666666666668	0.33	-1.0	0.32	-1.0	2.504408836364746	3.075406551361084	-1.0	3.050471067428589	-1.0
105	2	1	0	0.2833333333333333	0.33	3.297314167022705	3.075406551361084	0.3066666666666667	0.27	-1.0	0.29	inf	24.75741958618164	4.250698566436768	-1.0	4.725575923919678	inf
106	2	1	1	0.2833333333333333	0.33	3.297314167022705	3.075406551361084	inf	-1.0	0.24666666666666667	inf	0.33	inf	-1.0	3.235588788986206	inf	3.7180118560791016
107	2	1	2	0.2833333333333333	0.33	3.297314167022705	3.075406551361084	-1.0	0.22333333333333336	-1.0	-1.0	-1.0	-1.0	3.0954291820526123	-1.0	-1.0	-1.0
108	2	1	3	0.2833333333333333	0.33	3.297314167022705	3.075406551361084	inf	inf	0.3233333333333333	inf	inf	inf	inf	5.222379684448242	inf	inf
109	2	1	4	0.2833333333333333	0.33	3.297314167022705	3.075406551361084	0.2966666666666667	0.23	-1.0	-1.0	0.22666666666666668	3.4630184173583984	3.5286126136779785	-1.0	-1.0	2.9624924659729004
110	2	2	0	0.32	0.22666666666666668	3.050471067428589	2.504408836364746	inf	inf	inf	0.2333333333333333	inf	inf	inf	inf	3.677051544189453	inf
111	2	2	1	0.32	0.22666666666666668	3.050471067428589	2.504408836364746	-1.0	inf	inf	inf	inf	-1.0	inf	inf	inf	inf
112	2	2	2	0.32	0.22666666666666668	3.050471067428589	2.504408836364746	0.3	-1.0	-1.0	0.9833333333333334	0.2966666666666667	3.9254467487335205	-1.0	-1.0	6.179064750671387	3.4630184173583984
113	2	2	3	0.32	0.22666666666666668	3.050471067428589	2.504408836364746	inf	0.31666666666666665	0.2466666666666667	0.31666666666666665	inf	inf	4.138286113739014	4.264875888824463	6.408006191253662	inf
114	2	2	4	0.32	0.22666666666666668	3.050471067428589	2.504408836364746	0.32666666666666666	-1.0	-1.0	0.3333333333333333	0.3333333333333333	3.658745050430298	-1.0	-1.0	4.103355407714844	3.8525729179382324
115	2	3	0	0.32	0.33	3.050471067428589	3.075406551361084	0.32	inf	inf	inf	inf	3.667332410812378	inf	inf	inf	inf
116	2	3	1	0.32	0.33	3.050471067428589	3.075406551361084	-1.0	inf	inf	0.32666666666666666	-1.0	-1.0	inf	inf	23.79872703552246	-1.0
117	2	3	2	0.32	0.33	3.050471067428589	3.075406551361084	-1.0	-1.0	0.32	-1.0	-1.0	-1.0	-1.0	3.667332410812378	-1.0	-1.0
118	2	3	3	0.32	0.33	3.050471067428589	3.075406551361084	0.20333333333333334	inf	0.2866666666666667	0.25666666666666665	0.2966666666666667	3.030590295791626	inf	4.590813159942627	3.3423972129821777	3.4630184173583984
119	2	3	4	0.32	0.33	3.050471067428589	3.075406551361084	0.3	0.32	0.29	0.3066666666666667	-1.0	2.9516918659210205	3.1147823333740234	3.2655067443847656	3.270026445388794	-1.0
120	2	4	0	0.33	0.3	3.075406551361084	2.9516918659210205	-1.0	inf	inf	-1.0	-1.0	-1.0	inf	inf	-1.0	-1.0
121	2	4	1	0.33	0.3	3.075406551361084	2.9516918659210205	-1.0	inf	0.29	-1.0	0.3	-1.0	inf	3.452317476272583	-1.0	3.161893129348755
122	2	4	2	0.33	0.3	3.075406551361084	2.9516918659210205	-1.0	-1.0	-1.0	-1.0	-1.0	-1.0	-1.0	-1.0	-1.0	-1.0
123	2	4	3	0.33	0.3	3.075406551361084	2.9516918659210205	inf	inf	inf	inf	inf	inf	inf	inf	inf	inf
124	2	4	4	0.33	0.3	3.075406551361084	2.9516918659210205	0.33	inf	0.27666666666666667	-1.0	inf	3.4998435974121094	inf	3.396976947784424	-1.0	inf
125	2	5	0	0.32	0.3333333333333333	3.050471067428589	3.8525729179382324	-1.0	-1.0	inf	-1.0	-1.0	-1.0	-1.0	inf	-1.0	-1.0
126	2	5	1	0.32	0.3333333333333333	3.050471067428589	3.8525729179382324	-1.0	inf	inf	inf	-1.0	-1.0	inf	inf	inf	-1.0
127	2	5	2	0.32	0.3333333333333333	3.050471067428589	3.8525729179382324	0.3566666666666667	inf	inf	inf	inf	25.42723274230957	inf	inf	inf	inf
128	2	5	3	0.32	0.3333333333333333	3.050471067428589	3.8525729179382324	inf	inf	-1.0	inf	0.32	inf	inf	-1.0	inf	3.667332410812378
129	2	5	4	0.32	0.3333333333333333	3.050471067428589	3.8525729179382324	inf	0.3	0.33	-1.0	-1.0	inf	3.392171859741211	3.669417381286621	-1.0	-1.0
130	2	6	0	0.32666666666666666	0.33	3.658745050430298	3.075406551361084	inf	-1.0	inf	-1.0	-1.0	inf	-1.0	inf	-1.0	-1.0
131	2	6	1	0.32666666666666666	0.33	3.658745050430298	3.075406551361084	inf	inf	inf	0.25333333333333335	inf	inf	inf	inf	3.281953811645508	inf
132	2	6	2	0.32666666666666666	0.33	3.658745050430298	3.075406551361084	inf	inf	inf	inf	inf	inf	inf	inf	inf	inf
133	2	6	3	0.32666666666666666	0.33	3.658745050430298	3.075406551361084	inf	inf	inf	inf	inf	inf	inf	inf	inf	inf
134	2	6	4	0.32666666666666666	0.33	3.658745050430298	3.075406551361084	0.32	0.33666666666666667	-1.0	inf	inf	3.721283435821533	51.80420684814453	-1.0	inf	inf
135	2	7	0	0.33	0.32	3.075406551361084	3.1147823333740234	inf	inf	-1.0	0.15	-1.0	inf	inf	-1.0	2.3398146629333496	-1.0
136	2	7	1	0.33	0.32	3.075406551361084	3.1147823333740234	0.20666666666666667	inf	0.21	0.3	-1.0	2.7879223823547363	inf	4.828747272491455	5.086525917053223	-1.0
137	2	7	2	0.33	0.32	3.075406551361084	3.1147823333740234	inf	inf	inf	0.3	inf	inf	inf	inf	15.153505325317383	inf
138	2	7	3	0.33	0.32	3.075406551361084	3.1147823333740234	0.3	inf	-1.0	inf	inf	3.9254467487335205	inf	-1.0	inf	inf
139	2	7	4	0.33	0.32	3.075406551361084	3.1147823333740234	-1.0	inf	0.29	0.32	-1.0	-1.0	inf	3.8534324169158936	3.667332410812378	-1.0
140	2	8	0	0.27666666666666667	0.33	3.396976947784424	3.669417381286621	inf	-1.0	-1.0	-1.0	-1.0	inf	-1.0	-1.0	-1.0	-1.0
141	2	8	1	0.27666666666666667	0.33	3.396976947784424	3.669417381286621	0.3	0.16666666666666666	0.32	inf	-1.0	3.0982086658477783	3.1819119453430176	3.569049835205078	inf	-1.0
142	2	8	2	0.27666666666666667	0.33	3.396976947784424	3.669417381286621	inf	inf	inf	inf	inf	inf	inf	inf	inf	inf
143	2	8	3	0.27666666666666667	0.33	3.396976947784424	3.669417381286621	-1.0	inf	-1.0	-1.0	inf	-1.0	inf	-1.0	-1.0	inf
144	2	8	4	0.27666666666666667	0.33	3.396976947784424	3.669417381286621	0.32	0.29	inf	0.32	-1.0	3.582458257675171	3.709052801132202	inf	3.6634812355041504	-1.0
145	2	9	0	0.32	0.3	3.050471067428589	2.9516918659210205	inf	-1.0	-1.0	-1.0	inf	inf	-1.0	-1.0	-1.0	inf
146	2	9	1	0.32	0.3	3.050471067428589	2.9516918659210205	0.30333333333333334	inf	0.3	-1.0	inf	3.2126293182373047	inf	3.263641595840454	-1.0	inf
147	2	9	2	0.32	0.3	3.050471067428589	2.9516918659210205	inf	inf	inf	inf	inf	inf	inf	inf	inf	inf
148	2	9	3	0.32	0.3	3.050471067428589	2.9516918659210205	inf	-1.0	-1.0	-1.0	-1.0	inf	-1.0	-1.0	-1.0	-1.0
149	2	9	4	0.32	0.3	3.050471067428589	2.9516918659210205	0.29	inf	-1.0	-1.0	inf	3.548076868057251	inf	-1.0	-1.0	inf
