	reset_island_iter	improve_iter	island	program_1_hamming_score	program_2_hamming_score	program_1_neural_score	program_2_neural_score	output_program_1_hamming_score	output_program_2_hamming_score	output_program_3_hamming_score	output_program_4_hamming_score	output_program_5_hamming_score	output_program_1_neural_score	output_program_2_neural_score	output_program_3_neural_score	output_program_4_neural_score	output_program_5_neural_score
0	0	0	0	20.666666666666668	20.666666666666668	3.1423425674438477	3.1423425674438477	10.333333333333334	-1.0	-1.0	-1.0	-1.0	2.9626541137695312	-1.0	-1.0	-1.0	-1.0
1	0	0	1	20.666666666666668	20.666666666666668	3.1423425674438477	3.1423425674438477	10.333333333333334	-1.0	-1.0	-1.0	-1.0	2.9626541137695312	-1.0	-1.0	-1.0	-1.0
2	0	0	2	20.666666666666668	20.666666666666668	3.1423425674438477	3.1423425674438477	10.333333333333334	-1.0	-1.0	-1.0	-1.0	2.9626541137695312	-1.0	-1.0	-1.0	-1.0
3	0	0	3	20.666666666666668	20.666666666666668	3.1423425674438477	3.1423425674438477	10.333333333333334	-1.0	-1.0	-1.0	-1.0	2.9626541137695312	-1.0	-1.0	-1.0	-1.0
4	0	0	4	20.666666666666668	20.666666666666668	3.1423425674438477	3.1423425674438477	inf	10.333333333333334	-1.0	-1.0	-1.0	inf	2.9626541137695312	-1.0	-1.0	-1.0
5	0	1	0	20.666666666666668	20.666666666666668	3.1423425674438477	3.1423425674438477	-1.0	-1.0	inf	-1.0	-1.0	-1.0	-1.0	inf	-1.0	-1.0
6	0	1	1	20.666666666666668	20.666666666666668	3.1423425674438477	3.1423425674438477	-1.0	-1.0	-1.0	-1.0	-1.0	-1.0	-1.0	-1.0	-1.0	-1.0
7	0	1	2	20.666666666666668	20.666666666666668	3.1423425674438477	3.1423425674438477	90.33333333333333	-1.0	-1.0	inf	166.66666666666666	15.053977966308594	-1.0	-1.0	inf	5.763523578643799
8	0	1	3	20.666666666666668	20.666666666666668	3.1423425674438477	3.1423425674438477	-1.0	-1.0	-1.0	-1.0	-1.0	-1.0	-1.0	-1.0	-1.0	-1.0
9	0	1	4	20.666666666666668	20.666666666666668	3.1423425674438477	3.1423425674438477	inf	-1.0	-1.0	92.33333333333333	-1.0	inf	-1.0	-1.0	14.751717567443848	-1.0
10	0	2	0	20.666666666666668	10.333333333333334	3.1423425674438477	2.9626541137695312	inf	-1.0	-1.0	inf	-1.0	inf	-1.0	-1.0	inf	-1.0
11	0	2	1	20.666666666666668	10.333333333333334	3.1423425674438477	2.9626541137695312	-1.0	-1.0	-1.0	-1.0	-1.0	-1.0	-1.0	-1.0	-1.0	-1.0
12	0	2	2	20.666666666666668	10.333333333333334	3.1423425674438477	2.9626541137695312	-1.0	-1.0	-1.0	-1.0	-1.0	-1.0	-1.0	-1.0	-1.0	-1.0
13	0	2	3	20.666666666666668	10.333333333333334	3.1423425674438477	2.9626541137695312	-1.0	166.66666666666666	-1.0	-1.0	-1.0	-1.0	5.763523578643799	-1.0	-1.0	-1.0
14	0	2	4	20.666666666666668	10.333333333333334	3.1423425674438477	2.9626541137695312	-1.0	-1.0	-1.0	-1.0	-1.0	-1.0	-1.0	-1.0	-1.0	-1.0
15	0	3	0	10.333333333333334	20.666666666666668	2.9626541137695312	3.1423425674438477	-1.0	-1.0	-1.0	-1.0	-1.0	-1.0	-1.0	-1.0	-1.0	-1.0
16	0	3	1	10.333333333333334	20.666666666666668	2.9626541137695312	3.1423425674438477	-1.0	inf	-1.0	-1.0	-1.0	-1.0	inf	-1.0	-1.0	-1.0
17	0	3	2	10.333333333333334	20.666666666666668	2.9626541137695312	3.1423425674438477	-1.0	-1.0	-1.0	13.333333333333334	-1.0	-1.0	-1.0	-1.0	1.268763542175293	-1.0
18	0	3	3	10.333333333333334	20.666666666666668	2.9626541137695312	3.1423425674438477	-1.0	90.33333333333333	-1.0	-1.0	inf	-1.0	15.053977966308594	-1.0	-1.0	inf
19	0	3	4	10.333333333333334	20.666666666666668	2.9626541137695312	3.1423425674438477	-1.0	-1.0	-1.0	inf	-1.0	-1.0	-1.0	-1.0	inf	-1.0
20	0	4	0	10.333333333333334	20.666666666666668	2.9626541137695312	3.1423425674438477	-1.0	-1.0	-1.0	-1.0	-1.0	-1.0	-1.0	-1.0	-1.0	-1.0
21	0	4	1	10.333333333333334	20.666666666666668	2.9626541137695312	3.1423425674438477	156.33333333333334	inf	-1.0	31.0	-1.0	56.24541091918945	inf	-1.0	55.824825286865234	-1.0
22	0	4	2	10.333333333333334	20.666666666666668	2.9626541137695312	3.1423425674438477	-1.0	-1.0	-1.0	-1.0	-1.0	-1.0	-1.0	-1.0	-1.0	-1.0
23	0	4	3	10.333333333333334	20.666666666666668	2.9626541137695312	3.1423425674438477	-1.0	-1.0	-1.0	-1.0	-1.0	-1.0	-1.0	-1.0	-1.0	-1.0
24	0	4	4	10.333333333333334	20.666666666666668	2.9626541137695312	3.1423425674438477	-1.0	inf	inf	inf	inf	-1.0	inf	inf	inf	inf
25	0	5	0	20.666666666666668	10.333333333333334	3.1423425674438477	2.9626541137695312	-1.0	-1.0	-1.0	-1.0	31.0	-1.0	-1.0	-1.0	-1.0	55.824825286865234
26	0	5	1	20.666666666666668	10.333333333333334	3.1423425674438477	2.9626541137695312	inf	-1.0	-1.0	-1.0	-1.0	inf	-1.0	-1.0	-1.0	-1.0
27	0	5	2	20.666666666666668	10.333333333333334	3.1423425674438477	2.9626541137695312	-1.0	-1.0	inf	156.33333333333334	-1.0	-1.0	-1.0	inf	56.24541091918945	-1.0
28	0	5	3	20.666666666666668	10.333333333333334	3.1423425674438477	2.9626541137695312	-1.0	inf	-1.0	-1.0	-1.0	-1.0	inf	-1.0	-1.0	-1.0
29	0	5	4	20.666666666666668	10.333333333333334	3.1423425674438477	2.9626541137695312	inf	inf	inf	inf	inf	inf	inf	inf	inf	inf
30	0	6	0	10.333333333333334	20.666666666666668	2.9626541137695312	3.1423425674438477	15.666666666666666	-1.0	166.66666666666666	24.666666666666668	-1.0	1.3556814193725586	-1.0	8.015000343322754	2.733689785003662	-1.0
31	0	6	1	10.333333333333334	20.666666666666668	2.9626541137695312	3.1423425674438477	inf	-1.0	-1.0	-1.0	-1.0	inf	-1.0	-1.0	-1.0	-1.0
32	0	6	2	10.333333333333334	20.666666666666668	2.9626541137695312	3.1423425674438477	-1.0	-1.0	-1.0	-1.0	-1.0	-1.0	-1.0	-1.0	-1.0	-1.0
33	0	6	3	10.333333333333334	20.666666666666668	2.9626541137695312	3.1423425674438477	-1.0	inf	-1.0	-1.0	-1.0	-1.0	inf	-1.0	-1.0	-1.0
34	0	6	4	10.333333333333334	20.666666666666668	2.9626541137695312	3.1423425674438477	17.666666666666668	-1.0	-1.0	166.66666666666666	inf	2.259443759918213	-1.0	-1.0	5.763523578643799	inf
35	0	7	0	20.666666666666668	17.666666666666668	3.1423425674438477	2.259443759918213	-1.0	-1.0	-1.0	-1.0	-1.0	-1.0	-1.0	-1.0	-1.0	-1.0
36	0	7	1	20.666666666666668	17.666666666666668	3.1423425674438477	2.259443759918213	-1.0	inf	-1.0	-1.0	-1.0	-1.0	inf	-1.0	-1.0	-1.0
37	0	7	2	20.666666666666668	17.666666666666668	3.1423425674438477	2.259443759918213	-1.0	-1.0	-1.0	-1.0	-1.0	-1.0	-1.0	-1.0	-1.0	-1.0
38	0	7	3	20.666666666666668	17.666666666666668	3.1423425674438477	2.259443759918213	inf	156.33333333333334	-1.0	-1.0	inf	inf	56.24541091918945	-1.0	-1.0	inf
39	0	7	4	20.666666666666668	17.666666666666668	3.1423425674438477	2.259443759918213	inf	inf	inf	inf	inf	inf	inf	inf	inf	inf
40	0	8	0	17.666666666666668	20.666666666666668	2.259443759918213	3.1423425674438477	-1.0	-1.0	166.66666666666666	-1.0	-1.0	-1.0	-1.0	5.763523578643799	-1.0	-1.0
41	0	8	1	17.666666666666668	20.666666666666668	2.259443759918213	3.1423425674438477	-1.0	inf	-1.0	-1.0	-1.0	-1.0	inf	-1.0	-1.0	-1.0
42	0	8	2	17.666666666666668	20.666666666666668	2.259443759918213	3.1423425674438477	-1.0	-1.0	-1.0	-1.0	-1.0	-1.0	-1.0	-1.0	-1.0	-1.0
43	0	8	3	17.666666666666668	20.666666666666668	2.259443759918213	3.1423425674438477	inf	-1.0	-1.0	inf	-1.0	inf	-1.0	-1.0	inf	-1.0
44	0	8	4	17.666666666666668	20.666666666666668	2.259443759918213	3.1423425674438477	inf	inf	inf	inf	-1.0	inf	inf	inf	inf	-1.0
45	0	9	0	10.333333333333334	17.666666666666668	2.9626541137695312	2.259443759918213	-1.0	-1.0	-1.0	-1.0	-1.0	-1.0	-1.0	-1.0	-1.0	-1.0
46	0	9	1	10.333333333333334	17.666666666666668	2.9626541137695312	2.259443759918213	inf	-1.0	-1.0	inf	-1.0	inf	-1.0	-1.0	inf	-1.0
47	0	9	2	10.333333333333334	17.666666666666668	2.9626541137695312	2.259443759918213	-1.0	-1.0	-1.0	-1.0	-1.0	-1.0	-1.0	-1.0	-1.0	-1.0
48	0	9	3	10.333333333333334	17.666666666666668	2.9626541137695312	2.259443759918213	inf	-1.0	-1.0	-1.0	inf	inf	-1.0	-1.0	-1.0	inf
49	0	9	4	10.333333333333334	17.666666666666668	2.9626541137695312	2.259443759918213	inf	-1.0	-1.0	-1.0	-1.0	inf	-1.0	-1.0	-1.0	-1.0
50	1	0	0	10.333333333333334	10.333333333333334	2.9626541137695312	2.9626541137695312	10.333333333333334	-1.0	-1.0	-1.0	inf	2.9626541137695312	-1.0	-1.0	-1.0	inf
51	1	0	1	10.333333333333334	10.333333333333334	2.9626541137695312	2.9626541137695312	7.666666666666667	-1.0	20.666666666666668	inf	21.666666666666668	2.696608066558838	-1.0	3.1423425674438477	inf	18.152393341064453
52	1	0	2	10.333333333333334	10.333333333333334	2.9626541137695312	2.9626541137695312	-1.0					-1.0				
53	1	0	3	10.333333333333334	10.333333333333334	2.9626541137695312	2.9626541137695312	31.0	21.666666666666668	-1.0	166.33333333333334	-1.0	11.062423706054688	3.1300251483917236	-1.0	25.494356155395508	-1.0
54	1	0	4	10.333333333333334	10.333333333333334	2.9626541137695312	2.9626541137695312	-1.0	-1.0	-1.0	-1.0	166.66666666666666	-1.0	-1.0	-1.0	-1.0	5.763523578643799
55	1	1	0	10.333333333333334	10.333333333333334	2.9626541137695312	2.9626541137695312	-1.0	39.333333333333336	inf	-1.0	inf	-1.0	29.237964630126953	inf	-1.0	inf
56	1	1	1	10.333333333333334	10.333333333333334	2.9626541137695312	2.9626541137695312	-1.0	inf	inf	inf	inf	-1.0	inf	inf	inf	inf
57	1	1	2	10.333333333333334	10.333333333333334	2.9626541137695312	2.9626541137695312	-1.0	-1.0	inf	20.666666666666668	-1.0	-1.0	-1.0	inf	3.1423425674438477	-1.0
58	1	1	3	10.333333333333334	10.333333333333334	2.9626541137695312	2.9626541137695312	-1.0	-1.0	-1.0	-1.0	-1.0	-1.0	-1.0	-1.0	-1.0	-1.0
59	1	1	4	10.333333333333334	10.333333333333334	2.9626541137695312	2.9626541137695312	20.666666666666668	-1.0	-1.0	-1.0	-1.0	3.1423425674438477	-1.0	-1.0	-1.0	-1.0
60	1	2	0	10.333333333333334	20.666666666666668	2.9626541137695312	3.1423425674438477	20.666666666666668	inf	-1.0	156.33333333333334	-1.0	3.1423425674438477	inf	-1.0	56.24541091918945	-1.0
61	1	2	1	10.333333333333334	20.666666666666668	2.9626541137695312	3.1423425674438477	-1.0	inf	inf	inf	-1.0	-1.0	inf	inf	inf	-1.0
62	1	2	2	10.333333333333334	20.666666666666668	2.9626541137695312	3.1423425674438477	-1.0	-1.0	10.666666666666666	9.666666666666666	31.0	-1.0	-1.0	2.904902696609497	2.822482109069824	55.824825286865234
63	1	2	3	10.333333333333334	20.666666666666668	2.9626541137695312	3.1423425674438477	-1.0	90.33333333333333	-1.0	-1.0	-1.0	-1.0	15.053977966308594	-1.0	-1.0	-1.0
64	1	2	4	10.333333333333334	20.666666666666668	2.9626541137695312	3.1423425674438477	-1.0	-1.0	-1.0	inf	-1.0	-1.0	-1.0	-1.0	inf	-1.0
65	1	3	0	10.333333333333334	20.666666666666668	2.9626541137695312	3.1423425674438477	-1.0	-1.0	-1.0	-1.0	-1.0	-1.0	-1.0	-1.0	-1.0	-1.0
66	1	3	1	10.333333333333334	20.666666666666668	2.9626541137695312	3.1423425674438477	-1.0	-1.0	26.666666666666668	inf	inf	-1.0	-1.0	13.981856346130371	inf	inf
67	1	3	2	10.333333333333334	20.666666666666668	2.9626541137695312	3.1423425674438477	-1.0	-1.0	-1.0	-1.0	-1.0	-1.0	-1.0	-1.0	-1.0	-1.0
68	1	3	3	10.333333333333334	20.666666666666668	2.9626541137695312	3.1423425674438477	-1.0	-1.0	-1.0	-1.0	-1.0	-1.0	-1.0	-1.0	-1.0	-1.0
69	1	3	4	10.333333333333334	20.666666666666668	2.9626541137695312	3.1423425674438477	-1.0	-1.0	-1.0	-1.0	-1.0	-1.0	-1.0	-1.0	-1.0	-1.0
70	1	4	0	10.333333333333334	20.666666666666668	2.9626541137695312	3.1423425674438477	-1.0	-1.0	-1.0	-1.0	-1.0	-1.0	-1.0	-1.0	-1.0	-1.0
71	1	4	1	10.333333333333334	20.666666666666668	2.9626541137695312	3.1423425674438477	-1.0	15.666666666666666	-1.0	10.333333333333334	-1.0	-1.0	1.3556814193725586	-1.0	2.9626541137695312	-1.0
72	1	4	2	10.333333333333334	20.666666666666668	2.9626541137695312	3.1423425674438477	15.666666666666666	inf	13.333333333333334	24.333333333333332	-1.0	2.020857334136963	inf	1.268763542175293	2.839693307876587	-1.0
73	1	4	3	10.333333333333334	20.666666666666668	2.9626541137695312	3.1423425674438477	-1.0	-1.0	-1.0	inf	-1.0	-1.0	-1.0	-1.0	inf	-1.0
74	1	4	4	10.333333333333334	20.666666666666668	2.9626541137695312	3.1423425674438477	-1.0	-1.0	-1.0	-1.0	-1.0	-1.0	-1.0	-1.0	-1.0	-1.0
75	1	5	0	10.333333333333334	10.333333333333334	2.9626541137695312	2.9626541137695312	-1.0	-1.0	-1.0	-1.0	-1.0	-1.0	-1.0	-1.0	-1.0	-1.0
76	1	5	1	10.333333333333334	10.333333333333334	2.9626541137695312	2.9626541137695312	-1.0	-1.0	-1.0	-1.0	-1.0	-1.0	-1.0	-1.0	-1.0	-1.0
77	1	5	2	10.333333333333334	10.333333333333334	2.9626541137695312	2.9626541137695312	-1.0	inf	-1.0	-1.0	-1.0	-1.0	inf	-1.0	-1.0	-1.0
78	1	5	3	10.333333333333334	10.333333333333334	2.9626541137695312	2.9626541137695312	-1.0	inf	-1.0	-1.0	-1.0	-1.0	inf	-1.0	-1.0	-1.0
79	1	5	4	10.333333333333334	10.333333333333334	2.9626541137695312	2.9626541137695312	-1.0	-1.0	-1.0	90.33333333333333	-1.0	-1.0	-1.0	-1.0	15.053977966308594	-1.0
80	1	6	0	10.333333333333334	20.666666666666668	2.9626541137695312	3.1423425674438477	-1.0	-1.0	-1.0	-1.0	inf	-1.0	-1.0	-1.0	-1.0	inf
81	1	6	1	10.333333333333334	20.666666666666668	2.9626541137695312	3.1423425674438477	-1.0	-1.0	177.0	28.0	20.333333333333332	-1.0	-1.0	4.648787498474121	15.121661186218262	3.2437212467193604
82	1	6	2	10.333333333333334	20.666666666666668	2.9626541137695312	3.1423425674438477	-1.0	inf	-1.0	156.33333333333334	inf	-1.0	inf	-1.0	56.24541091918945	inf
83	1	6	3	10.333333333333334	20.666666666666668	2.9626541137695312	3.1423425674438477	-1.0	-1.0	-1.0	-1.0	-1.0	-1.0	-1.0	-1.0	-1.0	-1.0
84	1	6	4	10.333333333333334	20.666666666666668	2.9626541137695312	3.1423425674438477	-1.0	-1.0	-1.0	-1.0	-1.0	-1.0	-1.0	-1.0	-1.0	-1.0
85	1	7	0	10.333333333333334	10.333333333333334	2.9626541137695312	2.9626541137695312	-1.0	-1.0	-1.0	-1.0	-1.0	-1.0	-1.0	-1.0	-1.0	-1.0
86	1	7	1	10.333333333333334	10.333333333333334	2.9626541137695312	2.9626541137695312	-1.0	-1.0	-1.0	-1.0	-1.0	-1.0	-1.0	-1.0	-1.0	-1.0
87	1	7	2	10.333333333333334	10.333333333333334	2.9626541137695312	2.9626541137695312	-1.0	inf	inf	-1.0	inf	-1.0	inf	inf	-1.0	inf
88	1	7	3	10.333333333333334	10.333333333333334	2.9626541137695312	2.9626541137695312	-1.0	-1.0	-1.0	-1.0	-1.0	-1.0	-1.0	-1.0	-1.0	-1.0
89	1	7	4	10.333333333333334	10.333333333333334	2.9626541137695312	2.9626541137695312	-1.0	inf	-1.0	-1.0	inf	-1.0	inf	-1.0	-1.0	inf
90	1	8	0	10.333333333333334	10.333333333333334	2.9626541137695312	2.9626541137695312	inf	-1.0	-1.0	inf	-1.0	inf	-1.0	-1.0	inf	-1.0
91	1	8	1	10.333333333333334	10.333333333333334	2.9626541137695312	2.9626541137695312	-1.0	-1.0	166.66666666666666	-1.0	-1.0	-1.0	-1.0	5.763523578643799	-1.0	-1.0
92	1	8	2	10.333333333333334	10.333333333333334	2.9626541137695312	2.9626541137695312	-1.0	-1.0	155.33333333333334	-1.0	inf	-1.0	-1.0	53.71080017089844	-1.0	inf
93	1	8	3	10.333333333333334	10.333333333333334	2.9626541137695312	2.9626541137695312	166.66666666666666	-1.0	-1.0	-1.0	-1.0	5.763523578643799	-1.0	-1.0	-1.0	-1.0
94	1	8	4	10.333333333333334	10.333333333333334	2.9626541137695312	2.9626541137695312	-1.0	-1.0	-1.0	-1.0	-1.0	-1.0	-1.0	-1.0	-1.0	-1.0
95	1	9	0	166.66666666666666	10.333333333333334	5.763523578643799	2.9626541137695312	inf	-1.0	-1.0	inf	31.0	inf	-1.0	-1.0	inf	55.824825286865234
96	1	9	1	166.66666666666666	10.333333333333334	5.763523578643799	2.9626541137695312	-1.0	-1.0	-1.0	-1.0	-1.0	-1.0	-1.0	-1.0	-1.0	-1.0
97	1	9	2	166.66666666666666	10.333333333333334	5.763523578643799	2.9626541137695312	inf	-1.0	-1.0	inf	inf	inf	-1.0	-1.0	inf	inf
98	1	9	3	166.66666666666666	10.333333333333334	5.763523578643799	2.9626541137695312	-1.0	-1.0	-1.0	-1.0	-1.0	-1.0	-1.0	-1.0	-1.0	-1.0
99	1	9	4	166.66666666666666	10.333333333333334	5.763523578643799	2.9626541137695312	-1.0	-1.0	-1.0	-1.0	-1.0	-1.0	-1.0	-1.0	-1.0	-1.0
100	2	0	0	15.666666666666666	15.666666666666666	1.3556814193725586	1.3556814193725586	23.0	-1.0	-1.0	inf	-1.0	20.935094833374023	-1.0	-1.0	inf	-1.0
101	2	0	1	15.666666666666666	15.666666666666666	1.3556814193725586	1.3556814193725586	10.333333333333334	-1.0	-1.0	inf	-1.0	2.9626541137695312	-1.0	-1.0	inf	-1.0
102	2	0	2	15.666666666666666	15.666666666666666	1.3556814193725586	1.3556814193725586	10.333333333333334	-1.0	-1.0	18.0	-1.0	2.9626541137695312	-1.0	-1.0	2.1685328483581543	-1.0
103	2	0	3	15.666666666666666	15.666666666666666	1.3556814193725586	1.3556814193725586	10.333333333333334	-1.0	31.0	-1.0	-1.0	2.9626541137695312	-1.0	55.824825286865234	-1.0	-1.0
104	2	0	4	15.666666666666666	15.666666666666666	1.3556814193725586	1.3556814193725586	156.33333333333334	-1.0	169.0	-1.0	-1.0	56.24541091918945	-1.0	21.72005271911621	-1.0	-1.0
105	2	1	0	15.666666666666666	15.666666666666666	1.3556814193725586	1.3556814193725586	-1.0	-1.0	-1.0	-1.0	-1.0	-1.0	-1.0	-1.0	-1.0	-1.0
106	2	1	1	15.666666666666666	15.666666666666666	1.3556814193725586	1.3556814193725586	-1.0	inf	-1.0	-1.0	-1.0	-1.0	inf	-1.0	-1.0	-1.0
107	2	1	2	15.666666666666666	15.666666666666666	1.3556814193725586	1.3556814193725586	17.0	-1.0	-1.0	-1.0	inf	1.498072624206543	-1.0	-1.0	-1.0	inf
108	2	1	3	15.666666666666666	15.666666666666666	1.3556814193725586	1.3556814193725586	20.666666666666668	15.333333333333334	96.66666666666667	23.666666666666668	-1.0	3.1423425674438477	2.2145912647247314	55.89548873901367	22.147480010986328	-1.0
109	2	1	4	15.666666666666666	15.666666666666666	1.3556814193725586	1.3556814193725586	15.333333333333334	-1.0	-1.0	-1.0	166.66666666666666	2.2145912647247314	-1.0	-1.0	-1.0	54.78827667236328
110	2	2	0	15.666666666666666	15.333333333333334	1.3556814193725586	2.2145912647247314	-1.0	161.66666666666666	-1.0	-1.0	-1.0	-1.0	20.991737365722656	-1.0	-1.0	-1.0
111	2	2	1	15.666666666666666	15.333333333333334	1.3556814193725586	2.2145912647247314	-1.0	inf	-1.0	inf	-1.0	-1.0	inf	-1.0	inf	-1.0
112	2	2	2	15.666666666666666	15.333333333333334	1.3556814193725586	2.2145912647247314	inf	-1.0	-1.0	-1.0	-1.0	inf	-1.0	-1.0	-1.0	-1.0
113	2	2	3	15.666666666666666	15.333333333333334	1.3556814193725586	2.2145912647247314	16.0	18.333333333333332	inf	inf	-1.0	2.321251630783081	2.7904863357543945	inf	inf	-1.0
114	2	2	4	15.666666666666666	15.333333333333334	1.3556814193725586	2.2145912647247314	20.666666666666668	-1.0	-1.0	-1.0	-1.0	3.1423425674438477	-1.0	-1.0	-1.0	-1.0
115	2	3	0	15.666666666666666	15.666666666666666	1.3556814193725586	1.3556814193725586	-1.0	-1.0	-1.0	-1.0	inf	-1.0	-1.0	-1.0	-1.0	inf
116	2	3	1	15.666666666666666	15.666666666666666	1.3556814193725586	1.3556814193725586	inf	inf	-1.0	inf	inf	inf	inf	-1.0	inf	inf
117	2	3	2	15.666666666666666	15.666666666666666	1.3556814193725586	1.3556814193725586	inf	-1.0	-1.0	inf	-1.0	inf	-1.0	-1.0	inf	-1.0
118	2	3	3	15.666666666666666	15.666666666666666	1.3556814193725586	1.3556814193725586	inf	-1.0	-1.0	-1.0	-1.0	inf	-1.0	-1.0	-1.0	-1.0
119	2	3	4	15.666666666666666	15.666666666666666	1.3556814193725586	1.3556814193725586	22.0	-1.0	168.0	-1.0	-1.0	2.7056336402893066	-1.0	55.22401428222656	-1.0	-1.0
120	2	4	0	15.666666666666666	22.0	1.3556814193725586	2.7056336402893066	-1.0	-1.0	inf	-1.0	-1.0	-1.0	-1.0	inf	-1.0	-1.0
121	2	4	1	15.666666666666666	22.0	1.3556814193725586	2.7056336402893066	-1.0	-1.0	inf	-1.0	inf	-1.0	-1.0	inf	-1.0	inf
122	2	4	2	15.666666666666666	22.0	1.3556814193725586	2.7056336402893066	8.333333333333334	-1.0	-1.0	-1.0	-1.0	1.8255808353424072	-1.0	-1.0	-1.0	-1.0
123	2	4	3	15.666666666666666	22.0	1.3556814193725586	2.7056336402893066	-1.0	-1.0	-1.0	-1.0	-1.0	-1.0	-1.0	-1.0	-1.0	-1.0
124	2	4	4	15.666666666666666	22.0	1.3556814193725586	2.7056336402893066	12.333333333333334	-1.0	inf	-1.0	-1.0	2.7043418884277344	-1.0	inf	-1.0	-1.0
125	2	5	0	12.333333333333334	15.666666666666666	2.7043418884277344	1.3556814193725586	-1.0	-1.0	-1.0	-1.0	-1.0	-1.0	-1.0	-1.0	-1.0	-1.0
126	2	5	1	12.333333333333334	15.666666666666666	2.7043418884277344	1.3556814193725586	-1.0	inf	-1.0	-1.0	-1.0	-1.0	inf	-1.0	-1.0	-1.0
127	2	5	2	12.333333333333334	15.666666666666666	2.7043418884277344	1.3556814193725586	-1.0	inf	-1.0	-1.0	-1.0	-1.0	inf	-1.0	-1.0	-1.0
128	2	5	3	12.333333333333334	15.666666666666666	2.7043418884277344	1.3556814193725586	-1.0	-1.0	-1.0	-1.0	-1.0	-1.0	-1.0	-1.0	-1.0	-1.0
129	2	5	4	12.333333333333334	15.666666666666666	2.7043418884277344	1.3556814193725586	8.333333333333334	-1.0	-1.0	inf	-1.0	1.8255808353424072	-1.0	-1.0	inf	-1.0
130	2	6	0	15.666666666666666	15.666666666666666	1.3556814193725586	1.3556814193725586	-1.0	-1.0	-1.0	-1.0	-1.0	-1.0	-1.0	-1.0	-1.0	-1.0
131	2	6	1	15.666666666666666	15.666666666666666	1.3556814193725586	1.3556814193725586	-1.0	inf	-1.0	-1.0	-1.0	-1.0	inf	-1.0	-1.0	-1.0
132	2	6	2	15.666666666666666	15.666666666666666	1.3556814193725586	1.3556814193725586	9.666666666666666	-1.0	-1.0	19.666666666666668	-1.0	2.822482109069824	-1.0	-1.0	2.27903151512146	-1.0
133	2	6	3	15.666666666666666	15.666666666666666	1.3556814193725586	1.3556814193725586	-1.0	-1.0	-1.0	-1.0	-1.0	-1.0	-1.0	-1.0	-1.0	-1.0
134	2	6	4	15.666666666666666	15.666666666666666	1.3556814193725586	1.3556814193725586	inf	-1.0	inf	-1.0	9.333333333333334	inf	-1.0	inf	-1.0	1.475817322731018
135	2	7	0	8.333333333333334	15.666666666666666	1.8255808353424072	1.3556814193725586	156.33333333333334	inf	inf	-1.0	inf	56.24541091918945	inf	inf	-1.0	inf
136	2	7	1	8.333333333333334	15.666666666666666	1.8255808353424072	1.3556814193725586	-1.0	-1.0	inf	-1.0	-1.0	-1.0	-1.0	inf	-1.0	-1.0
137	2	7	2	8.333333333333334	15.666666666666666	1.8255808353424072	1.3556814193725586	161.66666666666666	23.666666666666668	inf	-1.0	161.66666666666666	20.991737365722656	22.147480010986328	inf	-1.0	26.584077835083008
138	2	7	3	8.333333333333334	15.666666666666666	1.8255808353424072	1.3556814193725586	-1.0	-1.0	-1.0	-1.0	-1.0	-1.0	-1.0	-1.0	-1.0	-1.0
139	2	7	4	8.333333333333334	15.666666666666666	1.8255808353424072	1.3556814193725586	-1.0	169.0	inf	-1.0	-1.0	-1.0	4.897241592407227	inf	-1.0	-1.0
140	2	8	0	15.666666666666666	20.666666666666668	1.3556814193725586	3.1423425674438477	inf	-1.0	inf	-1.0	inf	inf	-1.0	inf	-1.0	inf
141	2	8	1	15.666666666666666	20.666666666666668	1.3556814193725586	3.1423425674438477	-1.0	-1.0	inf	76.66666666666667	-1.0	-1.0	-1.0	inf	13.786457061767578	-1.0
142	2	8	2	15.666666666666666	20.666666666666668	1.3556814193725586	3.1423425674438477	-1.0	169.66666666666666	171.0	25.0	171.0	-1.0	4.569965362548828	65.16739654541016	27.569442749023438	4.4112138748168945
143	2	8	3	15.666666666666666	20.666666666666668	1.3556814193725586	3.1423425674438477	-1.0	-1.0	-1.0	-1.0	23.0	-1.0	-1.0	-1.0	-1.0	20.935094833374023
144	2	8	4	15.666666666666666	20.666666666666668	1.3556814193725586	3.1423425674438477	inf	inf	inf	inf	inf	inf	inf	inf	inf	inf
145	2	9	0	9.333333333333334	20.666666666666668	1.475817322731018	3.1423425674438477	-1.0	-1.0	inf	-1.0	-1.0	-1.0	-1.0	inf	-1.0	-1.0
146	2	9	1	9.333333333333334	20.666666666666668	1.475817322731018	3.1423425674438477	-1.0	inf	-1.0	-1.0	-1.0	-1.0	inf	-1.0	-1.0	-1.0
147	2	9	2	9.333333333333334	20.666666666666668	1.475817322731018	3.1423425674438477	-1.0	-1.0	-1.0	-1.0	-1.0	-1.0	-1.0	-1.0	-1.0	-1.0
148	2	9	3	9.333333333333334	20.666666666666668	1.475817322731018	3.1423425674438477	18.0	-1.0	-1.0	-1.0	inf	7.253555774688721	-1.0	-1.0	-1.0	inf
149	2	9	4	9.333333333333334	20.666666666666668	1.475817322731018	3.1423425674438477	18.333333333333332	28.0	inf	-1.0	171.0	11.637016296386719	15.121661186218262	inf	-1.0	82.2276840209961
