	reset_island_iter	improve_iter	island	program_1_hamming_score	program_2_hamming_score	program_1_neural_score	program_2_neural_score	output_program_1_hamming_score	output_program_2_hamming_score	output_program_3_hamming_score	output_program_4_hamming_score	output_program_5_hamming_score	output_program_1_neural_score	output_program_2_neural_score	output_program_3_neural_score	output_program_4_neural_score	output_program_5_neural_score
0	0	0	0	0.08333333333333333	0.08333333333333333	60.36806106567383	22.784420013427734	0.15520833333333334	0.06840277777777778	0.06840277777777778	inf	0.15520833333333334	3.6275851726531982	2.331310272216797	2.3519904613494873	inf	3.1607608795166016
1	0	0	1	0.08333333333333333	0.08333333333333333	60.36806106567383	22.784420013427734	0.12708333333333333	0.46805555555555556	0.5118055555555555	inf	0.21076388888888886	4.712177753448486	5.367629051208496	24.056190490722656	inf	3.7173306941986084
2	0	0	2	0.08333333333333333	0.08333333333333333	60.36806106567383	22.784420013427734	0.3211805555555556	0.3055555555555556	-1.0	-1.0	-1.0	4.328203201293945	3.9187746047973633	-1.0	-1.0	-1.0
3	0	0	3	0.08333333333333333	0.08333333333333333	60.36806106567383	22.784420013427734	0.15520833333333334	0.1545138888888889	0.1545138888888889	0.21076388888888886	0.1545138888888889	4.178417682647705	3.9147746562957764	3.173396587371826	5.9278035163879395	4.279728889465332
4	0	0	4	0.08333333333333333	0.08333333333333333	60.36806106567383	22.784420013427734	0.3211805555555556	0.3211805555555556	-1.0	0.8729166666666666	-1.0	4.328203201293945	4.195154190063477	-1.0	31.752344131469727	-1.0
5	0	1	0	0.3211805555555556	0.08333333333333333	4.195154190063477	22.784420013427734	inf	0.15520833333333334	-1.0	-1.0	-1.0	inf	3.9664723873138428	-1.0	-1.0	-1.0
6	0	1	1	0.3211805555555556	0.08333333333333333	4.195154190063477	22.784420013427734	inf	0.45243055555555556	-1.0	inf	0.17951388888888886	inf	5.590340614318848	-1.0	inf	4.310705184936523
7	0	1	2	0.3211805555555556	0.08333333333333333	4.195154190063477	22.784420013427734	-1.0	-1.0	-1.0	0.48854166666666665	0.46805555555555556	-1.0	-1.0	-1.0	13.114031791687012	5.367629051208496
8	0	1	3	0.3211805555555556	0.08333333333333333	4.195154190063477	22.784420013427734	0.15520833333333334	0.1545138888888889	0.21076388888888886	-1.0	0.12395833333333332	3.540067195892334	3.832742929458618	4.224510192871094	-1.0	3.423758029937744
9	0	1	4	0.3211805555555556	0.08333333333333333	4.195154190063477	22.784420013427734	0.1545138888888889	0.1545138888888889	0.09895833333333333	inf	0.1545138888888889	3.45021390914917	3.881319046020508	2.3994140625	inf	3.598375082015991
10	0	2	0	0.1545138888888889	0.08333333333333333	3.881319046020508	22.784420013427734	0.12395833333333332	inf	-1.0	-1.0	-1.0	3.243906021118164	inf	-1.0	-1.0	-1.0
11	0	2	1	0.1545138888888889	0.08333333333333333	3.881319046020508	22.784420013427734	0.17951388888888886	inf	-1.0	-1.0	0.17951388888888886	3.7708208560943604	inf	-1.0	-1.0	3.7741448879241943
12	0	2	2	0.1545138888888889	0.08333333333333333	3.881319046020508	22.784420013427734	-1.0	-1.0	-1.0	inf	-1.0	-1.0	-1.0	-1.0	inf	-1.0
13	0	2	3	0.1545138888888889	0.08333333333333333	3.881319046020508	22.784420013427734	0.21076388888888886	inf	-1.0	0.13958333333333334	-1.0	4.35747766494751	inf	-1.0	4.593475341796875	-1.0
14	0	2	4	0.1545138888888889	0.08333333333333333	3.881319046020508	22.784420013427734	-1.0					-1.0				
15	0	3	0	0.09895833333333333	0.3211805555555556	2.3994140625	4.328203201293945	0.1951388888888889	-1.0	0.15208333333333332	-1.0	0.22291666666666665	3.4525668621063232	-1.0	2.3980555534362793	-1.0	3.4488563537597656
16	0	3	1	0.09895833333333333	0.3211805555555556	2.3994140625	4.328203201293945	inf	inf	inf	inf	inf	inf	inf	inf	inf	inf
17	0	3	2	0.09895833333333333	0.3211805555555556	2.3994140625	4.328203201293945	-1.0	-1.0	-1.0	-1.0	-1.0	-1.0	-1.0	-1.0	-1.0	-1.0
18	0	3	3	0.09895833333333333	0.3211805555555556	2.3994140625	4.328203201293945	-1.0	-1.0	0.21076388888888886	0.21076388888888886	-1.0	-1.0	-1.0	4.524620532989502	4.80619478225708	-1.0
19	0	3	4	0.09895833333333333	0.3211805555555556	2.3994140625	4.328203201293945	-1.0	-1.0	-1.0	-1.0	-1.0	-1.0	-1.0	-1.0	-1.0	-1.0
20	0	4	0	0.08333333333333333	0.3211805555555556	60.36806106567383	4.195154190063477	-1.0	-1.0	-1.0	-1.0	-1.0	-1.0	-1.0	-1.0	-1.0	-1.0
21	0	4	1	0.08333333333333333	0.3211805555555556	60.36806106567383	4.195154190063477	0.18263888888888888	0.26006944444444446	0.39965277777777775	-1.0	-1.0	2.995574474334717	3.4191243648529053	5.252288818359375	-1.0	-1.0
22	0	4	2	0.08333333333333333	0.3211805555555556	60.36806106567383	4.195154190063477	-1.0					-1.0				
23	0	4	3	0.08333333333333333	0.3211805555555556	60.36806106567383	4.195154190063477	-1.0	0.17951388888888886	-1.0	-1.0	-1.0	-1.0	3.7708208560943604	-1.0	-1.0	-1.0
24	0	4	4	0.08333333333333333	0.3211805555555556	60.36806106567383	4.195154190063477	-1.0	0.3055555555555556	-1.0	-1.0	-1.0	-1.0	3.9187746047973633	-1.0	-1.0	-1.0
25	0	5	0	0.1545138888888889	0.08333333333333333	3.881319046020508	60.36806106567383	inf	0.28229166666666666	0.36319444444444443	inf	inf	inf	5.3336181640625	3.8641345500946045	inf	inf
26	0	5	1	0.1545138888888889	0.08333333333333333	3.881319046020508	60.36806106567383	0.12708333333333333	inf	0.13923611111111112	inf	-1.0	3.6195266246795654	inf	4.098064422607422	inf	-1.0
27	0	5	2	0.1545138888888889	0.08333333333333333	3.881319046020508	60.36806106567383	-1.0	0.3211805555555556	-1.0	-1.0	-1.0	-1.0	4.195154190063477	-1.0	-1.0	-1.0
28	0	5	3	0.1545138888888889	0.08333333333333333	3.881319046020508	60.36806106567383	-1.0	-1.0	inf	0.21076388888888886	0.21076388888888886	-1.0	-1.0	inf	4.521838665008545	4.190627574920654
29	0	5	4	0.1545138888888889	0.08333333333333333	3.881319046020508	60.36806106567383	0.09895833333333333	0.1545138888888889	-1.0	-1.0	0.1545138888888889	2.545686721801758	3.173396587371826	-1.0	-1.0	3.8787660598754883
30	0	6	0	0.1545138888888889	0.09895833333333333	3.881319046020508	2.3994140625	inf	-1.0	0.8729166666666666	inf	-1.0	inf	-1.0	31.752344131469727	inf	-1.0
31	0	6	1	0.1545138888888889	0.09895833333333333	3.881319046020508	2.3994140625	inf	0.3590277777777777	-1.0	0.31875	-1.0	inf	4.533897876739502	-1.0	4.495718479156494	-1.0
32	0	6	2	0.1545138888888889	0.09895833333333333	3.881319046020508	2.3994140625	-1.0	-1.0	-1.0	-1.0	inf	-1.0	-1.0	-1.0	-1.0	inf
33	0	6	3	0.1545138888888889	0.09895833333333333	3.881319046020508	2.3994140625	0.1829861111111111	0.12743055555555555	inf	-1.0	-1.0	4.119743824005127	3.168491840362549	inf	-1.0	-1.0
34	0	6	4	0.1545138888888889	0.09895833333333333	3.881319046020508	2.3994140625	inf	inf	-1.0	-1.0	0.08333333333333333	inf	inf	-1.0	-1.0	2.049467086791992
35	0	7	0	0.08333333333333333	0.1545138888888889	60.36806106567383	3.45021390914917	inf	inf	-1.0	inf	-1.0	inf	inf	-1.0	inf	-1.0
36	0	7	1	0.08333333333333333	0.1545138888888889	60.36806106567383	3.45021390914917	inf	-1.0	inf	-1.0	-1.0	inf	-1.0	inf	-1.0	-1.0
37	0	7	2	0.08333333333333333	0.1545138888888889	60.36806106567383	3.45021390914917	-1.0	-1.0	-1.0	-1.0	-1.0	-1.0	-1.0	-1.0	-1.0	-1.0
38	0	7	3	0.08333333333333333	0.1545138888888889	60.36806106567383	3.45021390914917	-1.0	-1.0	0.15520833333333334	-1.0	-1.0	-1.0	-1.0	4.215778350830078	-1.0	-1.0
39	0	7	4	0.08333333333333333	0.1545138888888889	60.36806106567383	3.45021390914917	inf	-1.0	inf	-1.0	-1.0	inf	-1.0	inf	-1.0	-1.0
40	0	8	0	0.08333333333333333	0.1545138888888889	22.784420013427734	3.881319046020508	inf	inf	inf	inf	0.21076388888888886	inf	inf	inf	inf	3.639697790145874
41	0	8	1	0.08333333333333333	0.1545138888888889	22.784420013427734	3.881319046020508	inf	-1.0	-1.0	inf	0.41215277777777776	inf	-1.0	-1.0	inf	4.808897495269775
42	0	8	2	0.08333333333333333	0.1545138888888889	22.784420013427734	3.881319046020508	0.12708333333333333	-1.0	-1.0	-1.0	-1.0	4.712177753448486	-1.0	-1.0	-1.0	-1.0
43	0	8	3	0.08333333333333333	0.1545138888888889	22.784420013427734	3.881319046020508	0.1829861111111111	-1.0	0.21076388888888886	0.12708333333333333	0.21076388888888886	4.242763042449951	-1.0	3.639697790145874	4.712177753448486	3.7173306941986084
44	0	8	4	0.08333333333333333	0.1545138888888889	22.784420013427734	3.881319046020508	inf	inf	-1.0	-1.0	-1.0	inf	inf	-1.0	-1.0	-1.0
45	0	9	0	0.1545138888888889	0.1545138888888889	3.598375082015991	3.8787660598754883	inf	0.25104166666666666	-1.0	inf	inf	inf	3.6879327297210693	-1.0	inf	inf
46	0	9	1	0.1545138888888889	0.1545138888888889	3.598375082015991	3.8787660598754883	inf	0.2638888888888889	-1.0	-1.0	-1.0	inf	3.711724042892456	-1.0	-1.0	-1.0
47	0	9	2	0.1545138888888889	0.1545138888888889	3.598375082015991	3.8787660598754883	-1.0	-1.0	-1.0	-1.0	-1.0	-1.0	-1.0	-1.0	-1.0	-1.0
48	0	9	3	0.1545138888888889	0.1545138888888889	3.598375082015991	3.8787660598754883	0.21076388888888886	-1.0	-1.0	-1.0	0.15520833333333334	4.112947463989258	-1.0	-1.0	-1.0	3.6275851726531982
49	0	9	4	0.1545138888888889	0.1545138888888889	3.598375082015991	3.8787660598754883	0.11145833333333333	0.18333333333333335	0.12708333333333333	-1.0	-1.0	2.337667465209961	3.332941770553589	2.8373959064483643	-1.0	-1.0
50	1	0	0	0.08333333333333333	0.08333333333333333	40.93067932128906	22.784420013427734	0.8729166666666666	-1.0	-1.0	-1.0	-1.0	31.752344131469727	-1.0	-1.0	-1.0	-1.0
51	1	0	1	0.08333333333333333	0.08333333333333333	40.93067932128906	22.784420013427734	inf	inf	0.13958333333333334	0.09618055555555556	-1.0	inf	inf	3.2102746963500977	2.8307104110717773	-1.0
52	1	0	2	0.08333333333333333	0.08333333333333333	40.93067932128906	22.784420013427734	0.17708333333333331	0.35694444444444445	inf	inf	0.12708333333333333	2.544771432876587	5.101878643035889	inf	inf	4.712177753448486
53	1	0	3	0.08333333333333333	0.08333333333333333	40.93067932128906	22.784420013427734	0.2177083333333333	0.3211805555555556	0.12708333333333333	0.29375	-1.0	4.529174327850342	4.328203201293945	4.712177753448486	9.400311470031738	-1.0
54	1	0	4	0.08333333333333333	0.08333333333333333	40.93067932128906	22.784420013427734	0.21076388888888886	0.21076388888888886	0.21076388888888886	0.21076388888888886	0.21076388888888886	4.626975059509277	4.190627574920654	5.9278035163879395	5.444379806518555	4.114380836486816
55	1	1	0	0.21076388888888886	0.08333333333333333	5.444379806518555	22.784420013427734	0.21076388888888886	0.1829861111111111	-1.0	inf	inf	4.067419052124023	4.1793694496154785	-1.0	inf	inf
56	1	1	1	0.21076388888888886	0.08333333333333333	5.444379806518555	22.784420013427734	0.15208333333333335	-1.0	-1.0	-1.0	-1.0	2.886276960372925	-1.0	-1.0	-1.0	-1.0
57	1	1	2	0.21076388888888886	0.08333333333333333	5.444379806518555	22.784420013427734	-1.0	-1.0	inf	0.653125	0.7270833333333333	-1.0	-1.0	inf	18.911340713500977	27.836698532104492
58	1	1	3	0.21076388888888886	0.08333333333333333	5.444379806518555	22.784420013427734	0.48368055555555556	-1.0	-1.0	-1.0	-1.0	17.216510772705078	-1.0	-1.0	-1.0	-1.0
59	1	1	4	0.21076388888888886	0.08333333333333333	5.444379806518555	22.784420013427734	inf	0.2638888888888889	inf	-1.0	inf	inf	3.711724042892456	inf	-1.0	inf
60	1	2	0	0.21076388888888886	0.21076388888888886	4.190627574920654	5.444379806518555	0.21076388888888886	0.21076388888888886	0.15520833333333334	-1.0	-1.0	4.224510192871094	4.569855213165283	3.6275851726531982	-1.0	-1.0
61	1	2	1	0.21076388888888886	0.21076388888888886	4.190627574920654	5.444379806518555	-1.0	inf	inf	inf	-1.0	-1.0	inf	inf	inf	-1.0
62	1	2	2	0.21076388888888886	0.21076388888888886	4.190627574920654	5.444379806518555	inf	-1.0	0.15520833333333334	-1.0	0.18298611111111113	inf	-1.0	3.1607608795166016	-1.0	4.21722412109375
63	1	2	3	0.21076388888888886	0.21076388888888886	4.190627574920654	5.444379806518555	0.1545138888888889	0.09895833333333333	inf	0.1545138888888889	inf	3.243669033050537	2.545686721801758	inf	3.336941957473755	inf
64	1	2	4	0.21076388888888886	0.21076388888888886	4.190627574920654	5.444379806518555	0.12395833333333334	inf	0.2847222222222222	inf	0.27222222222222225	3.029452085494995	inf	3.5640738010406494	inf	3.075932741165161
65	1	3	0	0.2638888888888889	0.21076388888888886	3.711724042892456	4.190627574920654	-1.0	-1.0	0.21076388888888886	-1.0	-1.0	-1.0	-1.0	4.190627574920654	-1.0	-1.0
66	1	3	1	0.2638888888888889	0.21076388888888886	3.711724042892456	4.190627574920654	-1.0	0.2263888888888889	inf	-1.0	-1.0	-1.0	3.4888720512390137	inf	-1.0	-1.0
67	1	3	2	0.2638888888888889	0.21076388888888886	3.711724042892456	4.190627574920654	0.15520833333333334	0.12395833333333332	0.06840277777777778	-1.0	-1.0	3.6275851726531982	3.243906021118164	2.331310272216797	-1.0	-1.0
68	1	3	3	0.2638888888888889	0.21076388888888886	3.711724042892456	4.190627574920654	-1.0	0.48368055555555556	inf	0.1545138888888889	0.48368055555555556	-1.0	22.157855987548828	inf	3.9147746562957764	22.72810173034668
69	1	3	4	0.2638888888888889	0.21076388888888886	3.711724042892456	4.190627574920654	inf	inf	inf	0.15520833333333334	-1.0	inf	inf	inf	3.6275851726531982	-1.0
70	1	4	0	0.15520833333333334	0.21076388888888886	3.6275851726531982	5.9278035163879395	0.17951388888888886	0.17951388888888886	inf	-1.0	0.21076388888888886	3.778930902481079	3.793191909790039	inf	-1.0	4.2142720222473145
71	1	4	1	0.15520833333333334	0.21076388888888886	3.6275851726531982	5.9278035163879395	inf	-1.0	0.09618055555555556	0.13958333333333334	-1.0	inf	-1.0	2.5836029052734375	4.597788333892822	-1.0
72	1	4	2	0.15520833333333334	0.21076388888888886	3.6275851726531982	5.9278035163879395	-1.0	-1.0	0.2329861111111111	0.09618055555555556	-1.0	-1.0	-1.0	3.8176989555358887	2.9437294006347656	-1.0
73	1	4	3	0.15520833333333334	0.21076388888888886	3.6275851726531982	5.9278035163879395	inf	0.1388888888888889	inf	-1.0	0.3055555555555556	inf	2.7399606704711914	inf	-1.0	7.585552215576172
74	1	4	4	0.15520833333333334	0.21076388888888886	3.6275851726531982	5.9278035163879395	inf	inf	0.17951388888888886	inf	-1.0	inf	inf	3.7901976108551025	inf	-1.0
75	1	5	0	0.21076388888888886	0.2638888888888889	5.444379806518555	3.711724042892456	-1.0	-1.0	-1.0	-1.0	-1.0	-1.0	-1.0	-1.0	-1.0	-1.0
76	1	5	1	0.21076388888888886	0.2638888888888889	5.444379806518555	3.711724042892456	inf	inf	inf	inf	inf	inf	inf	inf	inf	inf
77	1	5	2	0.21076388888888886	0.2638888888888889	5.444379806518555	3.711724042892456	-1.0	-1.0	0.19826388888888888	0.14270833333333333	-1.0	-1.0	-1.0	4.203126430511475	3.378999710083008	-1.0
78	1	5	3	0.21076388888888886	0.2638888888888889	5.444379806518555	3.711724042892456	-1.0	-1.0	-1.0	0.1388888888888889	-1.0	-1.0	-1.0	-1.0	2.8927412033081055	-1.0
79	1	5	4	0.21076388888888886	0.2638888888888889	5.444379806518555	3.711724042892456	inf	-1.0	inf	inf	inf	inf	-1.0	inf	inf	inf
80	1	6	0	0.21076388888888886	0.27222222222222225	5.444379806518555	3.075932741165161	0.17951388888888886	-1.0	0.21076388888888886	0.21076388888888886	0.21076388888888886	3.9494779109954834	-1.0	3.907130002975464	4.433144569396973	5.08367395401001
81	1	6	1	0.21076388888888886	0.27222222222222225	5.444379806518555	3.075932741165161	-1.0	-1.0	inf	inf	-1.0	-1.0	-1.0	inf	inf	-1.0
82	1	6	2	0.21076388888888886	0.27222222222222225	5.444379806518555	3.075932741165161	0.1545138888888889	-1.0	-1.0	inf	0.3559027777777778	3.288123846054077	-1.0	-1.0	inf	4.583807945251465
83	1	6	3	0.21076388888888886	0.27222222222222225	5.444379806518555	3.075932741165161	-1.0	0.1267361111111111	0.09895833333333333	-1.0	0.1545138888888889	-1.0	2.7580859661102295	2.2950263023376465	-1.0	3.173396587371826
84	1	6	4	0.21076388888888886	0.27222222222222225	5.444379806518555	3.075932741165161	-1.0	-1.0	inf	-1.0	inf	-1.0	-1.0	inf	-1.0	inf
85	1	7	0	0.21076388888888886	0.12395833333333334	4.190627574920654	3.029452085494995	inf	-1.0	0.23888888888888887	-1.0	-1.0	inf	-1.0	3.950640916824341	-1.0	-1.0
86	1	7	1	0.21076388888888886	0.12395833333333334	4.190627574920654	3.029452085494995	inf	inf	inf	0.05277777777777778	-1.0	inf	inf	inf	1.9771274328231812	-1.0
87	1	7	2	0.21076388888888886	0.12395833333333334	4.190627574920654	3.029452085494995	-1.0	-1.0	-1.0	-1.0	-1.0	-1.0	-1.0	-1.0	-1.0	-1.0
88	1	7	3	0.21076388888888886	0.12395833333333334	4.190627574920654	3.029452085494995	-1.0	-1.0	-1.0	0.1545138888888889	-1.0	-1.0	-1.0	-1.0	3.598375082015991	-1.0
89	1	7	4	0.21076388888888886	0.12395833333333334	4.190627574920654	3.029452085494995	-1.0	-1.0	-1.0	-1.0	-1.0	-1.0	-1.0	-1.0	-1.0	-1.0
90	1	8	0	0.08333333333333333	0.21076388888888886	22.784420013427734	4.190627574920654	0.23888888888888887	-1.0	-1.0	-1.0	-1.0	3.1124773025512695	-1.0	-1.0	-1.0	-1.0
91	1	8	1	0.08333333333333333	0.21076388888888886	22.784420013427734	4.190627574920654	-1.0	inf	inf	-1.0	-1.0	-1.0	inf	inf	-1.0	-1.0
92	1	8	2	0.08333333333333333	0.21076388888888886	22.784420013427734	4.190627574920654	0.12395833333333334	-1.0	-1.0	0.12395833333333334	0.18958333333333333	3.726642370223999	-1.0	-1.0	3.647923707962036	3.6786413192749023
93	1	8	3	0.08333333333333333	0.21076388888888886	22.784420013427734	4.190627574920654	-1.0	0.1545138888888889	-1.0	-1.0	-1.0	-1.0	3.0461831092834473	-1.0	-1.0	-1.0
94	1	8	4	0.08333333333333333	0.21076388888888886	22.784420013427734	4.190627574920654	0.15520833333333334	-1.0	-1.0	-1.0	-1.0	3.202714204788208	-1.0	-1.0	-1.0	-1.0
95	1	9	0	0.12395833333333334	0.21076388888888886	3.029452085494995	5.444379806518555	0.1545138888888889	-1.0	-1.0	inf	-1.0	3.1138861179351807	-1.0	-1.0	inf	-1.0
96	1	9	1	0.12395833333333334	0.21076388888888886	3.029452085494995	5.444379806518555	0.21076388888888886	inf	inf	inf	inf	4.224510192871094	inf	inf	inf	inf
97	1	9	2	0.12395833333333334	0.21076388888888886	3.029452085494995	5.444379806518555	0.12395833333333334	-1.0	-1.0	0.3836805555555556	-1.0	3.5064215660095215	-1.0	-1.0	13.27861499786377	-1.0
98	1	9	3	0.12395833333333334	0.21076388888888886	3.029452085494995	5.444379806518555	0.2934027777777778	0.13020833333333331	-1.0	0.2934027777777778	inf	8.192718505859375	2.584423780441284	-1.0	10.248621940612793	inf
99	1	9	4	0.12395833333333334	0.21076388888888886	3.029452085494995	5.444379806518555	-1.0	0.17951388888888886	inf	0.17951388888888886	inf	-1.0	3.8238091468811035	inf	4.233109474182129	inf
100	2	0	0	0.08333333333333333	0.08333333333333333	40.93067932128906	40.93067932128906	0.6527777777777778	0.6805555555555556	0.7708333333333333	inf	0.1388888888888889	41.7474365234375	17.531665802001953	40.82042694091797	inf	38.322635650634766
101	2	0	1	0.08333333333333333	0.08333333333333333	40.93067932128906	40.93067932128906	0.22083333333333333	0.125				2.8954644203186035	39.71217727661133			
102	2	0	2	0.08333333333333333	0.08333333333333333	40.93067932128906	40.93067932128906	0.25	0.3680555555555555	0.4097222222222222	0.21875	0.25	11.640270233154297	17.20783805847168	11.921247482299805	19.44847869873047	13.586753845214844
103	2	0	3	0.08333333333333333	0.08333333333333333	40.93067932128906	40.93067932128906	0.19270833333333331	0.2899305555555555	0.234375	-1.0	0.234375	15.975394248962402	16.291751861572266	17.106603622436523	-1.0	15.408268928527832
104	2	0	4	0.08333333333333333	0.08333333333333333	40.93067932128906	40.93067932128906	inf	0.3680555555555555	0.47916666666666663	-1.0	-1.0	inf	18.09119987487793	20.07050323486328	-1.0	-1.0
105	2	1	0	0.08333333333333333	0.47916666666666663	40.93067932128906	20.07050323486328	0.5277777777777778	inf	-1.0	0.2361111111111111	-1.0	15.227641105651855	inf	-1.0	12.466865539550781	-1.0
106	2	1	1	0.08333333333333333	0.47916666666666663	40.93067932128906	20.07050323486328	0.24305555555555552	-1.0	0.3055555555555555	0.24305555555555552	0.24305555555555552	12.482461929321289	-1.0	12.033613204956055	11.916090965270996	12.51679801940918
107	2	1	2	0.08333333333333333	0.47916666666666663	40.93067932128906	20.07050323486328	0.34375	0.17708333333333331	inf	0.17708333333333331	-1.0	13.083027839660645	13.187816619873047	inf	12.683719635009766	-1.0
108	2	1	3	0.08333333333333333	0.47916666666666663	40.93067932128906	20.07050323486328	0.2743055555555555	0.2743055555555555	0.2743055555555556	-1.0	-1.0	13.689056396484375	14.258689880371094	13.897394180297852	-1.0	-1.0
109	2	1	4	0.08333333333333333	0.47916666666666663	40.93067932128906	20.07050323486328	inf	inf	inf	inf	inf	inf	inf	inf	inf	inf
110	2	2	0	0.08333333333333333	0.08333333333333333	40.93067932128906	40.93067932128906	inf	inf	inf	inf	inf	inf	inf	inf	inf	inf
111	2	2	1	0.08333333333333333	0.08333333333333333	40.93067932128906	40.93067932128906	0.16145833333333331	0.14583333333333331	inf	inf	inf	13.66403579711914	13.146201133728027	inf	inf	inf
112	2	2	2	0.08333333333333333	0.08333333333333333	40.93067932128906	40.93067932128906	inf	0.2743055555555556	inf	0.1909722222222222	inf	inf	11.896342277526855	inf	12.496092796325684	inf
113	2	2	3	0.08333333333333333	0.08333333333333333	40.93067932128906	40.93067932128906	0.21875	0.21875	-1.0	0.1875	-1.0	13.076719284057617	12.806674003601074	-1.0	12.893596649169922	-1.0
114	2	2	4	0.08333333333333333	0.08333333333333333	40.93067932128906	40.93067932128906	inf	inf	inf	inf	inf	inf	inf	inf	inf	inf
115	2	3	0	0.47916666666666663	0.08333333333333333	20.07050323486328	40.93067932128906	inf	inf	inf	0.3055555555555555	inf	inf	inf	inf	13.249640464782715	inf
116	2	3	1	0.47916666666666663	0.08333333333333333	20.07050323486328	40.93067932128906	inf	inf	inf	0.14583333333333331	inf	inf	inf	inf	13.209874153137207	inf
117	2	3	2	0.47916666666666663	0.08333333333333333	20.07050323486328	40.93067932128906	inf	inf	inf	inf	inf	inf	inf	inf	inf	inf
118	2	3	3	0.47916666666666663	0.08333333333333333	20.07050323486328	40.93067932128906	0.2482638888888889	0.2899305555555556	inf	-1.0	inf	12.8657808303833	12.351971626281738	inf	-1.0	inf
119	2	3	4	0.47916666666666663	0.08333333333333333	20.07050323486328	40.93067932128906	inf	inf	inf	inf	inf	inf	inf	inf	inf	inf
120	2	4	0	0.08333333333333333	0.08333333333333333	40.93067932128906	40.93067932128906	0.25	inf	0.25	inf	inf	13.235228538513184	inf	13.859892845153809	inf	inf
121	2	4	1	0.08333333333333333	0.08333333333333333	40.93067932128906	40.93067932128906	inf	inf				inf	inf			
122	2	4	2	0.08333333333333333	0.08333333333333333	40.93067932128906	40.93067932128906	inf	inf	inf	inf	inf	inf	inf	inf	inf	inf
123	2	4	3	0.08333333333333333	0.08333333333333333	40.93067932128906	40.93067932128906	-1.0	-1.0	-1.0	0.27604166666666663	-1.0	-1.0	-1.0	-1.0	11.633333206176758	-1.0
124	2	4	4	0.08333333333333333	0.08333333333333333	40.93067932128906	40.93067932128906	inf	inf	inf	inf	inf	inf	inf	inf	inf	inf
125	2	5	0	0.08333333333333333	0.47916666666666663	40.93067932128906	20.07050323486328	inf	0.21875	0.2895833333333333	0.296875	inf	inf	12.46673583984375	6.53568696975708	12.320197105407715	inf
126	2	5	1	0.08333333333333333	0.47916666666666663	40.93067932128906	20.07050323486328	inf	inf				inf	inf			
127	2	5	2	0.08333333333333333	0.47916666666666663	40.93067932128906	20.07050323486328	inf	inf	inf	inf	inf	inf	inf	inf	inf	inf
128	2	5	3	0.08333333333333333	0.47916666666666663	40.93067932128906	20.07050323486328	0.375	0.17708333333333331	0.22708333333333333	0.4722222222222222	0.513888888888889	39.51711654663086	14.01965618133545	16.96009635925293	39.459659576416016	38.1231689453125
129	2	5	4	0.08333333333333333	0.47916666666666663	40.93067932128906	20.07050323486328	inf	inf	inf	inf	inf	inf	inf	inf	inf	inf
130	2	6	0	0.08333333333333333	0.47916666666666663	40.93067932128906	20.07050323486328	inf	0.3607638888888889	inf	0.4635416666666667	inf	inf	9.924960136413574	inf	19.38715934753418	inf
131	2	6	1	0.08333333333333333	0.47916666666666663	40.93067932128906	20.07050323486328	inf	inf	inf	inf	inf	inf	inf	inf	inf	inf
132	2	6	2	0.08333333333333333	0.47916666666666663	40.93067932128906	20.07050323486328	inf	inf	inf	inf	inf	inf	inf	inf	inf	inf
133	2	6	3	0.08333333333333333	0.47916666666666663	40.93067932128906	20.07050323486328	0.21875	-1.0	-1.0	-1.0	-1.0	16.043935775756836	-1.0	-1.0	-1.0	-1.0
134	2	6	4	0.08333333333333333	0.47916666666666663	40.93067932128906	20.07050323486328	inf	inf	inf	inf	inf	inf	inf	inf	inf	inf
135	2	7	0	0.08333333333333333	0.3680555555555555	40.93067932128906	18.09119987487793	inf	inf	0.3333333333333333	inf	inf	inf	inf	9.123398780822754	inf	inf
136	2	7	1	0.08333333333333333	0.3680555555555555	40.93067932128906	18.09119987487793	0.3125	inf	-1.0	-1.0	inf	10.925508499145508	inf	-1.0	-1.0	inf
137	2	7	2	0.08333333333333333	0.3680555555555555	40.93067932128906	18.09119987487793	inf	inf	inf	inf	inf	inf	inf	inf	inf	inf
138	2	7	3	0.08333333333333333	0.3680555555555555	40.93067932128906	18.09119987487793	0.2482638888888889	-1.0	0.16145833333333331	0.16145833333333331	0.2204861111111111	12.889796257019043	-1.0	12.63504695892334	12.701668739318848	12.853141784667969
139	2	7	4	0.08333333333333333	0.3680555555555555	40.93067932128906	18.09119987487793	inf	inf	inf	inf	inf	inf	inf	inf	inf	inf
140	2	8	0	0.08333333333333333	0.08333333333333333	40.93067932128906	40.93067932128906	inf	0.3125	inf	inf	inf	inf	19.278573989868164	inf	inf	inf
141	2	8	1	0.08333333333333333	0.08333333333333333	40.93067932128906	40.93067932128906	-1.0	0.15625	-1.0	-1.0	-1.0	-1.0	12.237675666809082	-1.0	-1.0	-1.0
142	2	8	2	0.08333333333333333	0.08333333333333333	40.93067932128906	40.93067932128906	0.3055555555555556	inf	inf	inf	inf	12.83152961730957	inf	inf	inf	inf
143	2	8	3	0.08333333333333333	0.08333333333333333	40.93067932128906	40.93067932128906	0.2170138888888889	-1.0	inf	inf	inf	12.808770179748535	-1.0	inf	inf	inf
144	2	8	4	0.08333333333333333	0.08333333333333333	40.93067932128906	40.93067932128906	inf	inf	inf	inf	inf	inf	inf	inf	inf	inf
145	2	9	0	0.47916666666666663	0.08333333333333333	20.07050323486328	40.93067932128906	0.28125	0.234375	0.234375	-1.0	0.296875	16.536243438720703	12.898371696472168	12.273090362548828	-1.0	18.683277130126953
146	2	9	1	0.47916666666666663	0.08333333333333333	20.07050323486328	40.93067932128906	0.21875	0.21875	inf	0.2743055555555555	-1.0	11.254960060119629	10.902809143066406	inf	11.89987850189209	-1.0
147	2	9	2	0.47916666666666663	0.08333333333333333	20.07050323486328	40.93067932128906	inf	inf	inf	inf	inf	inf	inf	inf	inf	inf
148	2	9	3	0.47916666666666663	0.08333333333333333	20.07050323486328	40.93067932128906	0.21701388888888887	0.2586805555555555	-1.0	-1.0	-1.0	12.208096504211426	11.577665328979492	-1.0	-1.0	-1.0
149	2	9	4	0.47916666666666663	0.08333333333333333	20.07050323486328	40.93067932128906	inf	inf	inf	inf	inf	inf	inf	inf	inf	inf
