	reset_island_iter	improve_iter	island	program_1_hamming_score	program_2_hamming_score	program_1_neural_score	program_2_neural_score	output_program_1_hamming_score	output_program_2_hamming_score	output_program_3_hamming_score	output_program_4_hamming_score	output_program_5_hamming_score	output_program_1_neural_score	output_program_2_neural_score	output_program_3_neural_score	output_program_4_neural_score	output_program_5_neural_score
0	0	0	0	12.333333333333334	13.333333333333334	5.803837299346924	17.622774124145508	19.333333333333332	11.0	-1.0	-1.0	19.333333333333332	6.02130651473999	22.215425491333008	-1.0	-1.0	5.6158881187438965
1	0	0	1	12.333333333333334	13.333333333333334	5.803837299346924	17.622774124145508	18.0	8.666666666666666	-1.0	16.333333333333332	3.0	39.05614471435547	5.202962875366211	-1.0	38.585304260253906	2.820040225982666
2	0	0	2	12.333333333333334	13.333333333333334	5.803837299346924	17.622774124145508	15.666666666666666	14.333333333333334	-1.0	17.333333333333332	17.0	22.145172119140625	36.78955078125	-1.0	14.334920883178711	13.339300155639648
3	0	0	3	12.333333333333334	13.333333333333334	5.803837299346924	17.622774124145508	17.333333333333332	16.666666666666668	-1.0	19.333333333333332	inf	6.198951244354248	11.223790168762207	-1.0	8.293191909790039	inf
4	0	0	4	12.333333333333334	13.333333333333334	5.803837299346924	17.622774124145508	19.666666666666668	14.666666666666666	-1.0	19.666666666666668	inf	6.0192766189575195	6.188230991363525	-1.0	6.58900785446167	inf
5	0	1	0	12.333333333333334	13.333333333333334	5.803837299346924	17.622774124145508	13.333333333333334	inf	7.333333333333333	-1.0	7.666666666666667	4.429721355438232	inf	5.615652561187744	-1.0	18.62401008605957
6	0	1	1	12.333333333333334	13.333333333333334	5.803837299346924	17.622774124145508	-1.0	-1.0	-1.0	-1.0	-1.0	-1.0	-1.0	-1.0	-1.0	-1.0
7	0	1	2	12.333333333333334	13.333333333333334	5.803837299346924	17.622774124145508	16.666666666666668	17.0	-1.0	17.0	15.333333333333334	6.278981685638428	6.273792743682861	-1.0	10.999482154846191	17.343507766723633
8	0	1	3	12.333333333333334	13.333333333333334	5.803837299346924	17.622774124145508	inf	17.0	inf	16.666666666666668	16.666666666666668	inf	9.6400785446167	inf	9.330350875854492	9.206646919250488
9	0	1	4	12.333333333333334	13.333333333333334	5.803837299346924	17.622774124145508	inf	14.666666666666666	-1.0	18.0	inf	inf	6.056247234344482	-1.0	7.6083526611328125	inf
10	0	2	0	12.333333333333334	13.333333333333334	5.803837299346924	17.622774124145508	15.666666666666666	-1.0	13.333333333333334	17.333333333333332	17.0	11.185517311096191	-1.0	11.461077690124512	18.08203887939453	8.275882720947266
11	0	2	1	12.333333333333334	13.333333333333334	5.803837299346924	17.622774124145508	inf	11.333333333333334	-1.0	-1.0	inf	inf	11.786916732788086	-1.0	-1.0	inf
12	0	2	2	12.333333333333334	13.333333333333334	5.803837299346924	17.622774124145508	16.666666666666668	17.0	-1.0	-1.0	inf	18.95110321044922	10.695927619934082	-1.0	-1.0	inf
13	0	2	3	12.333333333333334	13.333333333333334	5.803837299346924	17.622774124145508	inf	inf	19.666666666666668	14.0	inf	inf	inf	6.0192766189575195	38.3542366027832	inf
14	0	2	4	12.333333333333334	13.333333333333334	5.803837299346924	17.622774124145508	inf	inf	11.333333333333334	inf	12.333333333333334	inf	inf	14.534619331359863	inf	9.024127960205078
15	0	3	0	14.666666666666666	11.333333333333334	6.056247234344482	14.534619331359863	18.0	16.0	16.666666666666668	16.333333333333332	16.333333333333332	14.963595390319824	24.9444522857666	17.63237953186035	15.563508987426758	9.474349021911621
16	0	3	1	14.666666666666666	11.333333333333334	6.056247234344482	14.534619331359863	19.666666666666668	16.666666666666668	-1.0	-1.0	-1.0	6.0192766189575195	18.394760131835938	-1.0	-1.0	-1.0
17	0	3	2	14.666666666666666	11.333333333333334	6.056247234344482	14.534619331359863	-1.0	inf	-1.0	-1.0	inf	-1.0	inf	-1.0	-1.0	inf
18	0	3	3	14.666666666666666	11.333333333333334	6.056247234344482	14.534619331359863	15.666666666666666	-1.0	-1.0	-1.0	-1.0	9.096184730529785	-1.0	-1.0	-1.0	-1.0
19	0	3	4	14.666666666666666	11.333333333333334	6.056247234344482	14.534619331359863	inf	inf	inf	inf	inf	inf	inf	inf	inf	inf
20	0	4	0	14.666666666666666	12.333333333333334	6.056247234344482	9.024127960205078	inf	inf	19.666666666666668	inf	inf	inf	inf	6.0192766189575195	inf	inf
21	0	4	1	14.666666666666666	12.333333333333334	6.056247234344482	9.024127960205078	18.666666666666668	19.666666666666668	-1.0	-1.0	inf	17.840328216552734	6.973814487457275	-1.0	-1.0	inf
22	0	4	2	14.666666666666666	12.333333333333334	6.056247234344482	9.024127960205078	18.666666666666668	inf	19.333333333333332	-1.0	-1.0	5.70853853225708	inf	8.096924781799316	-1.0	-1.0
23	0	4	3	14.666666666666666	12.333333333333334	6.056247234344482	9.024127960205078	7.333333333333333	-1.0	inf	18.333333333333332	-1.0	37.2138557434082	-1.0	inf	4.2672343254089355	-1.0
24	0	4	4	14.666666666666666	12.333333333333334	6.056247234344482	9.024127960205078	inf	14.0	16.666666666666668	inf	inf	inf	38.3542366027832	18.901952743530273	inf	inf
25	0	5	0	12.333333333333334	12.333333333333334	9.024127960205078	5.803837299346924	inf	inf	inf	inf	-1.0	inf	inf	inf	inf	-1.0
26	0	5	1	12.333333333333334	12.333333333333334	9.024127960205078	5.803837299346924	-1.0	inf	-1.0	17.666666666666668	-1.0	-1.0	inf	-1.0	10.60024642944336	-1.0
27	0	5	2	12.333333333333334	12.333333333333334	9.024127960205078	5.803837299346924	38.333333333333336	38.666666666666664	inf	38.333333333333336	-1.0	34.23625183105469	38.251129150390625	inf	37.45016860961914	-1.0
28	0	5	3	12.333333333333334	12.333333333333334	9.024127960205078	5.803837299346924	16.0	13.666666666666666	14.333333333333334	16.666666666666668	17.333333333333332	14.767266273498535	7.035805702209473	23.074495315551758	17.63237953186035	15.149174690246582
29	0	5	4	12.333333333333334	12.333333333333334	9.024127960205078	5.803837299346924	inf	inf	inf	inf	inf	inf	inf	inf	inf	inf
30	0	6	0	12.333333333333334	13.333333333333334	9.024127960205078	17.622774124145508	inf	12.666666666666666	inf	inf	inf	inf	12.32935905456543	inf	inf	inf
31	0	6	1	12.333333333333334	13.333333333333334	9.024127960205078	17.622774124145508	inf	inf	inf	14.333333333333334	-1.0	inf	inf	inf	9.641716003417969	-1.0
32	0	6	2	12.333333333333334	13.333333333333334	9.024127960205078	17.622774124145508	inf	inf	18.0	38.666666666666664	inf	inf	inf	39.05614471435547	29.04652976989746	inf
33	0	6	3	12.333333333333334	13.333333333333334	9.024127960205078	17.622774124145508	-1.0	-1.0	19.666666666666668	-1.0	-1.0	-1.0	-1.0	8.13306999206543	-1.0	-1.0
34	0	6	4	12.333333333333334	13.333333333333334	9.024127960205078	17.622774124145508	inf	inf	inf	inf	inf	inf	inf	inf	inf	inf
35	0	7	0	11.333333333333334	12.333333333333334	14.534619331359863	5.803837299346924	inf	-1.0	inf	-1.0	inf	inf	-1.0	inf	-1.0	inf
36	0	7	1	11.333333333333334	12.333333333333334	14.534619331359863	5.803837299346924	inf	16.0	-1.0	-1.0	-1.0	inf	16.381317138671875	-1.0	-1.0	-1.0
37	0	7	2	11.333333333333334	12.333333333333334	14.534619331359863	5.803837299346924	inf	15.0	18.333333333333332	15.666666666666666	14.0	inf	22.35182762145996	13.884765625	23.80197525024414	38.3542366027832
38	0	7	3	11.333333333333334	12.333333333333334	14.534619331359863	5.803837299346924	18.0	17.333333333333332	18.0	14.0	-1.0	5.537043571472168	11.6891450881958	9.086116790771484	20.844846725463867	-1.0
39	0	7	4	11.333333333333334	12.333333333333334	14.534619331359863	5.803837299346924	18.333333333333332	7.333333333333333	inf	-1.0	14.666666666666666	4.2672343254089355	37.2138557434082	inf	-1.0	7.801108360290527
40	0	8	0	11.333333333333334	7.333333333333333	14.534619331359863	37.2138557434082	inf	inf	inf	inf	17.666666666666668	inf	inf	inf	inf	16.002038955688477
41	0	8	1	11.333333333333334	7.333333333333333	14.534619331359863	37.2138557434082	inf	inf	inf	-1.0	-1.0	inf	inf	inf	-1.0	-1.0
42	0	8	2	11.333333333333334	7.333333333333333	14.534619331359863	37.2138557434082	-1.0	12.333333333333334	-1.0	15.333333333333334	-1.0	-1.0	5.923147678375244	-1.0	25.45783233642578	-1.0
43	0	8	3	11.333333333333334	7.333333333333333	14.534619331359863	37.2138557434082	8.333333333333334	9.0	10.666666666666666	9.0	-1.0	7.903161525726318	15.777161598205566	12.367388725280762	12.749578475952148	-1.0
44	0	8	4	11.333333333333334	7.333333333333333	14.534619331359863	37.2138557434082	-1.0	-1.0	-1.0	-1.0	-1.0	-1.0	-1.0	-1.0	-1.0	-1.0
45	0	9	0	7.333333333333333	12.333333333333334	37.2138557434082	9.024127960205078	15.333333333333334	14.333333333333334	-1.0	-1.0	-1.0	7.52480936050415	23.074495315551758	-1.0	-1.0	-1.0
46	0	9	1	7.333333333333333	12.333333333333334	37.2138557434082	9.024127960205078	-1.0	-1.0	-1.0	-1.0	-1.0	-1.0	-1.0	-1.0	-1.0	-1.0
47	0	9	2	7.333333333333333	12.333333333333334	37.2138557434082	9.024127960205078	17.333333333333332	17.333333333333332	inf	17.0	inf	12.568843841552734	15.489897727966309	inf	11.139076232910156	inf
48	0	9	3	7.333333333333333	12.333333333333334	37.2138557434082	9.024127960205078	inf	inf	8.666666666666666	-1.0	-1.0	inf	inf	5.202962875366211	-1.0	-1.0
49	0	9	4	7.333333333333333	12.333333333333334	37.2138557434082	9.024127960205078	inf	inf	-1.0	16.666666666666668	inf	inf	inf	-1.0	5.909381866455078	inf
50	1	0	0	8.333333333333334	8.666666666666666	7.903161525726318	5.202962875366211	14.0	12.333333333333334	inf	19.666666666666668	inf	38.3542366027832	5.803837299346924	inf	6.0192766189575195	inf
51	1	0	1	8.333333333333334	8.666666666666666	7.903161525726318	5.202962875366211	16.0	14.0	-1.0	15.333333333333334	-1.0	11.640474319458008	38.3542366027832	-1.0	18.494152069091797	-1.0
52	1	0	2	8.333333333333334	8.666666666666666	7.903161525726318	5.202962875366211	19.666666666666668	14.333333333333334	14.0	14.0	-1.0	6.0192766189575195	36.78955078125	38.3542366027832	32.87133026123047	-1.0
53	1	0	3	8.333333333333334	8.666666666666666	7.903161525726318	5.202962875366211	inf	inf	inf	inf	inf	inf	inf	inf	inf	inf
54	1	0	4	8.333333333333334	8.666666666666666	7.903161525726318	5.202962875366211	19.666666666666668	-1.0	14.0	-1.0	14.666666666666666	6.0192766189575195	-1.0	8.345564842224121	-1.0	29.86060905456543
55	1	1	0	8.333333333333334	8.666666666666666	7.903161525726318	5.202962875366211	-1.0	16.333333333333332	-1.0	-1.0	-1.0	-1.0	38.585304260253906	-1.0	-1.0	-1.0
56	1	1	1	8.333333333333334	8.666666666666666	7.903161525726318	5.202962875366211	inf	11.333333333333334	inf	-1.0	11.0	inf	5.2278151512146	inf	-1.0	7.401035308837891
57	1	1	2	8.333333333333334	8.666666666666666	7.903161525726318	5.202962875366211	7.666666666666667	12.333333333333334	-1.0	-1.0	inf	16.42361068725586	20.02422523498535	-1.0	-1.0	inf
58	1	1	3	8.333333333333334	8.666666666666666	7.903161525726318	5.202962875366211	-1.0	inf	inf	inf	inf	-1.0	inf	inf	inf	inf
59	1	1	4	8.333333333333334	8.666666666666666	7.903161525726318	5.202962875366211	13.333333333333334	13.666666666666666	inf	18.0	17.0	13.213521957397461	12.379075050354004	inf	35.7225227355957	16.637693405151367
60	1	2	0	8.333333333333334	8.666666666666666	7.903161525726318	5.202962875366211	-1.0	-1.0	-1.0	17.333333333333332	-1.0	-1.0	-1.0	-1.0	15.149174690246582	-1.0
61	1	2	1	8.333333333333334	8.666666666666666	7.903161525726318	5.202962875366211	inf	inf	inf	inf	inf	inf	inf	inf	inf	inf
62	1	2	2	8.333333333333334	8.666666666666666	7.903161525726318	5.202962875366211	inf	-1.0	12.666666666666666	-1.0	inf	inf	-1.0	14.895895957946777	-1.0	inf
63	1	2	3	8.333333333333334	8.666666666666666	7.903161525726318	5.202962875366211	inf	inf	19.666666666666668	inf	14.0	inf	inf	6.0192766189575195	inf	11.04000473022461
64	1	2	4	8.333333333333334	8.666666666666666	7.903161525726318	5.202962875366211	inf	-1.0	17.0	19.0	12.666666666666666	inf	-1.0	9.6400785446167	6.111347675323486	10.204157829284668
65	1	3	0	8.666666666666666	8.333333333333334	5.202962875366211	7.903161525726318	-1.0	8.666666666666666	-1.0	-1.0	-1.0	-1.0	5.202962875366211	-1.0	-1.0	-1.0
66	1	3	1	8.666666666666666	8.333333333333334	5.202962875366211	7.903161525726318	8.666666666666666	inf	inf	inf	inf	8.492754936218262	inf	inf	inf	inf
67	1	3	2	8.666666666666666	8.333333333333334	5.202962875366211	7.903161525726318	inf	-1.0	inf	inf	inf	inf	-1.0	inf	inf	inf
68	1	3	3	8.666666666666666	8.333333333333334	5.202962875366211	7.903161525726318	11.666666666666666	-1.0	-1.0	-1.0	-1.0	8.235148429870605	-1.0	-1.0	-1.0	-1.0
69	1	3	4	8.666666666666666	8.333333333333334	5.202962875366211	7.903161525726318	inf	14.0	-1.0	inf	15.666666666666666	inf	38.3542366027832	-1.0	inf	24.478227615356445
70	1	4	0	8.333333333333334	8.666666666666666	7.903161525726318	5.202962875366211	-1.0	-1.0	-1.0	18.333333333333332	-1.0	-1.0	-1.0	-1.0	4.2672343254089355	-1.0
71	1	4	1	8.333333333333334	8.666666666666666	7.903161525726318	5.202962875366211	inf	inf	inf	inf	inf	inf	inf	inf	inf	inf
72	1	4	2	8.333333333333334	8.666666666666666	7.903161525726318	5.202962875366211	inf	inf	inf	inf	inf	inf	inf	inf	inf	inf
73	1	4	3	8.333333333333334	8.666666666666666	7.903161525726318	5.202962875366211	14.666666666666666	7.333333333333333	7.333333333333333	-1.0	-1.0	4.461353302001953	9.54871940612793	22.998371124267578	-1.0	-1.0
74	1	4	4	8.333333333333334	8.666666666666666	7.903161525726318	5.202962875366211	18.0	inf	14.0	11.0	12.333333333333334	7.069820880889893	inf	21.995304107666016	23.684175491333008	8.150578498840332
75	1	5	0	8.333333333333334	8.666666666666666	7.903161525726318	5.202962875366211	18.0	-1.0	-1.0	-1.0	-1.0	39.05614471435547	-1.0	-1.0	-1.0	-1.0
76	1	5	1	8.333333333333334	8.666666666666666	7.903161525726318	5.202962875366211	inf	inf	inf	inf	inf	inf	inf	inf	inf	inf
77	1	5	2	8.333333333333334	8.666666666666666	7.903161525726318	5.202962875366211	inf	inf	inf	inf	inf	inf	inf	inf	inf	inf
78	1	5	3	8.333333333333334	8.666666666666666	7.903161525726318	5.202962875366211	12.333333333333334	9.0	11.0	-1.0	-1.0	10.865402221679688	8.059836387634277	6.192000865936279	-1.0	-1.0
79	1	5	4	8.333333333333334	8.666666666666666	7.903161525726318	5.202962875366211	inf	8.666666666666666	12.0	inf	7.333333333333333	inf	5.443309783935547	21.19249153137207	inf	37.2138557434082
80	1	6	0	8.666666666666666	7.333333333333333	5.202962875366211	37.2138557434082	-1.0	-1.0	-1.0	-1.0	-1.0	-1.0	-1.0	-1.0	-1.0	-1.0
81	1	6	1	8.666666666666666	7.333333333333333	5.202962875366211	37.2138557434082	inf	inf	inf	inf	inf	inf	inf	inf	inf	inf
82	1	6	2	8.666666666666666	7.333333333333333	5.202962875366211	37.2138557434082	inf	17.333333333333332	inf	17.333333333333332	-1.0	inf	18.821067810058594	inf	18.007862091064453	-1.0
83	1	6	3	8.666666666666666	7.333333333333333	5.202962875366211	37.2138557434082	-1.0	-1.0	16.666666666666668	19.333333333333332	inf	-1.0	-1.0	9.461915969848633	6.438100337982178	inf
84	1	6	4	8.666666666666666	7.333333333333333	5.202962875366211	37.2138557434082	inf	14.0	-1.0	9.0	-1.0	inf	23.105886459350586	-1.0	6.427667140960693	-1.0
85	1	7	0	8.666666666666666	7.333333333333333	5.202962875366211	37.2138557434082	-1.0	-1.0	-1.0	-1.0	-1.0	-1.0	-1.0	-1.0	-1.0	-1.0
86	1	7	1	8.666666666666666	7.333333333333333	5.202962875366211	37.2138557434082	inf	inf	inf	inf	inf	inf	inf	inf	inf	inf
87	1	7	2	8.666666666666666	7.333333333333333	5.202962875366211	37.2138557434082	-1.0	-1.0	-1.0	-1.0	-1.0	-1.0	-1.0	-1.0	-1.0	-1.0
88	1	7	3	8.666666666666666	7.333333333333333	5.202962875366211	37.2138557434082	14.666666666666666	-1.0	-1.0	11.0	-1.0	9.14234733581543	-1.0	-1.0	18.118188858032227	-1.0
89	1	7	4	8.666666666666666	7.333333333333333	5.202962875366211	37.2138557434082	inf	inf	inf	17.333333333333332	inf	inf	inf	inf	14.09400749206543	inf
90	1	8	0	7.333333333333333	8.666666666666666	37.2138557434082	5.202962875366211	-1.0	-1.0	-1.0	-1.0	-1.0	-1.0	-1.0	-1.0	-1.0	-1.0
91	1	8	1	7.333333333333333	8.666666666666666	37.2138557434082	5.202962875366211	inf	inf	inf	inf	inf	inf	inf	inf	inf	inf
92	1	8	2	7.333333333333333	8.666666666666666	37.2138557434082	5.202962875366211	12.666666666666666	14.333333333333334	8.666666666666666	10.333333333333334	9.333333333333334	8.160086631774902	10.954874038696289	6.474362850189209	15.203493118286133	6.003971576690674
93	1	8	3	7.333333333333333	8.666666666666666	37.2138557434082	5.202962875366211	19.333333333333332	-1.0	-1.0	-1.0	-1.0	8.989952087402344	-1.0	-1.0	-1.0	-1.0
94	1	8	4	7.333333333333333	8.666666666666666	37.2138557434082	5.202962875366211	inf	-1.0	-1.0	inf	inf	inf	-1.0	-1.0	inf	inf
95	1	9	0	8.333333333333334	11.0	7.903161525726318	23.684175491333008	-1.0	-1.0	-1.0	-1.0	-1.0	-1.0	-1.0	-1.0	-1.0	-1.0
96	1	9	1	8.333333333333334	11.0	7.903161525726318	23.684175491333008	-1.0	inf	-1.0	inf	inf	-1.0	inf	-1.0	inf	inf
97	1	9	2	8.333333333333334	11.0	7.903161525726318	23.684175491333008	-1.0	16.333333333333332	15.666666666666666	-1.0	-1.0	-1.0	23.174489974975586	24.478227615356445	-1.0	-1.0
98	1	9	3	8.333333333333334	11.0	7.903161525726318	23.684175491333008	-1.0	17.0	-1.0	-1.0	-1.0	-1.0	7.872819900512695	-1.0	-1.0	-1.0
99	1	9	4	8.333333333333334	11.0	7.903161525726318	23.684175491333008	18.0	-1.0	18.666666666666668	-1.0	inf	9.086116790771484	-1.0	7.452807426452637	-1.0	inf
100	2	0	0	7.333333333333333	7.333333333333333	37.2138557434082	37.2138557434082	inf	12.666666666666666	-1.0	10.333333333333334	inf	inf	13.470948219299316	-1.0	7.9073262214660645	inf
101	2	0	1	7.333333333333333	7.333333333333333	37.2138557434082	37.2138557434082	11.666666666666666	11.666666666666666	10.666666666666666	12.0	11.333333333333334	13.690756797790527	10.220745086669922	11.738337516784668	9.053028106689453	8.758439064025879
102	2	0	2	7.333333333333333	7.333333333333333	37.2138557434082	37.2138557434082	19.666666666666668	15.333333333333334	-1.0	14.666666666666666	-1.0	69.23600769042969	44.94745635986328	-1.0	22.78489112854004	-1.0
103	2	0	3	7.333333333333333	7.333333333333333	37.2138557434082	37.2138557434082	10.333333333333334	15.0	inf	-1.0	18.0	8.05081844329834	17.233701705932617	inf	-1.0	37.402034759521484
104	2	0	4	7.333333333333333	7.333333333333333	37.2138557434082	37.2138557434082	16.666666666666668	-1.0	-1.0	-1.0	34.333333333333336	33.80683517456055	-1.0	-1.0	-1.0	35.43661117553711
105	2	1	0	7.333333333333333	7.333333333333333	37.2138557434082	37.2138557434082	11.333333333333334	9.666666666666666				9.511273384094238	11.97128963470459			
106	2	1	1	7.333333333333333	7.333333333333333	37.2138557434082	37.2138557434082	10.0	16.0	18.0	11.666666666666666	-1.0	9.809277534484863	12.684287071228027	37.630157470703125	15.921590805053711	-1.0
107	2	1	2	7.333333333333333	7.333333333333333	37.2138557434082	37.2138557434082	-1.0	11.666666666666666	18.0	-1.0	-1.0	-1.0	9.771015167236328	37.630157470703125	-1.0	-1.0
108	2	1	3	7.333333333333333	7.333333333333333	37.2138557434082	37.2138557434082	11.333333333333334	8.333333333333334	15.333333333333334	inf	14.333333333333334	11.706319808959961	9.762006759643555	8.302326202392578	inf	8.242254257202148
109	2	1	4	7.333333333333333	7.333333333333333	37.2138557434082	37.2138557434082	inf	inf	-1.0	inf	19.666666666666668	inf	inf	-1.0	inf	69.457763671875
110	2	2	0	7.333333333333333	7.333333333333333	37.2138557434082	37.2138557434082	10.0	12.0	10.333333333333334	12.333333333333334	12.0	5.789308071136475	6.2774271965026855	6.242738723754883	9.956982612609863	12.757644653320312
111	2	2	1	7.333333333333333	7.333333333333333	37.2138557434082	37.2138557434082	11.333333333333334	-1.0	-1.0	-1.0	-1.0	21.4096736907959	-1.0	-1.0	-1.0	-1.0
112	2	2	2	7.333333333333333	7.333333333333333	37.2138557434082	37.2138557434082	inf	9.333333333333334	9.333333333333334	9.333333333333334	9.333333333333334	inf	25.001049041748047	24.470932006835938	24.97471809387207	24.55963134765625
113	2	2	3	7.333333333333333	7.333333333333333	37.2138557434082	37.2138557434082	inf	10.0	-1.0	7.666666666666667	-1.0	inf	11.26381778717041	-1.0	22.92363739013672	-1.0
114	2	2	4	7.333333333333333	7.333333333333333	37.2138557434082	37.2138557434082	-1.0	inf	14.666666666666666	13.666666666666666	11.0	-1.0	inf	37.91893768310547	10.878480911254883	12.90973949432373
115	2	3	0	7.333333333333333	11.0	37.2138557434082	12.90973949432373	8.666666666666666	8.666666666666666	9.333333333333334	-1.0	7.666666666666667	13.763047218322754	16.17827033996582	7.77347469329834	-1.0	17.68056869506836
116	2	3	1	7.333333333333333	11.0	37.2138557434082	12.90973949432373	7.0	-1.0	8.666666666666666	-1.0	-1.0	7.1465044021606445	-1.0	7.878532886505127	-1.0	-1.0
117	2	3	2	7.333333333333333	11.0	37.2138557434082	12.90973949432373	9.333333333333334	-1.0	9.0	-1.0	-1.0	10.256271362304688	-1.0	9.90092658996582	-1.0	-1.0
118	2	3	3	7.333333333333333	11.0	37.2138557434082	12.90973949432373	7.666666666666667	8.333333333333334	8.333333333333334	7.666666666666667	8.666666666666666	7.918658256530762	18.253679275512695	18.629623413085938	12.043453216552734	11.330185890197754
119	2	3	4	7.333333333333333	11.0	37.2138557434082	12.90973949432373	-1.0	-1.0	-1.0	-1.0	-1.0	-1.0	-1.0	-1.0	-1.0	-1.0
120	2	4	0	7.333333333333333	7.333333333333333	37.2138557434082	37.2138557434082	8.333333333333334	8.0	12.0	-1.0	14.0	5.912593841552734	6.012776851654053	7.667323112487793	-1.0	8.150548934936523
121	2	4	1	7.333333333333333	7.333333333333333	37.2138557434082	37.2138557434082	7.666666666666667	6.666666666666667	7.333333333333333	-1.0	-1.0	4.70688533782959	7.042115211486816	5.4349164962768555	-1.0	-1.0
122	2	4	2	7.333333333333333	7.333333333333333	37.2138557434082	37.2138557434082	8.333333333333334	-1.0	-1.0	inf	7.0	8.382128715515137	-1.0	-1.0	inf	8.974206924438477
123	2	4	3	7.333333333333333	7.333333333333333	37.2138557434082	37.2138557434082	10.0	11.666666666666666	-1.0	10.0	-1.0	5.4500017166137695	8.534733772277832	-1.0	5.266134262084961	-1.0
124	2	4	4	7.333333333333333	7.333333333333333	37.2138557434082	37.2138557434082	-1.0	inf	-1.0	inf	inf	-1.0	inf	-1.0	inf	inf
125	2	5	0	7.333333333333333	7.333333333333333	37.2138557434082	37.2138557434082	7.333333333333333	7.666666666666667	-1.0	9.0	10.0	5.4853901863098145	6.159722328186035	-1.0	10.508044242858887	6.249695301055908
126	2	5	1	7.333333333333333	7.333333333333333	37.2138557434082	37.2138557434082	-1.0	-1.0	-1.0	-1.0	10.0	-1.0	-1.0	-1.0	-1.0	8.72585678100586
127	2	5	2	7.333333333333333	7.333333333333333	37.2138557434082	37.2138557434082	8.0	9.0	inf	9.333333333333334	9.0	9.486187934875488	9.822273254394531	inf	6.627453804016113	7.317470550537109
128	2	5	3	7.333333333333333	7.333333333333333	37.2138557434082	37.2138557434082	inf	inf	11.333333333333334	inf	11.333333333333334	inf	inf	21.4096736907959	inf	10.293841361999512
129	2	5	4	7.333333333333333	7.333333333333333	37.2138557434082	37.2138557434082	-1.0	inf	-1.0	-1.0	inf	-1.0	inf	-1.0	-1.0	inf
130	2	6	0	7.333333333333333	7.333333333333333	37.2138557434082	37.2138557434082	10.666666666666666	-1.0	10.0	-1.0	14.666666666666666	7.035959243774414	-1.0	10.399219512939453	-1.0	8.2907075881958
131	2	6	1	7.333333333333333	7.333333333333333	37.2138557434082	37.2138557434082	inf	8.666666666666666	9.0	-1.0	-1.0	inf	16.04901123046875	11.51837158203125	-1.0	-1.0
132	2	6	2	7.333333333333333	7.333333333333333	37.2138557434082	37.2138557434082	9.666666666666666	-1.0	14.0	inf	11.333333333333334	16.910564422607422	-1.0	33.44040298461914	inf	16.586483001708984
133	2	6	3	7.333333333333333	7.333333333333333	37.2138557434082	37.2138557434082	9.0	7.333333333333333	11.333333333333334	inf	12.666666666666666	9.246017456054688	36.73253631591797	9.344517707824707	inf	8.83614444732666
134	2	6	4	7.333333333333333	7.333333333333333	37.2138557434082	37.2138557434082	17.0	inf	16.666666666666668	inf	inf	38.40191650390625	inf	33.76070785522461	inf	inf
135	2	7	0	7.333333333333333	7.333333333333333	37.2138557434082	37.2138557434082	7.333333333333333	10.333333333333334	13.333333333333334	7.0	8.333333333333334	9.82807445526123	10.611205101013184	31.583463668823242	7.482609748840332	7.515344619750977
136	2	7	1	7.333333333333333	7.333333333333333	37.2138557434082	37.2138557434082	4.666666666666667	8.0	-1.0	6.0	5.0	4.068514823913574	13.696755409240723	-1.0	8.425002098083496	4.00896692276001
137	2	7	2	7.333333333333333	7.333333333333333	37.2138557434082	37.2138557434082	9.666666666666666	inf	8.666666666666666	inf	inf	9.301274299621582	inf	10.598943710327148	inf	inf
138	2	7	3	7.333333333333333	7.333333333333333	37.2138557434082	37.2138557434082	10.0	-1.0	9.0	-1.0	9.333333333333334	9.112278938293457	-1.0	5.170708179473877	-1.0	9.126232147216797
139	2	7	4	7.333333333333333	7.333333333333333	37.2138557434082	37.2138557434082	-1.0	-1.0	inf	19.666666666666668	-1.0	-1.0	-1.0	inf	69.23600769042969	-1.0
140	2	8	0	7.333333333333333	7.333333333333333	37.2138557434082	37.2138557434082	8.0	10.666666666666666	8.0	8.666666666666666	11.333333333333334	7.697713375091553	8.163559913635254	6.645669460296631	6.091653823852539	6.894425392150879
141	2	8	1	7.333333333333333	7.333333333333333	37.2138557434082	37.2138557434082	4.666666666666667	5.0	-1.0	-1.0	-1.0	4.760196685791016	4.779503345489502	-1.0	-1.0	-1.0
142	2	8	2	7.333333333333333	7.333333333333333	37.2138557434082	37.2138557434082	inf	14.0	inf	inf	11.333333333333334	inf	10.17143440246582	inf	inf	9.626556396484375
143	2	8	3	7.333333333333333	7.333333333333333	37.2138557434082	37.2138557434082	12.0	9.666666666666666	10.0	inf	12.666666666666666	13.057232856750488	8.68547534942627	8.695235252380371	inf	14.09093189239502
144	2	8	4	7.333333333333333	7.333333333333333	37.2138557434082	37.2138557434082	inf	-1.0	-1.0	inf	-1.0	inf	-1.0	-1.0	inf	-1.0
145	2	9	0	7.333333333333333	7.333333333333333	37.2138557434082	37.2138557434082	9.666666666666666	8.666666666666666	8.333333333333334	inf	9.666666666666666	7.328874588012695	7.855246543884277	5.114797115325928	inf	7.639185428619385
146	2	9	1	7.333333333333333	7.333333333333333	37.2138557434082	37.2138557434082	-1.0	-1.0	-1.0	7.333333333333333	-1.0	-1.0	-1.0	-1.0	5.424106121063232	-1.0
147	2	9	2	7.333333333333333	7.333333333333333	37.2138557434082	37.2138557434082	11.333333333333334	-1.0	-1.0	inf	inf	9.798714637756348	-1.0	-1.0	inf	inf
148	2	9	3	7.333333333333333	7.333333333333333	37.2138557434082	37.2138557434082	-1.0	9.666666666666666	9.0	-1.0	-1.0	-1.0	9.828234672546387	10.344517707824707	-1.0	-1.0
149	2	9	4	7.333333333333333	7.333333333333333	37.2138557434082	37.2138557434082	16.0	-1.0	16.666666666666668	-1.0	19.666666666666668	12.130399703979492	-1.0	10.270524024963379	-1.0	37.21413040161133
