	reset_island_iter	improve_iter	island	program_1_hamming_score	program_2_hamming_score	program_1_neural_score	program_2_neural_score	output_program_1_hamming_score	output_program_2_hamming_score	output_program_3_hamming_score	output_program_4_hamming_score	output_program_5_hamming_score	output_program_1_neural_score	output_program_2_neural_score	output_program_3_neural_score	output_program_4_neural_score	output_program_5_neural_score
0	0	0	0	0.3372916666666666	0.3372916666666666	50.458518981933594	50.458518981933594	0.366875	0.36895833333333333	0.3125	-1.0	-1.0	12.380335807800293	5.580656051635742	15.840499877929688	-1.0	-1.0
1	0	0	1	0.3372916666666666	0.3372916666666666	50.458518981933594	50.458518981933594	inf	inf				inf	inf			
2	0	0	2	0.3372916666666666	0.3372916666666666	50.458518981933594	50.458518981933594	0.3725	0.36104166666666665	-1.0	-1.0	-1.0	30.06255340576172	27.34183692932129	-1.0	-1.0	-1.0
3	0	0	3	0.3372916666666666	0.3372916666666666	50.458518981933594	50.458518981933594	inf	-1.0	0.254375	-1.0	-1.0	inf	-1.0	15.767889976501465	-1.0	-1.0
4	0	0	4	0.3372916666666666	0.3372916666666666	50.458518981933594	50.458518981933594	inf	0.254375	inf	-1.0	-1.0	inf	15.767889976501465	inf	-1.0	-1.0
5	0	1	0	0.3372916666666666	0.254375	50.458518981933594	15.767889976501465	-1.0	-1.0	0.4222916666666667	0.5408333333333334	-1.0	-1.0	-1.0	8.121286392211914	10.313644409179688	-1.0
6	0	1	1	0.3372916666666666	0.254375	50.458518981933594	15.767889976501465	0.3372916666666666	0.4575	inf	0.5541666666666667	-1.0	29.574934005737305	7.526230812072754	inf	15.06443977355957	-1.0
7	0	1	2	0.3372916666666666	0.254375	50.458518981933594	15.767889976501465	0.34437500000000004	0.3910416666666667	0.3329166666666667	0.3485416666666667	0.41687500000000005	10.932723045349121	30.11121368408203	22.040996551513672	19.843624114990234	12.845622062683105
8	0	1	3	0.3372916666666666	0.254375	50.458518981933594	15.767889976501465	inf	inf	-1.0	-1.0	-1.0	inf	inf	-1.0	-1.0	-1.0
9	0	1	4	0.3372916666666666	0.254375	50.458518981933594	15.767889976501465	0.3372916666666666	-1.0	0.320625	0.41479166666666667	-1.0	29.574934005737305	-1.0	18.367826461791992	30.534385681152344	-1.0
10	0	2	0	0.3372916666666666	0.3372916666666666	50.458518981933594	50.458518981933594	0.35479166666666667	0.4402083333333333	0.49500000000000005	-1.0	-1.0	11.030742645263672	18.064502716064453	16.692766189575195	-1.0	-1.0
11	0	2	1	0.3372916666666666	0.3372916666666666	50.458518981933594	50.458518981933594	0.44645833333333335	-1.0	-1.0	-1.0	-1.0	9.292389869689941	-1.0	-1.0	-1.0	-1.0
12	0	2	2	0.3372916666666666	0.3372916666666666	50.458518981933594	50.458518981933594	-1.0	-1.0	0.24020833333333336	inf	-1.0	-1.0	-1.0	8.27515983581543	inf	-1.0
13	0	2	3	0.3372916666666666	0.3372916666666666	50.458518981933594	50.458518981933594	0.17666666666666667	inf	inf	0.4327083333333334	-1.0	8.379365921020508	inf	inf	10.092669486999512	-1.0
14	0	2	4	0.3372916666666666	0.3372916666666666	50.458518981933594	50.458518981933594	inf	0.17666666666666667	-1.0	inf	-1.0	inf	8.379365921020508	-1.0	inf	-1.0
15	0	3	0	0.17666666666666667	0.254375	8.379365921020508	15.767889976501465	-1.0	0.614375	-1.0	0.3372916666666666	0.6627083333333333	-1.0	26.396419525146484	-1.0	29.574934005737305	45.65687561035156
16	0	3	1	0.17666666666666667	0.254375	8.379365921020508	15.767889976501465	0.254375	0.43166666666666664	-1.0	0.5852083333333333	-1.0	15.767889976501465	10.31382942199707	-1.0	28.788082122802734	-1.0
17	0	3	2	0.17666666666666667	0.254375	8.379365921020508	15.767889976501465	0.6627083333333333	-1.0	-1.0	-1.0	0.6389583333333334	45.65687561035156	-1.0	-1.0	-1.0	38.644351959228516
18	0	3	3	0.17666666666666667	0.254375	8.379365921020508	15.767889976501465	-1.0	-1.0	-1.0	-1.0	inf	-1.0	-1.0	-1.0	-1.0	inf
19	0	3	4	0.17666666666666667	0.254375	8.379365921020508	15.767889976501465	0.284375	inf	inf	-1.0	-1.0	9.016298294067383	inf	inf	-1.0	-1.0
20	0	4	0	0.3372916666666666	0.3372916666666666	50.458518981933594	29.574934005737305	0.45	0.41479166666666667	-1.0	-1.0	-1.0	12.050010681152344	45.95976638793945	-1.0	-1.0	-1.0
21	0	4	1	0.3372916666666666	0.3372916666666666	50.458518981933594	29.574934005737305	inf	inf	inf	inf	-1.0	inf	inf	inf	inf	-1.0
22	0	4	2	0.3372916666666666	0.3372916666666666	50.458518981933594	29.574934005737305	0.470625	-1.0	inf	-1.0	inf	13.426194190979004	-1.0	inf	-1.0	inf
23	0	4	3	0.3372916666666666	0.3372916666666666	50.458518981933594	29.574934005737305	-1.0	0.25958333333333333	-1.0	-1.0	-1.0	-1.0	11.028936386108398	-1.0	-1.0	-1.0
24	0	4	4	0.3372916666666666	0.3372916666666666	50.458518981933594	29.574934005737305	-1.0	-1.0	-1.0	inf	-1.0	-1.0	-1.0	-1.0	inf	-1.0
25	0	5	0	0.254375	0.3372916666666666	15.767889976501465	50.458518981933594	0.4245833333333333	0.45479166666666665	-1.0	0.4297916666666666	-1.0	12.490649223327637	6.223214626312256	-1.0	12.18594741821289	-1.0
26	0	5	1	0.254375	0.3372916666666666	15.767889976501465	50.458518981933594	inf	0.4245833333333333	-1.0	-1.0	inf	inf	12.490649223327637	-1.0	-1.0	inf
27	0	5	2	0.254375	0.3372916666666666	15.767889976501465	50.458518981933594	inf	-1.0	-1.0	inf	0.41479166666666667	inf	-1.0	-1.0	inf	30.534385681152344
28	0	5	3	0.254375	0.3372916666666666	15.767889976501465	50.458518981933594	0.2825	0.6608333333333333	-1.0	-1.0	-1.0	6.520514488220215	40.846492767333984	-1.0	-1.0	-1.0
29	0	5	4	0.254375	0.3372916666666666	15.767889976501465	50.458518981933594	inf	inf	inf	inf	inf	inf	inf	inf	inf	inf
30	0	6	0	0.284375	0.17666666666666667	9.016298294067383	8.379365921020508	-1.0	0.5020833333333333	-1.0	0.41479166666666667	-1.0	-1.0	7.407455921173096	-1.0	30.534385681152344	-1.0
31	0	6	1	0.284375	0.17666666666666667	9.016298294067383	8.379365921020508	0.5020833333333333	0.5335416666666667	inf	inf	-1.0	7.407455921173096	8.805395126342773	inf	inf	-1.0
32	0	6	2	0.284375	0.17666666666666667	9.016298294067383	8.379365921020508	inf	inf	inf	0.36895833333333333	0.60875	inf	inf	inf	5.580656051635742	24.057252883911133
33	0	6	3	0.284375	0.17666666666666667	9.016298294067383	8.379365921020508	inf	-1.0	-1.0	inf	inf	inf	-1.0	-1.0	inf	inf
34	0	6	4	0.284375	0.17666666666666667	9.016298294067383	8.379365921020508	-1.0	-1.0	-1.0	-1.0	inf	-1.0	-1.0	-1.0	-1.0	inf
35	0	7	0	0.3372916666666666	0.320625	50.458518981933594	18.367826461791992	-1.0	-1.0	-1.0	-1.0	-1.0	-1.0	-1.0	-1.0	-1.0	-1.0
36	0	7	1	0.3372916666666666	0.320625	50.458518981933594	18.367826461791992	-1.0	-1.0	0.5247916666666667	-1.0	-1.0	-1.0	-1.0	11.308039665222168	-1.0	-1.0
37	0	7	2	0.3372916666666666	0.320625	50.458518981933594	18.367826461791992	inf	inf	inf	inf	inf	inf	inf	inf	inf	inf
38	0	7	3	0.3372916666666666	0.320625	50.458518981933594	18.367826461791992	inf	-1.0	inf	-1.0	0.7174999999999999	inf	-1.0	inf	-1.0	13.708659172058105
39	0	7	4	0.3372916666666666	0.320625	50.458518981933594	18.367826461791992	-1.0	-1.0	0.30104166666666665	inf	inf	-1.0	-1.0	7.526434898376465	inf	inf
40	0	8	0	0.320625	0.254375	18.367826461791992	15.767889976501465	0.39395833333333335	-1.0	0.38125000000000003	-1.0	-1.0	11.975471496582031	-1.0	6.995616436004639	-1.0	-1.0
41	0	8	1	0.320625	0.254375	18.367826461791992	15.767889976501465	inf	-1.0	0.41479166666666667	-1.0	-1.0	inf	-1.0	45.95976638793945	-1.0	-1.0
42	0	8	2	0.320625	0.254375	18.367826461791992	15.767889976501465	-1.0	-1.0	-1.0	-1.0	-1.0	-1.0	-1.0	-1.0	-1.0	-1.0
43	0	8	3	0.320625	0.254375	18.367826461791992	15.767889976501465	inf	inf	-1.0	0.5852083333333333	-1.0	inf	inf	-1.0	28.788082122802734	-1.0
44	0	8	4	0.320625	0.254375	18.367826461791992	15.767889976501465	inf	0.36895833333333333	-1.0	0.36104166666666665	inf	inf	5.580656051635742	-1.0	17.677322387695312	inf
45	0	9	0	0.3372916666666666	0.3372916666666666	50.458518981933594	29.574934005737305	-1.0	-1.0	-1.0	-1.0	inf	-1.0	-1.0	-1.0	-1.0	inf
46	0	9	1	0.3372916666666666	0.3372916666666666	50.458518981933594	29.574934005737305	inf	0.4760416666666667	-1.0	0.36895833333333333	inf	inf	12.66888427734375	-1.0	5.580656051635742	inf
47	0	9	2	0.3372916666666666	0.3372916666666666	50.458518981933594	29.574934005737305	0.3133333333333333	-1.0	0.44604166666666667	-1.0	0.4610416666666666	19.28744125366211	-1.0	40.131690979003906	-1.0	33.622108459472656
48	0	9	3	0.3372916666666666	0.3372916666666666	50.458518981933594	29.574934005737305	0.30104166666666665	-1.0	inf	-1.0	-1.0	7.526434898376465	-1.0	inf	-1.0	-1.0
49	0	9	4	0.3372916666666666	0.3372916666666666	50.458518981933594	29.574934005737305	inf	inf	inf	-1.0	inf	inf	inf	inf	-1.0	inf
50	1	0	0	0.284375	0.30104166666666665	9.016298294067383	7.526434898376465	0.41479166666666667	0.331875	0.3372916666666666	-1.0	-1.0	45.95976638793945	10.208593368530273	29.574934005737305	-1.0	-1.0
51	1	0	1	0.284375	0.30104166666666665	9.016298294067383	7.526434898376465	0.213125	-1.0	-1.0	-1.0	-1.0	6.077081680297852	-1.0	-1.0	-1.0	-1.0
52	1	0	2	0.284375	0.30104166666666665	9.016298294067383	7.526434898376465	0.3372916666666666	0.4760416666666667	-1.0	-1.0	-1.0	29.574934005737305	12.66888427734375	-1.0	-1.0	-1.0
53	1	0	3	0.284375	0.30104166666666665	9.016298294067383	7.526434898376465	0.38729166666666665	0.33395833333333336	inf	0.5535416666666667	inf	28.9276065826416	15.553511619567871	inf	6.49274206161499	inf
54	1	0	4	0.284375	0.30104166666666665	9.016298294067383	7.526434898376465	-1.0	-1.0	-1.0	-1.0	-1.0	-1.0	-1.0	-1.0	-1.0	-1.0
55	1	1	0	0.30104166666666665	0.284375	7.526434898376465	9.016298294067383	0.254375	-1.0	-1.0	inf	inf	15.767889976501465	-1.0	-1.0	inf	inf
56	1	1	1	0.30104166666666665	0.284375	7.526434898376465	9.016298294067383	0.2972916666666667	inf	-1.0	0.30250000000000005	-1.0	16.25902557373047	inf	-1.0	16.248077392578125	-1.0
57	1	1	2	0.30104166666666665	0.284375	7.526434898376465	9.016298294067383	0.6439583333333333	-1.0	-1.0	-1.0	-1.0	29.457298278808594	-1.0	-1.0	-1.0	-1.0
58	1	1	3	0.30104166666666665	0.284375	7.526434898376465	9.016298294067383	-1.0	0.36000000000000004	inf	0.4245833333333333	-1.0	-1.0	7.060298442840576	inf	12.490649223327637	-1.0
59	1	1	4	0.30104166666666665	0.284375	7.526434898376465	9.016298294067383	0.37833333333333335	-1.0	-1.0	-1.0	0.5125000000000001	12.489847183227539	-1.0	-1.0	-1.0	14.104491233825684
60	1	2	0	0.5125000000000001	0.37833333333333335	14.104491233825684	12.489847183227539	0.38375000000000004	-1.0	-1.0	0.2541666666666667	-1.0	10.715106964111328	-1.0	-1.0	9.878739356994629	-1.0
61	1	2	1	0.5125000000000001	0.37833333333333335	14.104491233825684	12.489847183227539	0.3372916666666666	0.0				29.574934005737305	0.0			
