	reset_island_iter	improve_iter	island	program_1_hamming_score	program_2_hamming_score	program_1_neural_score	program_2_neural_score	output_program_1_hamming_score	output_program_2_hamming_score	output_program_3_hamming_score	output_program_4_hamming_score	output_program_5_hamming_score	output_program_1_neural_score	output_program_2_neural_score	output_program_3_neural_score	output_program_4_neural_score	output_program_5_neural_score
0	0	0	0	0.006666666666666667	0.006666666666666667	143.80430603027344	143.80430603027344	inf					inf				
1	0	0	1	0.006666666666666667	0.006666666666666667	143.80430603027344	143.80430603027344	0.06666666666666667	-1.0	0.09000000000000001	inf	0.5433333333333333	23.28336524963379	-1.0	31.92361068725586	inf	39.54655838012695
2	0	0	2	0.006666666666666667	0.006666666666666667	143.80430603027344	143.80430603027344	0.4466666666666667	0.43	0.18999999999999997	inf	0.43333333333333335	40.15554428100586	39.57331466674805	18.381946563720703	inf	41.09856033325195
3	0	0	3	0.006666666666666667	0.006666666666666667	143.80430603027344	143.80430603027344	inf	inf	0.12666666666666668	-1.0	inf	inf	inf	7.719461441040039	-1.0	inf
4	0	0	4	0.006666666666666667	0.006666666666666667	143.80430603027344	143.80430603027344	0.06666666666666667	-1.0	-1.0	-1.0	-1.0	23.28336524963379	-1.0	-1.0	-1.0	-1.0
5	0	1	0	0.006666666666666667	0.006666666666666667	143.80430603027344	143.80430603027344	0.06666666666666667	-1.0	0.3433333333333333	-1.0	0.19333333333333333	23.28336524963379	-1.0	31.941364288330078	-1.0	14.96481990814209
6	0	1	1	0.006666666666666667	0.006666666666666667	143.80430603027344	143.80430603027344	inf	0.6233333333333334	-1.0	inf	inf	inf	43.35051727294922	-1.0	inf	inf
7	0	1	2	0.006666666666666667	0.006666666666666667	143.80430603027344	143.80430603027344	0.14666666666666667	inf				13.595817565917969	inf			
8	0	1	3	0.006666666666666667	0.006666666666666667	143.80430603027344	143.80430603027344	0.09000000000000001	0.12333333333333334	-1.0	-1.0	-1.0	18.73562240600586	10.375688552856445	-1.0	-1.0	-1.0
9	0	1	4	0.006666666666666667	0.006666666666666667	143.80430603027344	143.80430603027344	-1.0	-1.0	-1.0	-1.0	inf	-1.0	-1.0	-1.0	-1.0	inf
10	0	2	0	0.006666666666666667	0.06666666666666667	143.80430603027344	23.28336524963379	0.08666666666666667	-1.0	0.23333333333333336	-1.0	0.07333333333333332	16.355268478393555	-1.0	22.531679153442383	-1.0	20.39249038696289
11	0	2	1	0.006666666666666667	0.06666666666666667	143.80430603027344	23.28336524963379	0.08666666666666667	0.5966666666666667	0.7933333333333333	0.7233333333333333	-1.0	15.01746654510498	43.79219055175781	18.310123443603516	41.95464324951172	-1.0
12	0	2	2	0.006666666666666667	0.06666666666666667	143.80430603027344	23.28336524963379	0.27999999999999997	inf	inf	-1.0	inf	24.737232208251953	inf	inf	-1.0	inf
13	0	2	3	0.006666666666666667	0.06666666666666667	143.80430603027344	23.28336524963379	0.06666666666666667	-1.0	-1.0	-1.0	0.22666666666666668	23.28336524963379	-1.0	-1.0	-1.0	9.383843421936035
14	0	2	4	0.006666666666666667	0.06666666666666667	143.80430603027344	23.28336524963379	inf	inf	inf	-1.0	inf	inf	inf	inf	-1.0	inf
15	0	3	0	0.006666666666666667	0.006666666666666667	143.80430603027344	143.80430603027344	0.14	0.12000000000000001				9.364957809448242	14.231932640075684			
16	0	3	1	0.006666666666666667	0.006666666666666667	143.80430603027344	143.80430603027344	0.07666666666666667	inf	-1.0	0.09666666666666668	-1.0	22.469045639038086	inf	-1.0	32.788734436035156	-1.0
17	0	3	2	0.006666666666666667	0.006666666666666667	143.80430603027344	143.80430603027344	0.29	inf	inf	-1.0	-1.0	22.461917877197266	inf	inf	-1.0	-1.0
18	0	3	3	0.006666666666666667	0.006666666666666667	143.80430603027344	143.80430603027344	-1.0	-1.0	0.09666666666666666	0.2333333333333333	0.49333333333333335	-1.0	-1.0	12.979900360107422	11.68027114868164	18.443645477294922
19	0	3	4	0.006666666666666667	0.006666666666666667	143.80430603027344	143.80430603027344	inf	inf	inf	inf	-1.0	inf	inf	inf	inf	-1.0
20	0	4	0	0.006666666666666667	0.006666666666666667	143.80430603027344	143.80430603027344	0.37333333333333335	0.88	-1.0	0.38999999999999996	-1.0	32.46172332763672	32.34503173828125	-1.0	30.071901321411133	-1.0
21	0	4	1	0.006666666666666667	0.006666666666666667	143.80430603027344	143.80430603027344	-1.0	-1.0	-1.0	-1.0	-1.0	-1.0	-1.0	-1.0	-1.0	-1.0
22	0	4	2	0.006666666666666667	0.006666666666666667	143.80430603027344	143.80430603027344	0.12	0.10666666666666667	0.37333333333333335	0.38999999999999996	0.09000000000000001	9.4180326461792	16.044458389282227	32.3250617980957	30.071901321411133	21.223909378051758
23	0	4	3	0.006666666666666667	0.006666666666666667	143.80430603027344	143.80430603027344	-1.0	-1.0	-1.0	-1.0	-1.0	-1.0	-1.0	-1.0	-1.0	-1.0
24	0	4	4	0.006666666666666667	0.006666666666666667	143.80430603027344	143.80430603027344	inf	inf	inf	inf	inf	inf	inf	inf	inf	inf
25	0	5	0	0.06666666666666667	0.006666666666666667	23.28336524963379	143.80430603027344	0.3833333333333333	0.3233333333333333	-1.0	0.37333333333333335	0.37333333333333335	31.608091354370117	34.46763610839844	-1.0	32.59856033325195	32.3250617980957
26	0	5	1	0.06666666666666667	0.006666666666666667	23.28336524963379	143.80430603027344	-1.0	0.29	-1.0	0.37999999999999995	-1.0	-1.0	24.678747177124023	-1.0	32.35285949707031	-1.0
27	0	5	2	0.06666666666666667	0.006666666666666667	23.28336524963379	143.80430603027344	0.06666666666666667	0.07666666666666667	-1.0	0.43333333333333335	0.11	23.28336524963379	22.469045639038086	-1.0	12.95248031616211	12.716379165649414
28	0	5	3	0.06666666666666667	0.006666666666666667	23.28336524963379	143.80430603027344	-1.0	0.09333333333333334	-1.0	-1.0	-1.0	-1.0	121.28923797607422	-1.0	-1.0	-1.0
29	0	5	4	0.06666666666666667	0.006666666666666667	23.28336524963379	143.80430603027344	inf	inf	inf	inf	inf	inf	inf	inf	inf	inf
30	0	6	0	0.006666666666666667	0.06666666666666667	143.80430603027344	23.28336524963379	0.12333333333333335	0.08	0.27999999999999997	-1.0	-1.0	8.793965339660645	18.18036460876465	24.737232208251953	-1.0	-1.0
31	0	6	1	0.006666666666666667	0.06666666666666667	143.80430603027344	23.28336524963379	-1.0	-1.0	0.37333333333333335	0.38999999999999996	-1.0	-1.0	-1.0	32.3250617980957	30.071901321411133	-1.0
32	0	6	2	0.006666666666666667	0.06666666666666667	143.80430603027344	23.28336524963379	inf	-1.0	inf	0.33666666666666667	-1.0	inf	-1.0	inf	33.630916595458984	-1.0
33	0	6	3	0.006666666666666667	0.06666666666666667	143.80430603027344	23.28336524963379	0.18333333333333335	-1.0	-1.0	0.13333333333333333	inf	14.128402709960938	-1.0	-1.0	9.028585433959961	inf
34	0	6	4	0.006666666666666667	0.06666666666666667	143.80430603027344	23.28336524963379	-1.0	-1.0	-1.0	-1.0	-1.0	-1.0	-1.0	-1.0	-1.0	-1.0
35	0	7	0	0.006666666666666667	0.006666666666666667	143.80430603027344	143.80430603027344	inf	inf	inf	inf	inf	inf	inf	inf	inf	inf
36	0	7	1	0.006666666666666667	0.006666666666666667	143.80430603027344	143.80430603027344	-1.0	-1.0	0.13333333333333333	0.10333333333333333	-1.0	-1.0	-1.0	8.34194278717041	14.494559288024902	-1.0
37	0	7	2	0.006666666666666667	0.006666666666666667	143.80430603027344	143.80430603027344	-1.0	-1.0	-1.0	-1.0	0.10666666666666667	-1.0	-1.0	-1.0	-1.0	12.492779731750488
38	0	7	3	0.006666666666666667	0.006666666666666667	143.80430603027344	143.80430603027344	-1.0	0.35000000000000003	0.21333333333333335	0.33	-1.0	-1.0	12.970793724060059	32.82243347167969	10.605976104736328	-1.0
39	0	7	4	0.006666666666666667	0.006666666666666667	143.80430603027344	143.80430603027344	inf	0.18999999999999997	-1.0	0.22666666666666668	-1.0	inf	11.71351432800293	-1.0	12.035124778747559	-1.0
40	0	8	0	0.06666666666666667	0.006666666666666667	23.28336524963379	143.80430603027344	-1.0	0.24333333333333337	-1.0	0.25333333333333335	-1.0	-1.0	22.95530891418457	-1.0	22.139453887939453	-1.0
41	0	8	1	0.06666666666666667	0.006666666666666667	23.28336524963379	143.80430603027344	-1.0	-1.0	-1.0	-1.0	0.36000000000000004	-1.0	-1.0	-1.0	-1.0	28.29804801940918
42	0	8	2	0.06666666666666667	0.006666666666666667	23.28336524963379	143.80430603027344	-1.0	-1.0	-1.0	0.37333333333333335	inf	-1.0	-1.0	-1.0	32.180179595947266	inf
43	0	8	3	0.06666666666666667	0.006666666666666667	23.28336524963379	143.80430603027344	0.32	0.37333333333333335	-1.0	-1.0	-1.0	26.464611053466797	32.3250617980957	-1.0	-1.0	-1.0
44	0	8	4	0.06666666666666667	0.006666666666666667	23.28336524963379	143.80430603027344	inf	0.07	inf	inf	inf	inf	22.811481475830078	inf	inf	inf
45	0	9	0	0.07	0.18999999999999997	22.811481475830078	11.71351432800293	inf	inf	0.3233333333333333	0.14333333333333334	0.15333333333333335	inf	inf	30.1924991607666	12.867242813110352	12.340934753417969
46	0	9	1	0.07	0.18999999999999997	22.811481475830078	11.71351432800293	-1.0	-1.0	-1.0	0.8166666666666665	0.31	-1.0	-1.0	-1.0	27.85017204284668	32.884178161621094
47	0	9	2	0.07	0.18999999999999997	22.811481475830078	11.71351432800293	-1.0	-1.0	-1.0	0.16	-1.0	-1.0	-1.0	-1.0	40.218204498291016	-1.0
48	0	9	3	0.07	0.18999999999999997	22.811481475830078	11.71351432800293	-1.0	inf	-1.0	-1.0	inf	-1.0	inf	-1.0	-1.0	inf
49	0	9	4	0.07	0.18999999999999997	22.811481475830078	11.71351432800293	inf	inf	inf	inf	inf	inf	inf	inf	inf	inf
50	1	0	0	0.006666666666666667	0.006666666666666667	143.80430603027344	143.80430603027344	0.06666666666666667	0.17	-1.0	-1.0	-1.0	23.28336524963379	10.873976707458496	-1.0	-1.0	-1.0
51	1	0	1	0.006666666666666667	0.006666666666666667	143.80430603027344	143.80430603027344	0.09333333333333334	inf	0.06666666666666667	0.11333333333333334	0.6366666666666666	34.637733459472656	inf	23.28336524963379	37.23454666137695	41.459407806396484
52	1	0	2	0.006666666666666667	0.006666666666666667	143.80430603027344	143.80430603027344	0.06666666666666667	-1.0	-1.0	0.16666666666666666	0.38999999999999996	23.28336524963379	-1.0	-1.0	55.49626922607422	10.271356582641602
53	1	0	3	0.006666666666666667	0.006666666666666667	143.80430603027344	143.80430603027344	0.06666666666666667	-1.0	-1.0	-1.0	-1.0	23.28336524963379	-1.0	-1.0	-1.0	-1.0
54	1	0	4	0.006666666666666667	0.006666666666666667	143.80430603027344	143.80430603027344	0.13333333333333333	0.06666666666666667	0.5233333333333333	0.37333333333333335	inf	8.34194278717041	23.28336524963379	41.55087661743164	32.3250617980957	inf
55	1	1	0	0.06666666666666667	0.006666666666666667	23.28336524963379	143.80430603027344	-1.0	-1.0	inf	-1.0	inf	-1.0	-1.0	inf	-1.0	inf
56	1	1	1	0.06666666666666667	0.006666666666666667	23.28336524963379	143.80430603027344	0.37333333333333335	0.3566666666666667	0.38999999999999996	-1.0	-1.0	32.3250617980957	22.0986385345459	30.071901321411133	-1.0	-1.0
57	1	1	2	0.06666666666666667	0.006666666666666667	23.28336524963379	143.80430603027344	-1.0	inf	-1.0	-1.0	0.16	-1.0	inf	-1.0	-1.0	53.08836364746094
58	1	1	3	0.06666666666666667	0.006666666666666667	23.28336524963379	143.80430603027344	0.37333333333333335	0.13333333333333333	0.14666666666666667	-1.0	0.31666666666666665	32.3250617980957	8.34194278717041	9.442604064941406	-1.0	16.559255599975586
59	1	1	4	0.06666666666666667	0.006666666666666667	23.28336524963379	143.80430603027344	0.06333333333333334	0.07	0.05333333333333334	-1.0	-1.0	16.832242965698242	22.62343978881836	18.892011642456055	-1.0	-1.0
60	1	2	0	0.07	0.37333333333333335	22.62343978881836	32.3250617980957	0.07666666666666667	inf	0.06999999999999999	inf	inf	22.289634704589844	inf	21.579103469848633	inf	inf
61	1	2	1	0.07	0.37333333333333335	22.62343978881836	32.3250617980957	0.5266666666666667	0.30333333333333334	0.06999999999999999	0.21333333333333335	-1.0	39.58836364746094	26.91158676147461	22.086669921875	8.853730201721191	-1.0
62	1	2	2	0.07	0.37333333333333335	22.62343978881836	32.3250617980957	inf	0.6033333333333334	-1.0	-1.0	0.09999999999999999	inf	21.55964469909668	-1.0	-1.0	10.757593154907227
63	1	2	3	0.07	0.37333333333333335	22.62343978881836	32.3250617980957	0.15	0.08666666666666667	-1.0	0.4033333333333333	-1.0	7.7893805503845215	20.632057189941406	-1.0	30.78704071044922	-1.0
64	1	2	4	0.07	0.37333333333333335	22.62343978881836	32.3250617980957	-1.0	-1.0	0.07666666666666666	-1.0	-1.0	-1.0	-1.0	21.896333694458008	-1.0	-1.0
65	1	3	0	0.5233333333333333	0.37333333333333335	41.55087661743164	32.3250617980957	0.06666666666666667	inf	0.08	-1.0	inf	21.66866683959961	inf	24.995277404785156	-1.0	inf
66	1	3	1	0.5233333333333333	0.37333333333333335	41.55087661743164	32.3250617980957	-1.0	0.34	-1.0	-1.0	-1.0	-1.0	27.058231353759766	-1.0	-1.0	-1.0
67	1	3	2	0.5233333333333333	0.37333333333333335	41.55087661743164	32.3250617980957	0.2933333333333333	inf				15.28258228302002	inf			
68	1	3	3	0.5233333333333333	0.37333333333333335	41.55087661743164	32.3250617980957	inf	inf	inf	-1.0	0.08666666666666667	inf	inf	inf	-1.0	17.42924690246582
69	1	3	4	0.5233333333333333	0.37333333333333335	41.55087661743164	32.3250617980957	-1.0	0.3233333333333333	0.37333333333333335	0.30666666666666664	-1.0	-1.0	25.8752384185791	32.180179595947266	17.761215209960938	-1.0
70	1	4	0	0.06666666666666667	0.006666666666666667	23.28336524963379	143.80430603027344	-1.0	0.07333333333333333	0.33	-1.0	0.07	-1.0	18.04598045349121	27.712949752807617	-1.0	19.281009674072266
71	1	4	1	0.06666666666666667	0.006666666666666667	23.28336524963379	143.80430603027344	-1.0	0.6233333333333334	0.30666666666666664	-1.0	0.4766666666666666	-1.0	43.35051727294922	16.624862670898438	-1.0	32.37305450439453
72	1	4	2	0.06666666666666667	0.006666666666666667	23.28336524963379	143.80430603027344	0.20333333333333334	inf	-1.0	-1.0	0.27999999999999997	31.56455421447754	inf	-1.0	-1.0	14.882966041564941
73	1	4	3	0.06666666666666667	0.006666666666666667	23.28336524963379	143.80430603027344	0.5499999999999999	-1.0	-1.0	inf	0.09999999999999999	29.437576293945312	-1.0	-1.0	inf	14.79156494140625
74	1	4	4	0.06666666666666667	0.006666666666666667	23.28336524963379	143.80430603027344	0.33666666666666667	-1.0	0.27999999999999997	-1.0	0.26333333333333336	22.497886657714844	-1.0	24.4561767578125	-1.0	27.85224151611328
75	1	5	0	0.006666666666666667	0.30666666666666664	143.80430603027344	17.761215209960938	inf	-1.0	0.09000000000000001	0.08666666666666667	0.22333333333333336	inf	-1.0	25.37229347229004	23.789945602416992	37.9009895324707
76	1	5	1	0.006666666666666667	0.30666666666666664	143.80430603027344	17.761215209960938	0.15333333333333332	-1.0	inf	0.31333333333333335	-1.0	52.79591751098633	-1.0	inf	22.015718460083008	-1.0
77	1	5	2	0.006666666666666667	0.30666666666666664	143.80430603027344	17.761215209960938	-1.0	0.44	-1.0	0.2866666666666667	-1.0	-1.0	27.67070198059082	-1.0	17.83768081665039	-1.0
78	1	5	3	0.006666666666666667	0.30666666666666664	143.80430603027344	17.761215209960938	-1.0	-1.0	-1.0	-1.0	-1.0	-1.0	-1.0	-1.0	-1.0	-1.0
79	1	5	4	0.006666666666666667	0.30666666666666664	143.80430603027344	17.761215209960938	-1.0	-1.0	-1.0	-1.0	-1.0	-1.0	-1.0	-1.0	-1.0	-1.0
80	1	6	0	0.07666666666666666	0.13333333333333333	21.896333694458008	8.34194278717041	-1.0	-1.0	0.52	0.37333333333333335	0.14	-1.0	-1.0	41.605369567871094	32.3250617980957	13.046951293945312
81	1	6	1	0.07666666666666666	0.13333333333333333	21.896333694458008	8.34194278717041	-1.0	inf	-1.0	-1.0	0.3133333333333333	-1.0	inf	-1.0	-1.0	33.854854583740234
82	1	6	2	0.07666666666666666	0.13333333333333333	21.896333694458008	8.34194278717041	0.19999999999999998	inf	-1.0	0.2933333333333333	0.9566666666666667	34.51518249511719	inf	-1.0	15.90480899810791	24.64008903503418
83	1	6	3	0.07666666666666666	0.13333333333333333	21.896333694458008	8.34194278717041	-1.0	-1.0	-1.0	-1.0	0.20333333333333334	-1.0	-1.0	-1.0	-1.0	54.3517951965332
84	1	6	4	0.07666666666666666	0.13333333333333333	21.896333694458008	8.34194278717041	0.3666666666666667	inf	-1.0	-1.0	-1.0	31.58431053161621	inf	-1.0	-1.0	-1.0
85	1	7	0	0.006666666666666667	0.06666666666666667	143.80430603027344	23.28336524963379	-1.0	0.30666666666666664	inf	-1.0	0.37333333333333335	-1.0	17.761215209960938	inf	-1.0	32.86540603637695
86	1	7	1	0.006666666666666667	0.06666666666666667	143.80430603027344	23.28336524963379	0.09000000000000001	inf	0.3033333333333333	-1.0	0.08666666666666667	34.96400833129883	inf	21.327749252319336	-1.0	34.3275146484375
87	1	7	2	0.006666666666666667	0.06666666666666667	143.80430603027344	23.28336524963379	-1.0	-1.0	-1.0	-1.0	-1.0	-1.0	-1.0	-1.0	-1.0	-1.0
88	1	7	3	0.006666666666666667	0.06666666666666667	143.80430603027344	23.28336524963379	0.38999999999999996	-1.0	-1.0	-1.0	-1.0	31.813457489013672	-1.0	-1.0	-1.0	-1.0
89	1	7	4	0.006666666666666667	0.06666666666666667	143.80430603027344	23.28336524963379	0.36000000000000004	-1.0	inf	inf	inf	31.158349990844727	-1.0	inf	inf	inf
90	1	8	0	0.30666666666666664	0.06333333333333334	17.761215209960938	16.832242965698242	-1.0	-1.0	-1.0	0.07333333333333333	-1.0	-1.0	-1.0	-1.0	21.995479583740234	-1.0
91	1	8	1	0.30666666666666664	0.06333333333333334	17.761215209960938	16.832242965698242	0.16	inf	0.17666666666666667	inf	inf	53.6929817199707	inf	60.69718551635742	inf	inf
92	1	8	2	0.30666666666666664	0.06333333333333334	17.761215209960938	16.832242965698242	inf	-1.0	0.07666666666666667	0.09333333333333334	0.14	inf	-1.0	22.469045639038086	21.337038040161133	36.669639587402344
93	1	8	3	0.30666666666666664	0.06333333333333334	17.761215209960938	16.832242965698242	-1.0	0.4833333333333334	-1.0	-1.0	-1.0	-1.0	21.34623908996582	-1.0	-1.0	-1.0
94	1	8	4	0.30666666666666664	0.06333333333333334	17.761215209960938	16.832242965698242	0.31666666666666665	inf	0.31666666666666665	inf	inf	23.356679916381836	inf	23.522655487060547	inf	inf
95	1	9	0	0.37333333333333335	0.07	32.3250617980957	22.62343978881836	-1.0	-1.0	-1.0	0.27999999999999997	-1.0	-1.0	-1.0	-1.0	24.737232208251953	-1.0
96	1	9	1	0.37333333333333335	0.07	32.3250617980957	22.62343978881836	-1.0	-1.0	-1.0	-1.0	-1.0	-1.0	-1.0	-1.0	-1.0	-1.0
97	1	9	2	0.37333333333333335	0.07	32.3250617980957	22.62343978881836	0.37333333333333335	-1.0	0.13333333333333333			32.3250617980957	-1.0	8.34194278717041		
98	1	9	3	0.37333333333333335	0.07	32.3250617980957	22.62343978881836	-1.0	-1.0	-1.0	-1.0	-1.0	-1.0	-1.0	-1.0	-1.0	-1.0
99	1	9	4	0.37333333333333335	0.07	32.3250617980957	22.62343978881836	inf	inf	-1.0	inf	inf	inf	inf	-1.0	inf	inf
100	2	0	0	0.006666666666666667	0.006666666666666667	143.8043212890625	143.61480712890625	0.21666666666666667					14.327077865600586				
101	2	0	1	0.006666666666666667	0.006666666666666667	143.8043212890625	143.61480712890625	0.17666666666666667					60.69718933105469				
102	2	0	2	0.006666666666666667	0.006666666666666667	143.8043212890625	143.61480712890625	inf					inf				
103	2	0	3	0.006666666666666667	0.006666666666666667	143.8043212890625	143.61480712890625	0.18999999999999997	0.17666666666666667	0.21	inf	0.6933333333333334	11.164302825927734	57.150943756103516	30.77737808227539	inf	59.954498291015625
104	2	0	4	0.006666666666666667	0.006666666666666667	143.8043212890625	143.61480712890625	inf	inf	inf	inf	inf	inf	inf	inf	inf	inf
105	2	1	0	0.006666666666666667	0.006666666666666667	143.61480712890625	143.8043212890625	0.23666666666666666	0.2333333333333333	0.22666666666666666	0.26	0.24	14.260921478271484	14.341530799865723	11.523829460144043	10.070784568786621	14.15102481842041
106	2	1	1	0.006666666666666667	0.006666666666666667	143.61480712890625	143.8043212890625	-1.0					-1.0				
107	2	1	2	0.006666666666666667	0.006666666666666667	143.61480712890625	143.8043212890625	inf	inf				inf	inf			
108	2	1	3	0.006666666666666667	0.006666666666666667	143.61480712890625	143.8043212890625	0.22666666666666666	0.21333333333333337	0.22	-1.0	0.22666666666666666	16.862375259399414	20.849565505981445	19.54822540283203	-1.0	18.9921875
109	2	1	4	0.006666666666666667	0.006666666666666667	143.61480712890625	143.8043212890625	0.17666666666666667	-1.0	-1.0			60.69718933105469	-1.0	-1.0		
110	2	2	0	0.006666666666666667	0.006666666666666667	143.61480712890625	143.8043212890625	0.29000000000000004	0.25666666666666665	0.27666666666666667	0.3033333333333334	0.3133333333333334	16.35291290283203	14.051057815551758	16.04381561279297	11.824003219604492	24.23739242553711
111	2	2	1	0.006666666666666667	0.006666666666666667	143.61480712890625	143.8043212890625	-1.0	-1.0	-1.0	-1.0	inf	-1.0	-1.0	-1.0	-1.0	inf
112	2	2	2	0.006666666666666667	0.006666666666666667	143.61480712890625	143.8043212890625	inf	inf	inf	inf	inf	inf	inf	inf	inf	inf
113	2	2	3	0.006666666666666667	0.006666666666666667	143.61480712890625	143.8043212890625	0.32666666666666666	0.38333333333333336				14.15573501586914	11.754471778869629			
114	2	2	4	0.006666666666666667	0.006666666666666667	143.61480712890625	143.8043212890625	-1.0	-1.0	-1.0	inf	-1.0	-1.0	-1.0	-1.0	inf	-1.0
115	2	3	0	0.006666666666666667	0.17666666666666667	143.8043212890625	60.69718933105469	inf					inf				
116	2	3	1	0.006666666666666667	0.17666666666666667	143.8043212890625	60.69718933105469	inf					inf				
117	2	3	2	0.006666666666666667	0.17666666666666667	143.8043212890625	60.69718933105469	inf	inf	inf	inf	inf	inf	inf	inf	inf	inf
118	2	3	3	0.006666666666666667	0.17666666666666667	143.8043212890625	60.69718933105469	0.22666666666666668	0.23333333333333336	-1.0			28.02413558959961	25.014612197875977	-1.0		
119	2	3	4	0.006666666666666667	0.17666666666666667	143.8043212890625	60.69718933105469	inf	inf	0.3466666666666667	-1.0	-1.0	inf	inf	17.90998649597168	-1.0	-1.0
120	2	4	0	0.17666666666666667	0.006666666666666667	60.69718933105469	143.61480712890625	inf	inf	0.27666666666666667	0.25	inf	inf	inf	12.959793090820312	12.272050857543945	inf
121	2	4	1	0.17666666666666667	0.006666666666666667	60.69718933105469	143.61480712890625	-1.0					-1.0				
122	2	4	2	0.17666666666666667	0.006666666666666667	60.69718933105469	143.61480712890625	0.2166666666666667	inf	-1.0	-1.0	-1.0	20.59031105041504	inf	-1.0	-1.0	-1.0
123	2	4	3	0.17666666666666667	0.006666666666666667	60.69718933105469	143.61480712890625	0.24	0.25	0.25333333333333335	0.25	0.25333333333333335	26.675113677978516	17.13861846923828	23.36028480529785	17.158597946166992	23.614484786987305
124	2	4	4	0.17666666666666667	0.006666666666666667	60.69718933105469	143.61480712890625	-1.0	-1.0	-1.0	inf	-1.0	-1.0	-1.0	-1.0	inf	-1.0
125	2	5	0	0.006666666666666667	0.17666666666666667	143.8043212890625	60.69718933105469	inf	inf	inf	inf	inf	inf	inf	inf	inf	inf
126	2	5	1	0.006666666666666667	0.17666666666666667	143.8043212890625	60.69718933105469	-1.0	-1.0	-1.0	inf	-1.0	-1.0	-1.0	-1.0	inf	-1.0
127	2	5	2	0.006666666666666667	0.17666666666666667	143.8043212890625	60.69718933105469	inf	inf	inf	0.30333333333333334	-1.0	inf	inf	inf	12.16301155090332	-1.0
128	2	5	3	0.006666666666666667	0.17666666666666667	143.8043212890625	60.69718933105469	0.18666666666666668	inf	0.17	0.17	inf	8.654043197631836	inf	32.73225402832031	37.79131317138672	inf
129	2	5	4	0.006666666666666667	0.17666666666666667	143.8043212890625	60.69718933105469	0.3	-1.0	-1.0	inf	-1.0	10.919899940490723	-1.0	-1.0	inf	-1.0
130	2	6	0	0.006666666666666667	0.3466666666666667	143.61480712890625	17.90998649597168	0.30666666666666664	inf	inf	inf	inf	10.384431838989258	inf	inf	inf	inf
131	2	6	1	0.006666666666666667	0.3466666666666667	143.61480712890625	17.90998649597168	-1.0	-1.0	-1.0	-1.0	-1.0	-1.0	-1.0	-1.0	-1.0	-1.0
132	2	6	2	0.006666666666666667	0.3466666666666667	143.61480712890625	17.90998649597168	inf	inf	inf	inf	inf	inf	inf	inf	inf	inf
133	2	6	3	0.006666666666666667	0.3466666666666667	143.61480712890625	17.90998649597168	0.22333333333333336					16.66653823852539				
134	2	6	4	0.006666666666666667	0.3466666666666667	143.61480712890625	17.90998649597168	-1.0	-1.0	-1.0	inf	-1.0	-1.0	-1.0	-1.0	inf	-1.0
135	2	7	0	0.006666666666666667	0.17666666666666667	143.8043212890625	60.69718933105469	inf	inf				inf	inf			
136	2	7	1	0.006666666666666667	0.17666666666666667	143.8043212890625	60.69718933105469	inf					inf				
137	2	7	2	0.006666666666666667	0.17666666666666667	143.8043212890625	60.69718933105469	0.25333333333333335	inf				24.783754348754883	inf			
138	2	7	3	0.006666666666666667	0.17666666666666667	143.8043212890625	60.69718933105469	inf	inf	inf	inf	inf	inf	inf	inf	inf	inf
139	2	7	4	0.006666666666666667	0.17666666666666667	143.8043212890625	60.69718933105469	inf	-1.0				inf	-1.0			
140	2	8	0	0.3	0.17666666666666667	10.919899940490723	60.69718933105469	0.2833333333333334					13.263614654541016				
141	2	8	1	0.3	0.17666666666666667	10.919899940490723	60.69718933105469	inf	inf	inf	inf	inf	inf	inf	inf	inf	inf
142	2	8	2	0.3	0.17666666666666667	10.919899940490723	60.69718933105469	0.3666666666666667	0.3433333333333333	-1.0	-1.0	0.38000000000000006	34.37569046020508	38.3371696472168	-1.0	-1.0	20.180131912231445
143	2	8	3	0.3	0.17666666666666667	10.919899940490723	60.69718933105469	0.3233333333333333	0.19666666666666668	0.19000000000000003	0.2333333333333333	0.2333333333333333	26.34287452697754	25.607683181762695	31.81175422668457	16.191299438476562	16.37795639038086
144	2	8	4	0.3	0.17666666666666667	10.919899940490723	60.69718933105469	inf	0.2833333333333334	inf	inf	0.3666666666666667	inf	38.5782356262207	inf	inf	26.660390853881836
145	2	9	0	0.3666666666666667	0.3466666666666667	26.660390853881836	17.90998649597168	0.2833333333333334	0.3499999999999999	0.2766666666666666	0.37666666666666665	0.35000000000000003	12.013897895812988	10.731403350830078	11.00322151184082	9.048127174377441	12.770444869995117
146	2	9	1	0.3666666666666667	0.3466666666666667	26.660390853881836	17.90998649597168	inf	inf	inf	inf	inf	inf	inf	inf	inf	inf
147	2	9	2	0.3666666666666667	0.3466666666666667	26.660390853881836	17.90998649597168	0.2833333333333333	0.3033333333333333	-1.0	inf	-1.0	11.473597526550293	12.21955394744873	-1.0	inf	-1.0
148	2	9	3	0.3666666666666667	0.3466666666666667	26.660390853881836	17.90998649597168	0.26333333333333336	0.25333333333333335	inf	inf	0.26333333333333336	13.123294830322266	15.467525482177734	inf	inf	14.262556076049805
149	2	9	4	0.3666666666666667	0.3466666666666667	26.660390853881836	17.90998649597168	0.38333333333333336					14.199453353881836				
150	3	0	0	0.006666666666666667	0.006666666666666667	143.61480712890625	143.8043212890625	inf	inf				inf	inf			
151	3	0	1	0.006666666666666667	0.006666666666666667	143.61480712890625	143.8043212890625	0.17666666666666667					60.69718933105469				
152	3	0	2	0.006666666666666667	0.006666666666666667	143.61480712890625	143.8043212890625	inf	inf				inf	inf			
153	3	0	3	0.006666666666666667	0.006666666666666667	143.61480712890625	143.8043212890625	0.17666666666666667					60.69718933105469				
154	3	0	4	0.006666666666666667	0.006666666666666667	143.61480712890625	143.8043212890625	inf	inf	inf	inf	inf	inf	inf	inf	inf	inf
155	3	1	0	0.006666666666666667	0.006666666666666667	143.8043212890625	143.61480712890625	inf	inf	inf	inf	inf	inf	inf	inf	inf	inf
156	3	1	1	0.006666666666666667	0.006666666666666667	143.8043212890625	143.61480712890625	inf	-1.0	-1.0	inf	-1.0	inf	-1.0	-1.0	inf	-1.0
157	3	1	2	0.006666666666666667	0.006666666666666667	143.8043212890625	143.61480712890625	inf	inf	inf	inf	inf	inf	inf	inf	inf	inf
158	3	1	3	0.006666666666666667	0.006666666666666667	143.8043212890625	143.61480712890625	-1.0	inf	inf	inf	inf	-1.0	inf	inf	inf	inf
159	3	1	4	0.006666666666666667	0.006666666666666667	143.8043212890625	143.61480712890625	inf	inf	inf	inf	inf	inf	inf	inf	inf	inf
160	3	2	0	0.006666666666666667	0.006666666666666667	143.8043212890625	143.61480712890625	inf	inf	inf	inf	inf	inf	inf	inf	inf	inf
161	3	2	1	0.006666666666666667	0.006666666666666667	143.8043212890625	143.61480712890625	inf	inf				inf	inf			
162	3	2	2	0.006666666666666667	0.006666666666666667	143.8043212890625	143.61480712890625	inf					inf				
163	3	2	3	0.006666666666666667	0.006666666666666667	143.8043212890625	143.61480712890625	inf	inf	inf	inf	inf	inf	inf	inf	inf	inf
164	3	2	4	0.006666666666666667	0.006666666666666667	143.8043212890625	143.61480712890625	inf	inf				inf	inf			
165	3	3	0	0.006666666666666667	0.006666666666666667	143.61480712890625	143.8043212890625	0.8866666666666667	0.9166666666666666	0.35333333333333333	0.3866666666666667	0.38333333333333336	12.317627906799316	22.60783576965332	29.20210075378418	26.800819396972656	14.126235008239746
166	3	3	1	0.006666666666666667	0.006666666666666667	143.61480712890625	143.8043212890625	0.13333333333333333	0.0033333333333333335	0.17333333333333334	0.17	-1.0	4.9445013999938965	143.97381591796875	30.66299057006836	17.072629928588867	-1.0
167	3	3	2	0.006666666666666667	0.006666666666666667	143.61480712890625	143.8043212890625	0.3333333333333333	inf	-1.0	inf	-1.0	28.8554744720459	inf	-1.0	inf	-1.0
168	3	3	3	0.006666666666666667	0.006666666666666667	143.61480712890625	143.8043212890625	inf					inf				
169	3	3	4	0.006666666666666667	0.006666666666666667	143.61480712890625	143.8043212890625	inf	inf	inf	inf	inf	inf	inf	inf	inf	inf
170	3	4	0	0.006666666666666667	0.006666666666666667	143.8043212890625	143.61480712890625	inf	inf	inf	inf	inf	inf	inf	inf	inf	inf
171	3	4	1	0.006666666666666667	0.006666666666666667	143.8043212890625	143.61480712890625	0.3033333333333333	0.3766666666666667	-1.0			16.804826736450195	24.447256088256836	-1.0		
172	3	4	2	0.006666666666666667	0.006666666666666667	143.8043212890625	143.61480712890625	inf	0.26666666666666666	inf	0.28	inf	inf	9.078715324401855	inf	9.215561866760254	inf
173	3	4	3	0.006666666666666667	0.006666666666666667	143.8043212890625	143.61480712890625	inf	inf	inf	inf	inf	inf	inf	inf	inf	inf
174	3	4	4	0.006666666666666667	0.006666666666666667	143.8043212890625	143.61480712890625	inf	inf	inf	inf	inf	inf	inf	inf	inf	inf
175	3	5	0	0.006666666666666667	0.006666666666666667	143.61480712890625	143.8043212890625	0.91	-1.0	0.33	inf	0.35000000000000003	16.482772827148438	-1.0	11.433786392211914	inf	14.831239700317383
176	3	5	1	0.006666666666666667	0.006666666666666667	143.61480712890625	143.8043212890625	-1.0					-1.0				
177	3	5	2	0.006666666666666667	0.006666666666666667	143.61480712890625	143.8043212890625	inf					inf				
178	3	5	3	0.006666666666666667	0.006666666666666667	143.61480712890625	143.8043212890625	inf	inf	inf	inf	inf	inf	inf	inf	inf	inf
179	3	5	4	0.006666666666666667	0.006666666666666667	143.61480712890625	143.8043212890625	inf	inf	inf	inf	inf	inf	inf	inf	inf	inf
180	3	6	0	0.006666666666666667	0.006666666666666667	143.8043212890625	143.61480712890625	inf	inf	0.26999999999999996	inf	-1.0	inf	inf	11.753378868103027	inf	-1.0
181	3	6	1	0.006666666666666667	0.006666666666666667	143.8043212890625	143.61480712890625	0.25	inf	inf	inf	inf	15.933966636657715	inf	inf	inf	inf
182	3	6	2	0.006666666666666667	0.006666666666666667	143.8043212890625	143.61480712890625	0.33666666666666667	0.25666666666666665	inf	inf	inf	10.85660457611084	36.988677978515625	inf	inf	inf
183	3	6	3	0.006666666666666667	0.006666666666666667	143.8043212890625	143.61480712890625	inf	inf	-1.0	inf	inf	inf	inf	-1.0	inf	inf
184	3	6	4	0.006666666666666667	0.006666666666666667	143.8043212890625	143.61480712890625	inf	inf	inf	inf	inf	inf	inf	inf	inf	inf
185	3	7	0	0.006666666666666667	0.006666666666666667	143.61480712890625	143.8043212890625	inf	inf	0.26999999999999996	inf	inf	inf	inf	12.019476890563965	inf	inf
186	3	7	1	0.006666666666666667	0.006666666666666667	143.61480712890625	143.8043212890625	0.09333333333333334	inf	inf	inf	inf	9.341558456420898	inf	inf	inf	inf
187	3	7	2	0.006666666666666667	0.006666666666666667	143.61480712890625	143.8043212890625	inf	0.3433333333333333	-1.0	inf	0.34	inf	12.386297225952148	-1.0	inf	20.057998657226562
188	3	7	3	0.006666666666666667	0.006666666666666667	143.61480712890625	143.8043212890625	inf	inf	inf	inf	inf	inf	inf	inf	inf	inf
189	3	7	4	0.006666666666666667	0.006666666666666667	143.61480712890625	143.8043212890625	inf	inf				inf	inf			
190	3	8	0	0.006666666666666667	0.006666666666666667	143.8043212890625	143.61480712890625	inf	inf	inf	inf	inf	inf	inf	inf	inf	inf
191	3	8	1	0.006666666666666667	0.006666666666666667	143.8043212890625	143.61480712890625	inf	inf	inf	inf	inf	inf	inf	inf	inf	inf
192	3	8	2	0.006666666666666667	0.006666666666666667	143.8043212890625	143.61480712890625	inf	0.2966666666666667	0.3133333333333333	-1.0	inf	inf	28.299610137939453	19.673603057861328	-1.0	inf
193	3	8	3	0.006666666666666667	0.006666666666666667	143.8043212890625	143.61480712890625	inf	inf	inf	inf	inf	inf	inf	inf	inf	inf
194	3	8	4	0.006666666666666667	0.006666666666666667	143.8043212890625	143.61480712890625	0.3433333333333333	inf	0.35000000000000003	0.3433333333333333	0.35000000000000003	12.008108139038086	inf	12.684008598327637	11.750452995300293	12.771334648132324
195	3	9	0	0.35000000000000003	0.006666666666666667	12.771334648132324	143.8043212890625	inf	inf	inf	inf	inf	inf	inf	inf	inf	inf
196	3	9	1	0.35000000000000003	0.006666666666666667	12.771334648132324	143.8043212890625	inf	0.26333333333333336	inf	inf	0.32666666666666666	inf	13.92781925201416	inf	inf	14.684574127197266
197	3	9	2	0.35000000000000003	0.006666666666666667	12.771334648132324	143.8043212890625	0.2933333333333334	inf	inf	0.36000000000000004	0.2933333333333334	25.586429595947266	inf	inf	17.67417335510254	25.461214065551758
198	3	9	3	0.35000000000000003	0.006666666666666667	12.771334648132324	143.8043212890625	inf	inf	inf	inf	inf	inf	inf	inf	inf	inf
199	3	9	4	0.35000000000000003	0.006666666666666667	12.771334648132324	143.8043212890625	0.3	0.26666666666666666	0.27666666666666667	inf	inf	14.18436050415039	12.519020080566406	13.733906745910645	inf	inf
