	reset_island_iter	improve_iter	island	program_1_hamming_score	program_2_hamming_score	program_1_neural_score	program_2_neural_score	output_program_1_hamming_score	output_program_2_hamming_score	output_program_3_hamming_score	output_program_4_hamming_score	output_program_5_hamming_score	output_program_1_neural_score	output_program_2_neural_score	output_program_3_neural_score	output_program_4_neural_score	output_program_5_neural_score
0	0	0	0	0.04603219638011835	0.04860684266745333	7.030113697052002	8.226893424987793	0.1917041094196119	0.04860684266745333	0.05107060185185185	0.14362231270713413	0.23324437467294612	56.80503463745117	8.226893424987793	11.406140327453613	10.387712478637695	18.941434860229492
1	0	0	1	0.04603219638011835	0.04860684266745333	7.030113697052002	8.226893424987793	0.012235315288663324	-1.0	-1.0	inf	-1.0	3.2367241382598877	-1.0	-1.0	inf	-1.0
2	0	0	2	0.04603219638011835	0.04860684266745333	7.030113697052002	8.226893424987793	-1.0	inf	-1.0	-1.0	0.058535352881145496	-1.0	inf	-1.0	-1.0	9.380908966064453
3	0	0	3	0.04603219638011835	0.04860684266745333	7.030113697052002	8.226893424987793	0.058535352881145496	inf	-1.0	-1.0	0.17969039338673165	9.380908966064453	inf	-1.0	-1.0	12.052928924560547
4	0	0	4	0.04603219638011835	0.04860684266745333	7.030113697052002	8.226893424987793	0.012235315288663324	-1.0	-1.0	0.058535352881145496	inf	3.2367241382598877	-1.0	-1.0	9.380908966064453	inf
5	0	1	0	0.04860684266745333	0.04603219638011835	8.226893424987793	7.030113697052002	0.012235315288663324	0.058535352881145496	-1.0	-1.0	0.045697777892918394	3.2367241382598877	9.380908966064453	-1.0	-1.0	6.84076452255249
6	0	1	1	0.04860684266745333	0.04603219638011835	8.226893424987793	7.030113697052002	inf	-1.0	-1.0	inf	0.058535352881145496	inf	-1.0	-1.0	inf	9.380908966064453
7	0	1	2	0.04860684266745333	0.04603219638011835	8.226893424987793	7.030113697052002	inf	-1.0	-1.0	-1.0	-1.0	inf	-1.0	-1.0	-1.0	-1.0
8	0	1	3	0.04860684266745333	0.04603219638011835	8.226893424987793	7.030113697052002	inf	0.012235315288663324	inf	inf	inf	inf	3.2367241382598877	inf	inf	inf
9	0	1	4	0.04860684266745333	0.04603219638011835	8.226893424987793	7.030113697052002	inf	-1.0	-1.0	-1.0	0.1917041094196119	inf	-1.0	-1.0	-1.0	56.80503463745117
10	0	2	0	0.04603219638011835	0.012235315288663324	7.030113697052002	3.2367241382598877	-1.0	-1.0	-1.0	-1.0	-1.0	-1.0	-1.0	-1.0	-1.0	-1.0
11	0	2	1	0.04603219638011835	0.012235315288663324	7.030113697052002	3.2367241382598877	-1.0	-1.0	-1.0	-1.0	-1.0	-1.0	-1.0	-1.0	-1.0	-1.0
12	0	2	2	0.04603219638011835	0.012235315288663324	7.030113697052002	3.2367241382598877	inf	inf	-1.0	inf	-1.0	inf	inf	-1.0	inf	-1.0
13	0	2	3	0.04603219638011835	0.012235315288663324	7.030113697052002	3.2367241382598877	-1.0	-1.0	-1.0	0.05682144652732888	0.013749730661495367	-1.0	-1.0	-1.0	9.08686637878418	5.229872703552246
14	0	2	4	0.04603219638011835	0.012235315288663324	7.030113697052002	3.2367241382598877	-1.0	inf	-1.0	inf	-1.0	-1.0	inf	-1.0	inf	-1.0
15	0	3	0	0.012235315288663324	0.04860684266745333	3.2367241382598877	8.226893424987793	-1.0	0.28840077625202537	0.23155130482405284	-1.0	0.32487286595807835	-1.0	15.143621444702148	27.477779388427734	-1.0	15.87827205657959
16	0	3	1	0.012235315288663324	0.04860684266745333	3.2367241382598877	8.226893424987793	-1.0	-1.0	0.4416634736038516	-1.0	0.3804683725213023	-1.0	-1.0	10.846126556396484	-1.0	13.05805778503418
17	0	3	2	0.012235315288663324	0.04860684266745333	3.2367241382598877	8.226893424987793	inf	inf	inf	-1.0	-1.0	inf	inf	inf	-1.0	-1.0
18	0	3	3	0.012235315288663324	0.04860684266745333	3.2367241382598877	8.226893424987793	-1.0	0.1917041094196119	inf	-1.0	0.38105322184564744	-1.0	56.80503463745117	inf	-1.0	50.30995178222656
19	0	3	4	0.012235315288663324	0.04860684266745333	3.2367241382598877	8.226893424987793	-1.0	-1.0	-1.0	inf	inf	-1.0	-1.0	-1.0	inf	inf
20	0	4	0	0.04860684266745333	0.1917041094196119	8.226893424987793	56.80503463745117	-1.0	-1.0	-1.0	-1.0	-1.0	-1.0	-1.0	-1.0	-1.0	-1.0
21	0	4	1	0.04860684266745333	0.1917041094196119	8.226893424987793	56.80503463745117	-1.0	inf	inf	-1.0	-1.0	-1.0	inf	inf	-1.0	-1.0
22	0	4	2	0.04860684266745333	0.1917041094196119	8.226893424987793	56.80503463745117	inf	inf	-1.0	inf	0.04767016448068959	inf	inf	-1.0	inf	6.992384910583496
23	0	4	3	0.04860684266745333	0.1917041094196119	8.226893424987793	56.80503463745117	0.15278577631518808					12.274480819702148				
24	0	4	4	0.04860684266745333	0.1917041094196119	8.226893424987793	56.80503463745117	-1.0	inf	-1.0	inf	inf	-1.0	inf	-1.0	inf	inf
25	0	5	0	0.04603219638011835	0.1917041094196119	7.030113697052002	56.80503463745117	-1.0	-1.0	-1.0	-1.0	-1.0	-1.0	-1.0	-1.0	-1.0	-1.0
26	0	5	1	0.04603219638011835	0.1917041094196119	7.030113697052002	56.80503463745117	-1.0	-1.0	inf	0.1917041094196119	inf	-1.0	-1.0	inf	56.80503463745117	inf
27	0	5	2	0.04603219638011835	0.1917041094196119	7.030113697052002	56.80503463745117	0.1917041094196119	-1.0	inf	-1.0	inf	56.80503463745117	-1.0	inf	-1.0	inf
28	0	5	3	0.04603219638011835	0.1917041094196119	7.030113697052002	56.80503463745117	-1.0	-1.0	-1.0	-1.0	-1.0	-1.0	-1.0	-1.0	-1.0	-1.0
29	0	5	4	0.04603219638011835	0.1917041094196119	7.030113697052002	56.80503463745117	-1.0	-1.0	inf	-1.0	inf	-1.0	-1.0	inf	-1.0	inf
30	0	6	0	0.04603219638011835	0.012235315288663324	7.030113697052002	3.2367241382598877	inf	-1.0	0.29660928067711595	-1.0	-1.0	inf	-1.0	8.794540405273438	-1.0	-1.0
31	0	6	1	0.04603219638011835	0.012235315288663324	7.030113697052002	3.2367241382598877	inf	0.10306426782338414	inf	0.021010422964869897	inf	inf	17.748394012451172	inf	4.103879928588867	inf
32	0	6	2	0.04603219638011835	0.012235315288663324	7.030113697052002	3.2367241382598877	-1.0	-1.0	-1.0	inf	inf	-1.0	-1.0	-1.0	inf	inf
33	0	6	3	0.04603219638011835	0.012235315288663324	7.030113697052002	3.2367241382598877	inf	-1.0	inf	0.21188008792100202	inf	inf	-1.0	inf	9.136935234069824	inf
34	0	6	4	0.04603219638011835	0.012235315288663324	7.030113697052002	3.2367241382598877	-1.0	inf	-1.0	inf	-1.0	-1.0	inf	-1.0	inf	-1.0
35	0	7	0	0.1917041094196119	0.012235315288663324	56.80503463745117	3.2367241382598877	inf	-1.0	inf	inf	0.16853869985167755	inf	-1.0	inf	inf	18.170791625976562
36	0	7	1	0.1917041094196119	0.012235315288663324	56.80503463745117	3.2367241382598877	inf	-1.0	inf	-1.0	-1.0	inf	-1.0	inf	-1.0	-1.0
37	0	7	2	0.1917041094196119	0.012235315288663324	56.80503463745117	3.2367241382598877	-1.0	-1.0	inf	inf	0.173551634367635	-1.0	-1.0	inf	inf	28.294204711914062
38	0	7	3	0.1917041094196119	0.012235315288663324	56.80503463745117	3.2367241382598877	inf	-1.0	inf	inf	inf	inf	-1.0	inf	inf	inf
39	0	7	4	0.1917041094196119	0.012235315288663324	56.80503463745117	3.2367241382598877	-1.0	-1.0	inf	-1.0	inf	-1.0	-1.0	inf	-1.0	inf
40	0	8	0	0.058535352881145496	0.012235315288663324	9.380908966064453	3.2367241382598877	inf	0.17286580486702166	0.19272282529440599	inf	inf	inf	6.665857791900635	19.22279930114746	inf	inf
41	0	8	1	0.058535352881145496	0.012235315288663324	9.380908966064453	3.2367241382598877	-1.0	inf	-1.0	-1.0	0.15819052995371488	-1.0	inf	-1.0	-1.0	39.625816345214844
42	0	8	2	0.058535352881145496	0.012235315288663324	9.380908966064453	3.2367241382598877	-1.0	-1.0	-1.0	-1.0	-1.0	-1.0	-1.0	-1.0	-1.0	-1.0
43	0	8	3	0.058535352881145496	0.012235315288663324	9.380908966064453	3.2367241382598877	inf	inf	inf	inf	-1.0	inf	inf	inf	inf	-1.0
44	0	8	4	0.058535352881145496	0.012235315288663324	9.380908966064453	3.2367241382598877	-1.0	-1.0	inf	0.050094663692138885	-1.0	-1.0	-1.0	inf	5.02559232711792	-1.0
45	0	9	0	0.050094663692138885	0.04860684266745333	5.02559232711792	8.226893424987793	inf	inf	inf	-1.0	inf	inf	inf	inf	-1.0	inf
46	0	9	1	0.050094663692138885	0.04860684266745333	5.02559232711792	8.226893424987793	-1.0	0.09313575760969199	-1.0	-1.0	-1.0	-1.0	18.199249267578125	-1.0	-1.0	-1.0
47	0	9	2	0.050094663692138885	0.04860684266745333	5.02559232711792	8.226893424987793	inf	inf	0.05107060185185185	inf	-1.0	inf	inf	11.406140327453613	inf	-1.0
48	0	9	3	0.050094663692138885	0.04860684266745333	5.02559232711792	8.226893424987793	inf	inf	inf	inf	inf	inf	inf	inf	inf	inf
49	0	9	4	0.050094663692138885	0.04860684266745333	5.02559232711792	8.226893424987793	inf	-1.0	0.021010422964869897	0.024136212090126685	-1.0	inf	-1.0	4.103879928588867	3.009483575820923	-1.0
50	1	0	0	0.021010422964869897	0.013749730661495367	4.103879928588867	5.229872703552246	0.012235315288663324	0.1917041094196119	-1.0	0.058535352881145496	0.04860684266745333	3.2367241382598877	56.80503463745117	-1.0	9.380908966064453	8.226893424987793
51	1	0	1	0.021010422964869897	0.013749730661495367	4.103879928588867	5.229872703552246	0.07114074310545658	0.058535352881145496	-1.0	0.1917041094196119	inf	14.38965892791748	9.380908966064453	-1.0	56.80503463745117	inf
52	1	0	2	0.021010422964869897	0.013749730661495367	4.103879928588867	5.229872703552246	inf	inf	0.058535352881145496	-1.0	inf	inf	inf	9.380908966064453	-1.0	inf
53	1	0	3	0.021010422964869897	0.013749730661495367	4.103879928588867	5.229872703552246	-1.0	0.058535352881145496	-1.0	-1.0	inf	-1.0	9.380908966064453	-1.0	-1.0	inf
54	1	0	4	0.021010422964869897	0.013749730661495367	4.103879928588867	5.229872703552246	-1.0	0.058535352881145496	-1.0	-1.0	inf	-1.0	9.380908966064453	-1.0	-1.0	inf
55	1	1	0	0.021010422964869897	0.013749730661495367	4.103879928588867	5.229872703552246	-1.0	-1.0	-1.0	-1.0	-1.0	-1.0	-1.0	-1.0	-1.0	-1.0
56	1	1	1	0.021010422964869897	0.013749730661495367	4.103879928588867	5.229872703552246	0.012235315288663324	-1.0	-1.0	-1.0	-1.0	3.2367241382598877	-1.0	-1.0	-1.0	-1.0
57	1	1	2	0.021010422964869897	0.013749730661495367	4.103879928588867	5.229872703552246	inf	-1.0	inf	-1.0	-1.0	inf	-1.0	inf	-1.0	-1.0
58	1	1	3	0.021010422964869897	0.013749730661495367	4.103879928588867	5.229872703552246	-1.0	inf	-1.0	-1.0	inf	-1.0	inf	-1.0	-1.0	inf
59	1	1	4	0.021010422964869897	0.013749730661495367	4.103879928588867	5.229872703552246	-1.0	-1.0	-1.0	inf	inf	-1.0	-1.0	-1.0	inf	inf
60	1	2	0	0.058535352881145496	0.013749730661495367	9.380908966064453	5.229872703552246	0.20804816098933746	0.3921927745457157	0.34214968038497445	-1.0	0.054684694390576744	12.41913890838623	70.74205017089844	32.25690460205078	-1.0	9.088661193847656
61	1	2	1	0.058535352881145496	0.013749730661495367	9.380908966064453	5.229872703552246	-1.0	inf	-1.0	-1.0	inf	-1.0	inf	-1.0	-1.0	inf
62	1	2	2	0.058535352881145496	0.013749730661495367	9.380908966064453	5.229872703552246	-1.0	-1.0	inf	inf	-1.0	-1.0	-1.0	inf	inf	-1.0
63	1	2	3	0.058535352881145496	0.013749730661495367	9.380908966064453	5.229872703552246	0.021010422964869897	-1.0	inf	-1.0	-1.0	4.103879928588867	-1.0	inf	-1.0	-1.0
64	1	2	4	0.058535352881145496	0.013749730661495367	9.380908966064453	5.229872703552246	0.18082192849294257	inf	inf	inf	-1.0	44.01322555541992	inf	inf	inf	-1.0
65	1	3	0	0.021010422964869897	0.058535352881145496	4.103879928588867	9.380908966064453	-1.0	-1.0	0.04595959595959596	0.17909871919530082	0.047870430223371396	-1.0	-1.0	14.333579063415527	16.12960433959961	23.17015838623047
66	1	3	1	0.021010422964869897	0.058535352881145496	4.103879928588867	9.380908966064453	inf	inf	-1.0	-1.0	inf	inf	inf	-1.0	-1.0	inf
67	1	3	2	0.021010422964869897	0.058535352881145496	4.103879928588867	9.380908966064453	-1.0	-1.0	inf	-1.0	-1.0	-1.0	-1.0	inf	-1.0	-1.0
68	1	3	3	0.021010422964869897	0.058535352881145496	4.103879928588867	9.380908966064453	inf	0.1917041094196119	-1.0	inf	inf	inf	56.80503463745117	-1.0	inf	inf
69	1	3	4	0.021010422964869897	0.058535352881145496	4.103879928588867	9.380908966064453	inf	inf	inf	inf	inf	inf	inf	inf	inf	inf
70	1	4	0	0.013749730661495367	0.021010422964869897	5.229872703552246	4.103879928588867	0.07114074310545658	-1.0	-1.0	-1.0	-1.0	14.38965892791748	-1.0	-1.0	-1.0	-1.0
71	1	4	1	0.013749730661495367	0.021010422964869897	5.229872703552246	4.103879928588867	-1.0	inf	inf	inf	-1.0	-1.0	inf	inf	inf	-1.0
72	1	4	2	0.013749730661495367	0.021010422964869897	5.229872703552246	4.103879928588867	-1.0	0.021010422964869897	-1.0	inf	-1.0	-1.0	4.103879928588867	-1.0	inf	-1.0
73	1	4	3	0.013749730661495367	0.021010422964869897	5.229872703552246	4.103879928588867	-1.0	-1.0	-1.0	inf	-1.0	-1.0	-1.0	-1.0	inf	-1.0
74	1	4	4	0.013749730661495367	0.021010422964869897	5.229872703552246	4.103879928588867	inf	0.0694175338078148	inf	inf	-1.0	inf	5.957624435424805	inf	inf	-1.0
75	1	5	0	0.013749730661495367	0.0694175338078148	5.229872703552246	5.957624435424805	0.024136212090126685	inf	0.03774165426699743	-1.0	-1.0	3.009483575820923	inf	3.4096548557281494	-1.0	-1.0
76	1	5	1	0.013749730661495367	0.0694175338078148	5.229872703552246	5.957624435424805	inf	inf	-1.0	inf	-1.0	inf	inf	-1.0	inf	-1.0
77	1	5	2	0.013749730661495367	0.0694175338078148	5.229872703552246	5.957624435424805	-1.0	-1.0	-1.0	-1.0	-1.0	-1.0	-1.0	-1.0	-1.0	-1.0
78	1	5	3	0.013749730661495367	0.0694175338078148	5.229872703552246	5.957624435424805	-1.0	-1.0	-1.0	inf	-1.0	-1.0	-1.0	-1.0	inf	-1.0
79	1	5	4	0.013749730661495367	0.0694175338078148	5.229872703552246	5.957624435424805	inf	inf	inf	inf	inf	inf	inf	inf	inf	inf
80	1	6	0	0.058535352881145496	0.013749730661495367	9.380908966064453	5.229872703552246	0.07229414564294218	0.07794346419389196	inf	0.0787624482441776	0.07229414564294218	13.9695405960083	14.509000778198242	inf	13.708198547363281	14.187636375427246
81	1	6	1	0.058535352881145496	0.013749730661495367	9.380908966064453	5.229872703552246	-1.0	-1.0	-1.0	-1.0	-1.0	-1.0	-1.0	-1.0	-1.0	-1.0
82	1	6	2	0.058535352881145496	0.013749730661495367	9.380908966064453	5.229872703552246	-1.0	-1.0	-1.0	-1.0	-1.0	-1.0	-1.0	-1.0	-1.0	-1.0
83	1	6	3	0.058535352881145496	0.013749730661495367	9.380908966064453	5.229872703552246	-1.0	-1.0	-1.0	-1.0	inf	-1.0	-1.0	-1.0	-1.0	inf
84	1	6	4	0.058535352881145496	0.013749730661495367	9.380908966064453	5.229872703552246	inf	inf	inf	inf	inf	inf	inf	inf	inf	inf
85	1	7	0	0.058535352881145496	0.013749730661495367	9.380908966064453	5.229872703552246	-1.0	inf	inf	-1.0	-1.0	-1.0	inf	inf	-1.0	-1.0
86	1	7	1	0.058535352881145496	0.013749730661495367	9.380908966064453	5.229872703552246	-1.0	-1.0	-1.0	-1.0	-1.0	-1.0	-1.0	-1.0	-1.0	-1.0
87	1	7	2	0.058535352881145496	0.013749730661495367	9.380908966064453	5.229872703552246	0.1917041094196119	-1.0	inf	-1.0	-1.0	56.80503463745117	-1.0	inf	-1.0	-1.0
88	1	7	3	0.058535352881145496	0.013749730661495367	9.380908966064453	5.229872703552246	-1.0	-1.0	-1.0	-1.0	-1.0	-1.0	-1.0	-1.0	-1.0	-1.0
89	1	7	4	0.058535352881145496	0.013749730661495367	9.380908966064453	5.229872703552246	inf	inf	inf	inf	inf	inf	inf	inf	inf	inf
90	1	8	0	0.0694175338078148	0.18082192849294257	5.957624435424805	44.01322555541992	-1.0	-1.0	0.05927242691948575	-1.0	inf	-1.0	-1.0	34.40766143798828	-1.0	inf
91	1	8	1	0.0694175338078148	0.18082192849294257	5.957624435424805	44.01322555541992	inf	-1.0	inf	-1.0	-1.0	inf	-1.0	inf	-1.0	-1.0
92	1	8	2	0.0694175338078148	0.18082192849294257	5.957624435424805	44.01322555541992	-1.0	0.018152475051976934	inf	-1.0	inf	-1.0	4.961895942687988	inf	-1.0	inf
93	1	8	3	0.0694175338078148	0.18082192849294257	5.957624435424805	44.01322555541992	-1.0	-1.0	0.09856835180991992	0.06811398419444353	-1.0	-1.0	-1.0	22.203357696533203	7.83445930480957	-1.0
94	1	8	4	0.0694175338078148	0.18082192849294257	5.957624435424805	44.01322555541992	inf	-1.0	inf	inf	inf	inf	-1.0	inf	inf	inf
95	1	9	0	0.021010422964869897	0.18082192849294257	4.103879928588867	44.01322555541992	-1.0	-1.0	-1.0	0.054658689093458473	-1.0	-1.0	-1.0	-1.0	5.262932300567627	-1.0
96	1	9	1	0.021010422964869897	0.18082192849294257	4.103879928588867	44.01322555541992	inf	inf	-1.0	0.17975209575650655	inf	inf	inf	-1.0	34.78908920288086	inf
97	1	9	2	0.021010422964869897	0.18082192849294257	4.103879928588867	44.01322555541992	0.23800414701209407	-1.0	0.23324038978626604	-1.0	-1.0	43.63983917236328	-1.0	41.39942932128906	-1.0	-1.0
98	1	9	3	0.021010422964869897	0.18082192849294257	4.103879928588867	44.01322555541992	-1.0	-1.0	0.026042021403061746	inf	-1.0	-1.0	-1.0	4.649400234222412	inf	-1.0
99	1	9	4	0.021010422964869897	0.18082192849294257	4.103879928588867	44.01322555541992	inf	0.1294886210662476	-1.0	0.1917041094196119	inf	inf	18.428394317626953	-1.0	56.80503463745117	inf
100	2	0	0	0.006666666666666667	0.006252570958453311	8.245037078857422	10.155913352966309	inf	0.018152475051976934	0.018152475051976934	0.9130492433659855	-1.0	inf	18.667940139770508	3.7706499099731445	37.94548034667969	-1.0
101	2	0	1	0.006666666666666667	0.006252570958453311	8.245037078857422	10.155913352966309	0.038560638317283055	0.038560638317283055	-1.0	0.013749730661495367	inf	4.502566337585449	13.187899589538574	-1.0	5.229872703552246	inf
102	2	0	2	0.006666666666666667	0.006252570958453311	8.245037078857422	10.155913352966309	0.018152475051976934	0.025641025641025644	-1.0	-1.0	-1.0	3.7706499099731445	119.80753326416016	-1.0	-1.0	-1.0
103	2	0	3	0.006666666666666667	0.006252570958453311	8.245037078857422	10.155913352966309	inf	0.019038036377098697	-1.0	-1.0	0.018152475051976934	inf	3.564422130584717	-1.0	-1.0	3.7706499099731445
104	2	0	4	0.006666666666666667	0.006252570958453311	8.245037078857422	10.155913352966309	0.018152475051976934	0.1917041094196119	0.20713477698771818	-1.0	-1.0	3.7706499099731445	56.80503463745117	58.314022064208984	-1.0	-1.0
105	2	1	0	0.20713477698771818	0.006666666666666667	58.314022064208984	8.245037078857422	0.018152475051976934	inf	inf	-1.0	inf	5.734816074371338	inf	inf	-1.0	inf
106	2	1	1	0.20713477698771818	0.006666666666666667	58.314022064208984	8.245037078857422	-1.0	-1.0	-1.0	inf	-1.0	-1.0	-1.0	-1.0	inf	-1.0
107	2	1	2	0.20713477698771818	0.006666666666666667	58.314022064208984	8.245037078857422	-1.0	-1.0	-1.0	-1.0	0.013749730661495367	-1.0	-1.0	-1.0	-1.0	5.229872703552246
108	2	1	3	0.20713477698771818	0.006666666666666667	58.314022064208984	8.245037078857422	-1.0	inf	-1.0	-1.0	0.11091808518279107	-1.0	inf	-1.0	-1.0	5.770916938781738
109	2	1	4	0.20713477698771818	0.006666666666666667	58.314022064208984	8.245037078857422	0.013749730661495367	-1.0	0.05322045281739566	-1.0	0.018152475051976934	5.229872703552246	-1.0	5.551649570465088	-1.0	9.932628631591797
110	2	2	0	0.05322045281739566	0.1917041094196119	5.551649570465088	56.80503463745117	inf	-1.0	0.025641025641025644	-1.0	-1.0	inf	-1.0	119.89649963378906	-1.0	-1.0
111	2	2	1	0.05322045281739566	0.1917041094196119	5.551649570465088	56.80503463745117	-1.0	-1.0	-1.0	-1.0	-1.0	-1.0	-1.0	-1.0	-1.0	-1.0
112	2	2	2	0.05322045281739566	0.1917041094196119	5.551649570465088	56.80503463745117	-1.0	-1.0	0.018152475051976934	-1.0	-1.0	-1.0	-1.0	9.209783554077148	-1.0	-1.0
113	2	2	3	0.05322045281739566	0.1917041094196119	5.551649570465088	56.80503463745117	inf	-1.0	0.10817083243553832	-1.0	-1.0	inf	-1.0	6.563784599304199	-1.0	-1.0
114	2	2	4	0.05322045281739566	0.1917041094196119	5.551649570465088	56.80503463745117	-1.0	0.10406752328498403	-1.0	-1.0	inf	-1.0	4.296742916107178	-1.0	-1.0	inf
115	2	3	0	0.018152475051976934	0.05322045281739566	3.7706499099731445	5.551649570465088	inf	0.025641025641025644	-1.0	0.013749730661495367	-1.0	inf	119.80279541015625	-1.0	5.229872703552246	-1.0
116	2	3	1	0.018152475051976934	0.05322045281739566	3.7706499099731445	5.551649570465088	0.025376176111470233	-1.0	-1.0	-1.0	-1.0	5.743816375732422	-1.0	-1.0	-1.0	-1.0
117	2	3	2	0.018152475051976934	0.05322045281739566	3.7706499099731445	5.551649570465088	-1.0	-1.0	-1.0	-1.0	-1.0	-1.0	-1.0	-1.0	-1.0	-1.0
118	2	3	3	0.018152475051976934	0.05322045281739566	3.7706499099731445	5.551649570465088	-1.0	inf	inf	0.10406752328498403	inf	-1.0	inf	inf	4.296742916107178	inf
119	2	3	4	0.018152475051976934	0.05322045281739566	3.7706499099731445	5.551649570465088	-1.0	-1.0	-1.0	inf	-1.0	-1.0	-1.0	-1.0	inf	-1.0
120	2	4	0	0.006252570958453311	0.018152475051976934	10.155913352966309	3.7706499099731445	inf	-1.0	-1.0	-1.0	-1.0	inf	-1.0	-1.0	-1.0	-1.0
121	2	4	1	0.006252570958453311	0.018152475051976934	10.155913352966309	3.7706499099731445	0.03516214177978884	inf	0.2920527185233068	inf	-1.0	7.910141468048096	inf	27.791574478149414	inf	-1.0
122	2	4	2	0.006252570958453311	0.018152475051976934	10.155913352966309	3.7706499099731445	-1.0	inf	-1.0	-1.0	-1.0	-1.0	inf	-1.0	-1.0	-1.0
123	2	4	3	0.006252570958453311	0.018152475051976934	10.155913352966309	3.7706499099731445	-1.0	-1.0	-1.0	0.10229640063474049	-1.0	-1.0	-1.0	-1.0	4.721717357635498	-1.0
124	2	4	4	0.006252570958453311	0.018152475051976934	10.155913352966309	3.7706499099731445	-1.0	-1.0	-1.0	inf	-1.0	-1.0	-1.0	-1.0	inf	-1.0
125	2	5	0	0.006666666666666667	0.018152475051976934	8.245037078857422	3.7706499099731445	inf	-1.0	-1.0	-1.0	-1.0	inf	-1.0	-1.0	-1.0	-1.0
126	2	5	1	0.006666666666666667	0.018152475051976934	8.245037078857422	3.7706499099731445	0.025641025641025644	0.018152475051976934	-1.0	-1.0	inf	119.80753326416016	3.7706499099731445	-1.0	-1.0	inf
127	2	5	2	0.006666666666666667	0.018152475051976934	8.245037078857422	3.7706499099731445	inf	inf	-1.0	-1.0	-1.0	inf	inf	-1.0	-1.0	-1.0
128	2	5	3	0.006666666666666667	0.018152475051976934	8.245037078857422	3.7706499099731445	-1.0	inf	-1.0	0.013749730661495367	-1.0	-1.0	inf	-1.0	5.229872703552246	-1.0
129	2	5	4	0.006666666666666667	0.018152475051976934	8.245037078857422	3.7706499099731445	inf	-1.0	-1.0	-1.0	inf	inf	-1.0	-1.0	-1.0	inf
130	2	6	0	0.20713477698771818	0.1917041094196119	58.314022064208984	56.80503463745117	inf	-1.0	-1.0	inf	0.02015998707175178	inf	-1.0	-1.0	inf	17.470626831054688
131	2	6	1	0.20713477698771818	0.1917041094196119	58.314022064208984	56.80503463745117	inf	-1.0	0.018152475051976934	-1.0	inf	inf	-1.0	18.667940139770508	-1.0	inf
132	2	6	2	0.20713477698771818	0.1917041094196119	58.314022064208984	56.80503463745117	-1.0	-1.0	-1.0	-1.0	-1.0	-1.0	-1.0	-1.0	-1.0	-1.0
133	2	6	3	0.20713477698771818	0.1917041094196119	58.314022064208984	56.80503463745117	-1.0	inf	-1.0	-1.0	-1.0	-1.0	inf	-1.0	-1.0	-1.0
134	2	6	4	0.20713477698771818	0.1917041094196119	58.314022064208984	56.80503463745117	inf	-1.0	-1.0	-1.0	-1.0	inf	-1.0	-1.0	-1.0	-1.0
135	2	7	0	0.20713477698771818	0.013749730661495367	58.314022064208984	5.229872703552246	-1.0	-1.0	-1.0	inf	-1.0	-1.0	-1.0	-1.0	inf	-1.0
136	2	7	1	0.20713477698771818	0.013749730661495367	58.314022064208984	5.229872703552246	inf	inf	-1.0	-1.0	-1.0	inf	inf	-1.0	-1.0	-1.0
137	2	7	2	0.20713477698771818	0.013749730661495367	58.314022064208984	5.229872703552246	-1.0	-1.0	-1.0	-1.0	-1.0	-1.0	-1.0	-1.0	-1.0	-1.0
138	2	7	3	0.20713477698771818	0.013749730661495367	58.314022064208984	5.229872703552246	-1.0	0.022296739208503915	-1.0	-1.0	inf	-1.0	6.584068298339844	-1.0	-1.0	inf
139	2	7	4	0.20713477698771818	0.013749730661495367	58.314022064208984	5.229872703552246	inf	-1.0	-1.0	-1.0	-1.0	inf	-1.0	-1.0	-1.0	-1.0
140	2	8	0	0.013749730661495367	0.018152475051976934	5.229872703552246	9.932628631591797	0.025641025641025644	-1.0	-1.0	-1.0	-1.0	119.80753326416016	-1.0	-1.0	-1.0	-1.0
141	2	8	1	0.013749730661495367	0.018152475051976934	5.229872703552246	9.932628631591797	inf	-1.0	inf	-1.0	-1.0	inf	-1.0	inf	-1.0	-1.0
142	2	8	2	0.013749730661495367	0.018152475051976934	5.229872703552246	9.932628631591797	-1.0	-1.0	-1.0	-1.0	-1.0	-1.0	-1.0	-1.0	-1.0	-1.0
143	2	8	3	0.013749730661495367	0.018152475051976934	5.229872703552246	9.932628631591797	-1.0	-1.0	inf	inf	-1.0	-1.0	-1.0	inf	inf	-1.0
144	2	8	4	0.013749730661495367	0.018152475051976934	5.229872703552246	9.932628631591797	-1.0	-1.0	inf	-1.0	-1.0	-1.0	-1.0	inf	-1.0	-1.0
145	2	9	0	0.10406752328498403	0.006666666666666667	4.296742916107178	8.245037078857422	-1.0	-1.0	0.11983318968613088	-1.0	-1.0	-1.0	-1.0	16.86037826538086	-1.0	-1.0
146	2	9	1	0.10406752328498403	0.006666666666666667	4.296742916107178	8.245037078857422	inf	-1.0	-1.0	-1.0	-1.0	inf	-1.0	-1.0	-1.0	-1.0
147	2	9	2	0.10406752328498403	0.006666666666666667	4.296742916107178	8.245037078857422	0.018152475051976934	-1.0	-1.0	-1.0	-1.0	18.667940139770508	-1.0	-1.0	-1.0	-1.0
148	2	9	3	0.10406752328498403	0.006666666666666667	4.296742916107178	8.245037078857422	-1.0	-1.0	inf	-1.0	-1.0	-1.0	-1.0	inf	-1.0	-1.0
149	2	9	4	0.10406752328498403	0.006666666666666667	4.296742916107178	8.245037078857422	inf	-1.0	-1.0	-1.0	inf	inf	-1.0	-1.0	-1.0	inf
