	reset_island_iter	improve_iter	island	program_1_hamming_score	program_2_hamming_score	program_1_neural_score	program_2_neural_score	output_program_1_hamming_score	output_program_2_hamming_score	output_program_3_hamming_score	output_program_4_hamming_score	output_program_5_hamming_score	output_program_1_neural_score	output_program_2_neural_score	output_program_3_neural_score	output_program_4_neural_score	output_program_5_neural_score
0	0	0	0	0.15	0.15	3.0614707469940186	3.0614707469940186	0.13999999999999999	0.13999999999999999	0.09999999999999999	0.06	0.09333333333333334	2.267127275466919	2.452579975128174	1.9774949550628662	1.587134	1.9267244338989258
1	0	0	1	0.15	0.15	3.0614707469940186	3.0614707469940186	0.09333333333333334	-1.0	0.11666666666666668	0.09333333333333334	-1.0	1.9267244338989258	-1.0	2.270723581314087	2.234735	-1.0
2	0	0	2	0.15	0.15	3.0614707469940186	3.0614707469940186	0.9333333333333332	0.9499999999999998	1.0	1.0	1.0	21.396665573120117	29.378055572509766	30.3941650390625	29.684696	29.711605072021484
3	0	0	3	0.15	0.15	3.0614707469940186	3.0614707469940186	0.09333333333333334	0.13	0.13	0.12	0.060000000000000005	1.856841802597046	2.137955665588379	2.83402681350708	2.135417	1.7781399488449097
4	0	0	4	0.15	0.15	3.0614707469940186	3.0614707469940186	0.12333333333333334	inf	inf	0.12000000000000001	inf	2.335178852081299	inf	inf	1.7865059	inf
5	0	1	0	0.12000000000000001	0.15	1.786505937576294	3.0614707469940186	-1.0	inf	-1.0	0.09333333333333334	0.09333333333333334	-1.0	inf	-1.0	2.234735	1.7983192205429077
6	0	1	1	0.12000000000000001	0.15	1.786505937576294	3.0614707469940186	0.12000000000000001	0.12666666666666668	-1.0	0.12666666666666668	inf	1.786505937576294	2.772491216659546	-1.0	4.669363	inf
7	0	1	2	0.12000000000000001	0.15	1.786505937576294	3.0614707469940186	0.9033333333333333	0.10333333333333333	0.9133333333333334	0.15	0.12666666666666668	25.96578025817871	2.4769129753112793	29.537017822265625	3.0614707	2.604862928390503
8	0	1	3	0.12000000000000001	0.15	1.786505937576294	3.0614707469940186	0.09333333333333334	0.06	0.15	0.0		2.0521864891052246	1.9537633657455444	27.120010375976562	0.0	
