	reset_island_iter	improve_iter	island	program_1_hamming_score	program_2_hamming_score	program_1_neural_score	program_2_neural_score	output_program_1_hamming_score	output_program_2_hamming_score	output_program_3_hamming_score	output_program_4_hamming_score	output_program_5_hamming_score	output_program_1_neural_score	output_program_2_neural_score	output_program_3_neural_score	output_program_4_neural_score	output_program_5_neural_score
0	0	0	0	12.666666666666666	12.666666666666666	20.71073341369629	4.014487266540527	36.333333333333336	-1.0	inf	-1.0	64.66666666666667	16.278873443603516	-1.0	inf	-1.0	24.374488830566406
1	0	0	1	12.666666666666666	12.666666666666666	20.71073341369629	4.014487266540527	23.0	-1.0	inf	48.666666666666664	inf	9.093306541442871	-1.0	inf	17.986801147460938	inf
2	0	0	2	12.666666666666666	12.666666666666666	20.71073341369629	4.014487266540527	12.333333333333334	17.333333333333332	-1.0	inf	inf	7.690417289733887	9.513598442077637	-1.0	inf	inf
3	0	0	3	12.666666666666666	12.666666666666666	20.71073341369629	4.014487266540527	inf	inf	inf	23.666666666666668	44.666666666666664	inf	inf	inf	16.876340866088867	40.1621208190918
4	0	0	4	12.666666666666666	12.666666666666666	20.71073341369629	4.014487266540527	inf	29.333333333333332	14.333333333333334	inf	40.333333333333336	inf	7.453914642333984	13.411108016967773	inf	8.639127731323242
5	0	1	0	12.666666666666666	12.666666666666666	4.014487266540527	20.71073341369629	inf	23.666666666666668	-1.0	-1.0	27.0	inf	16.876340866088867	-1.0	-1.0	11.424956321716309
6	0	1	1	12.666666666666666	12.666666666666666	4.014487266540527	20.71073341369629	inf	14.666666666666666	inf	29.0	-1.0	inf	14.093623161315918	inf	10.366915702819824	-1.0
7	0	1	2	12.666666666666666	12.666666666666666	4.014487266540527	20.71073341369629	-1.0	-1.0	-1.0	-1.0	-1.0	-1.0	-1.0	-1.0	-1.0	-1.0
8	0	1	3	12.666666666666666	12.666666666666666	4.014487266540527	20.71073341369629	inf	16.333333333333332	inf	-1.0	-1.0	inf	4.99915885925293	inf	-1.0	-1.0
9	0	1	4	12.666666666666666	12.666666666666666	4.014487266540527	20.71073341369629	inf	inf	21.666666666666668	inf	-1.0	inf	inf	7.998104572296143	inf	-1.0
10	0	2	0	12.666666666666666	12.666666666666666	4.014487266540527	20.71073341369629	42.0	-1.0	-1.0	17.333333333333332	-1.0	20.717449188232422	-1.0	-1.0	9.513598442077637	-1.0
11	0	2	1	12.666666666666666	12.666666666666666	4.014487266540527	20.71073341369629	inf	inf	-1.0	51.333333333333336	inf	inf	inf	-1.0	36.860755920410156	inf
12	0	2	2	12.666666666666666	12.666666666666666	4.014487266540527	20.71073341369629	inf	16.333333333333332	21.0	17.666666666666668	50.333333333333336	inf	4.99915885925293	5.731721878051758	15.879986763000488	46.02378845214844
13	0	2	3	12.666666666666666	12.666666666666666	4.014487266540527	20.71073341369629	inf	inf	12.333333333333334	inf	-1.0	inf	inf	6.555199146270752	inf	-1.0
14	0	2	4	12.666666666666666	12.666666666666666	4.014487266540527	20.71073341369629	inf	inf	inf	-1.0	inf	inf	inf	inf	-1.0	inf
15	0	3	0	12.666666666666666	12.666666666666666	20.71073341369629	4.014487266540527	-1.0	-1.0	-1.0	-1.0	40.666666666666664	-1.0	-1.0	-1.0	-1.0	25.98182487487793
16	0	3	1	12.666666666666666	12.666666666666666	20.71073341369629	4.014487266540527	inf	16.333333333333332	15.666666666666666	inf	10.333333333333334	inf	4.99915885925293	9.2217435836792	inf	4.183887958526611
17	0	3	2	12.666666666666666	12.666666666666666	20.71073341369629	4.014487266540527	inf	inf	inf	-1.0	inf	inf	inf	inf	-1.0	inf
18	0	3	3	12.666666666666666	12.666666666666666	20.71073341369629	4.014487266540527	inf	-1.0	-1.0	-1.0	-1.0	inf	-1.0	-1.0	-1.0	-1.0
19	0	3	4	12.666666666666666	12.666666666666666	20.71073341369629	4.014487266540527	-1.0	18.666666666666668	-1.0	-1.0	-1.0	-1.0	16.797300338745117	-1.0	-1.0	-1.0
20	0	4	0	12.666666666666666	12.666666666666666	20.71073341369629	4.014487266540527	16.333333333333332	14.333333333333334	inf	-1.0	20.0	4.99915885925293	13.411108016967773	inf	-1.0	16.455764770507812
21	0	4	1	12.666666666666666	12.666666666666666	20.71073341369629	4.014487266540527	-1.0	14.666666666666666	inf	43.333333333333336	42.0	-1.0	5.1385931968688965	inf	15.652205467224121	20.717449188232422
22	0	4	2	12.666666666666666	12.666666666666666	20.71073341369629	4.014487266540527	inf	inf	inf	inf	inf	inf	inf	inf	inf	inf
23	0	4	3	12.666666666666666	12.666666666666666	20.71073341369629	4.014487266540527	inf	-1.0	36.333333333333336	inf	42.0	inf	-1.0	16.278873443603516	inf	20.717449188232422
24	0	4	4	12.666666666666666	12.666666666666666	20.71073341369629	4.014487266540527	inf	42.0	-1.0	42.666666666666664	61.333333333333336	inf	20.717449188232422	-1.0	41.3014030456543	81.98342895507812
25	0	5	0	14.333333333333334	12.666666666666666	13.411108016967773	20.71073341369629	-1.0	21.666666666666668	-1.0	22.0	-1.0	-1.0	5.057538986206055	-1.0	5.128284931182861	-1.0
26	0	5	1	14.333333333333334	12.666666666666666	13.411108016967773	20.71073341369629	-1.0	-1.0	11.333333333333334	15.0	9.333333333333334	-1.0	-1.0	4.8060221672058105	8.804194450378418	5.413758754730225
27	0	5	2	14.333333333333334	12.666666666666666	13.411108016967773	20.71073341369629	inf	inf	inf	inf	inf	inf	inf	inf	inf	inf
28	0	5	3	14.333333333333334	12.666666666666666	13.411108016967773	20.71073341369629	inf	21.0	inf	15.0	inf	inf	5.731721878051758	inf	8.804194450378418	inf
29	0	5	4	14.333333333333334	12.666666666666666	13.411108016967773	20.71073341369629	inf	9.333333333333334	12.333333333333334	inf	23.0	inf	5.413758754730225	6.555199146270752	inf	9.093306541442871
30	0	6	0	9.333333333333334	14.333333333333334	5.413758754730225	13.411108016967773	-1.0	23.0	inf	inf	-1.0	-1.0	9.093306541442871	inf	inf	-1.0
31	0	6	1	9.333333333333334	14.333333333333334	5.413758754730225	13.411108016967773	-1.0	-1.0	-1.0	12.333333333333334	-1.0	-1.0	-1.0	-1.0	6.555199146270752	-1.0
32	0	6	2	9.333333333333334	14.333333333333334	5.413758754730225	13.411108016967773	inf	inf	inf	inf	inf	inf	inf	inf	inf	inf
33	0	6	3	9.333333333333334	14.333333333333334	5.413758754730225	13.411108016967773	inf	inf	inf	inf	23.0	inf	inf	inf	inf	9.093306541442871
34	0	6	4	9.333333333333334	14.333333333333334	5.413758754730225	13.411108016967773	-1.0	inf	-1.0	11.0	-1.0	-1.0	inf	-1.0	12.340655326843262	-1.0
35	0	7	0	9.333333333333334	11.0	5.413758754730225	12.340655326843262	inf	inf	-1.0	-1.0	-1.0	inf	inf	-1.0	-1.0	-1.0
36	0	7	1	9.333333333333334	11.0	5.413758754730225	12.340655326843262	18.0	-1.0	21.0	-1.0	19.333333333333332	4.7676920890808105	-1.0	5.731721878051758	-1.0	5.778928279876709
37	0	7	2	9.333333333333334	11.0	5.413758754730225	12.340655326843262	inf	inf	inf	-1.0	inf	inf	inf	inf	-1.0	inf
38	0	7	3	9.333333333333334	11.0	5.413758754730225	12.340655326843262	inf	inf	inf	-1.0	inf	inf	inf	inf	-1.0	inf
39	0	7	4	9.333333333333334	11.0	5.413758754730225	12.340655326843262	inf	inf	-1.0	inf	inf	inf	inf	-1.0	inf	inf
40	0	8	0	9.333333333333334	12.333333333333334	5.413758754730225	6.555199146270752	inf	inf	inf	inf	-1.0	inf	inf	inf	inf	-1.0
41	0	8	1	9.333333333333334	12.333333333333334	5.413758754730225	6.555199146270752	-1.0	-1.0	14.0	-1.0	inf	-1.0	-1.0	16.459091186523438	-1.0	inf
42	0	8	2	9.333333333333334	12.333333333333334	5.413758754730225	6.555199146270752	inf	inf	-1.0	-1.0	-1.0	inf	inf	-1.0	-1.0	-1.0
43	0	8	3	9.333333333333334	12.333333333333334	5.413758754730225	6.555199146270752	inf	-1.0	-1.0	inf	inf	inf	-1.0	-1.0	inf	inf
44	0	8	4	9.333333333333334	12.333333333333334	5.413758754730225	6.555199146270752	-1.0	15.0	-1.0	inf	21.0	-1.0	8.804194450378418	-1.0	inf	5.731721878051758
45	0	9	0	9.333333333333334	11.0	5.413758754730225	12.340655326843262	-1.0	-1.0	-1.0	-1.0	-1.0	-1.0	-1.0	-1.0	-1.0	-1.0
46	0	9	1	9.333333333333334	11.0	5.413758754730225	12.340655326843262	17.333333333333332	6.333333333333333	-1.0	25.333333333333332	-1.0	16.07756805419922	2.4516773223876953	-1.0	12.327075004577637	-1.0
47	0	9	2	9.333333333333334	11.0	5.413758754730225	12.340655326843262	inf	inf	-1.0	-1.0	inf	inf	inf	-1.0	-1.0	inf
48	0	9	3	9.333333333333334	11.0	5.413758754730225	12.340655326843262	inf	11.333333333333334	-1.0	-1.0	inf	inf	4.8060221672058105	-1.0	-1.0	inf
49	0	9	4	9.333333333333334	11.0	5.413758754730225	12.340655326843262	-1.0	-1.0	-1.0	8.333333333333334	-1.0	-1.0	-1.0	-1.0	4.955653667449951	-1.0
50	1	0	0	12.333333333333334	12.333333333333334	7.690417289733887	6.555199146270752	12.666666666666666	-1.0	inf	42.0	-1.0	20.71073341369629	-1.0	inf	81.70159149169922	-1.0
51	1	0	1	12.333333333333334	12.333333333333334	7.690417289733887	6.555199146270752	-1.0	-1.0	21.0	12.333333333333334	23.0	-1.0	-1.0	5.731721878051758	6.555199146270752	9.093306541442871
52	1	0	2	12.333333333333334	12.333333333333334	7.690417289733887	6.555199146270752	12.666666666666666	inf	-1.0	-1.0	-1.0	20.71073341369629	inf	-1.0	-1.0	-1.0
53	1	0	3	12.333333333333334	12.333333333333334	7.690417289733887	6.555199146270752	9.333333333333334	-1.0	21.0	-1.0	-1.0	5.413758754730225	-1.0	5.731721878051758	-1.0	-1.0
54	1	0	4	12.333333333333334	12.333333333333334	7.690417289733887	6.555199146270752	12.666666666666666	-1.0	-1.0	inf	-1.0	20.71073341369629	-1.0	-1.0	inf	-1.0
55	1	1	0	12.333333333333334	12.666666666666666	7.690417289733887	20.71073341369629	inf	-1.0	-1.0	-1.0	-1.0	inf	-1.0	-1.0	-1.0	-1.0
56	1	1	1	12.333333333333334	12.666666666666666	7.690417289733887	20.71073341369629	8.666666666666666	10.333333333333334	9.333333333333334	40.0	-1.0	5.616820335388184	13.603391647338867	4.690619468688965	25.935943603515625	-1.0
57	1	1	2	12.333333333333334	12.666666666666666	7.690417289733887	20.71073341369629	inf	inf	10.333333333333334	inf	-1.0	inf	inf	10.007697105407715	inf	-1.0
58	1	1	3	12.333333333333334	12.666666666666666	7.690417289733887	20.71073341369629	42.0	25.333333333333332	-1.0	12.666666666666666	-1.0	20.717449188232422	12.327075004577637	-1.0	20.71073341369629	-1.0
59	1	1	4	12.333333333333334	12.666666666666666	7.690417289733887	20.71073341369629	inf	-1.0	inf	inf	inf	inf	-1.0	inf	inf	inf
60	1	2	0	12.333333333333334	12.333333333333334	7.690417289733887	6.555199146270752	inf	42.666666666666664	42.0	-1.0	-1.0	inf	14.882509231567383	20.717449188232422	-1.0	-1.0
61	1	2	1	12.333333333333334	12.333333333333334	7.690417289733887	6.555199146270752	12.666666666666666	9.666666666666666	11.333333333333334	13.333333333333334	5.666666666666667	20.71073341369629	5.439172744750977	4.8060221672058105	5.280476093292236	5.518851280212402
62	1	2	2	12.333333333333334	12.333333333333334	7.690417289733887	6.555199146270752	inf	13.0	10.0	-1.0	16.333333333333332	inf	18.134849548339844	6.698863506317139	-1.0	4.99915885925293
63	1	2	3	12.333333333333334	12.333333333333334	7.690417289733887	6.555199146270752	-1.0	-1.0	-1.0	-1.0	50.333333333333336	-1.0	-1.0	-1.0	-1.0	19.12598419189453
64	1	2	4	12.333333333333334	12.333333333333334	7.690417289733887	6.555199146270752	17.333333333333332	-1.0	-1.0	-1.0	-1.0	9.513598442077637	-1.0	-1.0	-1.0	-1.0
65	1	3	0	12.333333333333334	12.666666666666666	7.690417289733887	20.71073341369629	inf	inf	-1.0	inf	-1.0	inf	inf	-1.0	inf	-1.0
66	1	3	1	12.333333333333334	12.666666666666666	7.690417289733887	20.71073341369629	-1.0	15.0	-1.0	42.666666666666664	-1.0	-1.0	8.804194450378418	-1.0	39.48168182373047	-1.0
67	1	3	2	12.333333333333334	12.666666666666666	7.690417289733887	20.71073341369629	-1.0	inf	10.0	10.666666666666666	inf	-1.0	inf	11.731367111206055	13.129258155822754	inf
68	1	3	3	12.333333333333334	12.666666666666666	7.690417289733887	20.71073341369629	-1.0	-1.0	23.666666666666668	-1.0	18.0	-1.0	-1.0	16.876340866088867	-1.0	12.661198616027832
69	1	3	4	12.333333333333334	12.666666666666666	7.690417289733887	20.71073341369629	-1.0	-1.0	-1.0	-1.0	-1.0	-1.0	-1.0	-1.0	-1.0	-1.0
70	1	4	0	12.333333333333334	12.333333333333334	7.690417289733887	6.555199146270752	inf	inf	inf	inf	inf	inf	inf	inf	inf	inf
71	1	4	1	12.333333333333334	12.333333333333334	7.690417289733887	6.555199146270752	18.0	28.333333333333332	70.0	48.0	-1.0	4.86542272567749	10.797994613647461	66.70918273925781	40.26749801635742	-1.0
72	1	4	2	12.333333333333334	12.333333333333334	7.690417289733887	6.555199146270752	-1.0	18.0	31.0	16.0	-1.0	-1.0	10.451478958129883	8.564157485961914	14.313545227050781	-1.0
73	1	4	3	12.333333333333334	12.333333333333334	7.690417289733887	6.555199146270752	16.333333333333332	-1.0	24.333333333333332	-1.0	-1.0	4.99915885925293	-1.0	11.229031562805176	-1.0	-1.0
74	1	4	4	12.333333333333334	12.333333333333334	7.690417289733887	6.555199146270752	inf	inf	-1.0	-1.0	-1.0	inf	inf	-1.0	-1.0	-1.0
75	1	5	0	12.333333333333334	12.333333333333334	7.690417289733887	6.555199146270752	inf	inf	48.666666666666664	-1.0	inf	inf	inf	17.986801147460938	-1.0	inf
76	1	5	1	12.333333333333334	12.333333333333334	7.690417289733887	6.555199146270752	10.0	inf	inf	12.0	11.0	5.450753688812256	inf	inf	12.672857284545898	13.307954788208008
77	1	5	2	12.333333333333334	12.333333333333334	7.690417289733887	6.555199146270752	inf	-1.0	42.0	-1.0	inf	inf	-1.0	20.717449188232422	-1.0	inf
78	1	5	3	12.333333333333334	12.333333333333334	7.690417289733887	6.555199146270752	-1.0	-1.0	-1.0	53.666666666666664	-1.0	-1.0	-1.0	-1.0	29.73563575744629	-1.0
79	1	5	4	12.333333333333334	12.333333333333334	7.690417289733887	6.555199146270752	9.0	16.333333333333332	11.333333333333334	inf	inf	5.973479270935059	4.99915885925293	4.8060221672058105	inf	inf
80	1	6	0	9.0	12.333333333333334	5.973479270935059	7.690417289733887	inf	-1.0	-1.0	-1.0	-1.0	inf	-1.0	-1.0	-1.0	-1.0
81	1	6	1	9.0	12.333333333333334	5.973479270935059	7.690417289733887	11.666666666666666	inf	inf	-1.0	inf	5.0902252197265625	inf	inf	-1.0	inf
82	1	6	2	9.0	12.333333333333334	5.973479270935059	7.690417289733887	-1.0	15.666666666666666	40.666666666666664	inf	43.333333333333336	-1.0	9.2217435836792	25.98182487487793	inf	15.652205467224121
83	1	6	3	9.0	12.333333333333334	5.973479270935059	7.690417289733887	-1.0	12.333333333333334	-1.0	30.333333333333332	40.666666666666664	-1.0	6.555199146270752	-1.0	7.620896816253662	25.98182487487793
84	1	6	4	9.0	12.333333333333334	5.973479270935059	7.690417289733887	inf	inf	-1.0	inf	inf	inf	inf	-1.0	inf	inf
85	1	7	0	9.0	12.333333333333334	5.973479270935059	6.555199146270752	inf	inf	-1.0	inf	-1.0	inf	inf	-1.0	inf	-1.0
86	1	7	1	9.0	12.333333333333334	5.973479270935059	6.555199146270752	inf	inf	inf	inf	inf	inf	inf	inf	inf	inf
87	1	7	2	9.0	12.333333333333334	5.973479270935059	6.555199146270752	inf	inf	19.666666666666668	-1.0	40.666666666666664	inf	inf	9.690102577209473	-1.0	19.757356643676758
88	1	7	3	9.0	12.333333333333334	5.973479270935059	6.555199146270752	-1.0	-1.0	-1.0	-1.0	15.0	-1.0	-1.0	-1.0	-1.0	8.804194450378418
89	1	7	4	9.0	12.333333333333334	5.973479270935059	6.555199146270752	inf	inf	inf	inf	inf	inf	inf	inf	inf	inf
90	1	8	0	9.0	12.333333333333334	5.973479270935059	7.690417289733887	inf	-1.0	inf	inf	9.333333333333334	inf	-1.0	inf	inf	5.413758754730225
91	1	8	1	9.0	12.333333333333334	5.973479270935059	7.690417289733887	19.333333333333332	inf	inf	-1.0	-1.0	14.437743186950684	inf	inf	-1.0	-1.0
92	1	8	2	9.0	12.333333333333334	5.973479270935059	7.690417289733887	inf	19.666666666666668	inf	-1.0	inf	inf	5.473286151885986	inf	-1.0	inf
93	1	8	3	9.0	12.333333333333334	5.973479270935059	7.690417289733887	11.0	-1.0	-1.0	-1.0	-1.0	12.340655326843262	-1.0	-1.0	-1.0	-1.0
94	1	8	4	9.0	12.333333333333334	5.973479270935059	7.690417289733887	-1.0	inf	-1.0	inf	inf	-1.0	inf	-1.0	inf	inf
95	1	9	0	9.0	12.333333333333334	5.973479270935059	6.555199146270752	inf	inf	inf	-1.0	-1.0	inf	inf	inf	-1.0	-1.0
96	1	9	1	9.0	12.333333333333334	5.973479270935059	6.555199146270752	inf	inf	9.333333333333334	inf	-1.0	inf	inf	5.593977928161621	inf	-1.0
97	1	9	2	9.0	12.333333333333334	5.973479270935059	6.555199146270752	inf	inf	-1.0	-1.0	inf	inf	inf	-1.0	-1.0	inf
98	1	9	3	9.0	12.333333333333334	5.973479270935059	6.555199146270752	-1.0	-1.0	-1.0	16.666666666666668	-1.0	-1.0	-1.0	-1.0	14.982062339782715	-1.0
99	1	9	4	9.0	12.333333333333334	5.973479270935059	6.555199146270752	inf	inf	inf	41.666666666666664	inf	inf	inf	inf	17.717262268066406	inf
100	2	0	0	10.0	9.666666666666666	6.698863506317139	3.7895543575286865	-1.0	-1.0	12.0	10.0	4.666666666666667	-1.0	-1.0	7.037479400634766	6.698863506317139	2.9113118648529053
101	2	0	1	10.0	9.666666666666666	6.698863506317139	3.7895543575286865	8.333333333333334	inf	11.666666666666666	11.0	9.0	3.640158176422119	inf	5.270775318145752	4.618370532989502	5.3526530265808105
102	2	0	2	10.0	9.666666666666666	6.698863506317139	3.7895543575286865	10.666666666666666	12.333333333333334	inf	inf	inf	3.9377217292785645	5.496804237365723	inf	inf	inf
103	2	0	3	10.0	9.666666666666666	6.698863506317139	3.7895543575286865	20.333333333333332	10.0	-1.0	16.666666666666668	49.666666666666664	5.270206451416016	6.698863506317139	-1.0	6.40182638168335	45.97182083129883
104	2	0	4	10.0	9.666666666666666	6.698863506317139	3.7895543575286865	14.666666666666666	-1.0	12.0	-1.0	inf	6.633049011230469	-1.0	6.688900470733643	-1.0	inf
105	2	1	0	9.666666666666666	12.0	3.7895543575286865	6.688900470733643	5.666666666666667	-1.0	-1.0	33.333333333333336	-1.0	3.168898105621338	-1.0	-1.0	20.09824562072754	-1.0
106	2	1	1	9.666666666666666	12.0	3.7895543575286865	6.688900470733643	15.666666666666666	inf	-1.0	12.0	-1.0	6.146536827087402	inf	-1.0	4.832111358642578	-1.0
107	2	1	2	9.666666666666666	12.0	3.7895543575286865	6.688900470733643	inf	21.0	inf	11.0	inf	inf	5.731722354888916	inf	5.210432052612305	inf
108	2	1	3	9.666666666666666	12.0	3.7895543575286865	6.688900470733643	14.666666666666666	-1.0	22.0	-1.0	-1.0	6.633049011230469	-1.0	5.153453350067139	-1.0	-1.0
109	2	1	4	9.666666666666666	12.0	3.7895543575286865	6.688900470733643	-1.0	-1.0	inf	-1.0	-1.0	-1.0	-1.0	inf	-1.0	-1.0
110	2	2	0	10.0	9.666666666666666	6.698863506317139	3.7895543575286865	-1.0	23.333333333333332	-1.0	-1.0	-1.0	-1.0	8.528681755065918	-1.0	-1.0	-1.0
111	2	2	1	10.0	9.666666666666666	6.698863506317139	3.7895543575286865	inf	12.333333333333334	10.0	15.0	9.333333333333334	inf	4.767810344696045	6.698863506317139	5.383091449737549	5.669380187988281
112	2	2	2	10.0	9.666666666666666	6.698863506317139	3.7895543575286865	inf	26.333333333333332	-1.0	50.0	53.666666666666664	inf	9.867559432983398	-1.0	10.643318176269531	42.69984817504883
113	2	2	3	10.0	9.666666666666666	6.698863506317139	3.7895543575286865	-1.0	-1.0	inf	15.666666666666666	-1.0	-1.0	-1.0	inf	4.93532133102417	-1.0
114	2	2	4	10.0	9.666666666666666	6.698863506317139	3.7895543575286865	11.333333333333334	inf	inf	-1.0	-1.0	4.378017902374268	inf	inf	-1.0	-1.0
115	2	3	0	11.333333333333334	9.666666666666666	4.378017902374268	3.7895543575286865	-1.0	-1.0	-1.0	-1.0	-1.0	-1.0	-1.0	-1.0	-1.0	-1.0
116	2	3	1	11.333333333333334	9.666666666666666	4.378017902374268	3.7895543575286865	inf	inf	11.333333333333334	inf	11.0	inf	inf	5.3836750984191895	inf	5.24997615814209
117	2	3	2	11.333333333333334	9.666666666666666	4.378017902374268	3.7895543575286865	10.0	inf	-1.0	-1.0	inf	6.698863506317139	inf	-1.0	-1.0	inf
118	2	3	3	11.333333333333334	9.666666666666666	4.378017902374268	3.7895543575286865	inf	inf	21.0	inf	-1.0	inf	inf	7.037651062011719	inf	-1.0
119	2	3	4	11.333333333333334	9.666666666666666	4.378017902374268	3.7895543575286865	-1.0	inf	-1.0	inf	-1.0	-1.0	inf	-1.0	inf	-1.0
120	2	4	0	9.666666666666666	14.666666666666666	3.7895543575286865	6.633049011230469	-1.0	inf	34.0	-1.0	-1.0	-1.0	inf	15.052800178527832	-1.0	-1.0
121	2	4	1	9.666666666666666	14.666666666666666	3.7895543575286865	6.633049011230469	inf	inf	10.666666666666666	inf	inf	inf	inf	4.980005264282227	inf	inf
122	2	4	2	9.666666666666666	14.666666666666666	3.7895543575286865	6.633049011230469	-1.0	inf	inf	inf	-1.0	-1.0	inf	inf	inf	-1.0
123	2	4	3	9.666666666666666	14.666666666666666	3.7895543575286865	6.633049011230469	21.0	inf	22.333333333333332	28.0	inf	5.731722354888916	inf	20.763690948486328	10.10777759552002	inf
124	2	4	4	9.666666666666666	14.666666666666666	3.7895543575286865	6.633049011230469	15.0	inf	14.333333333333334	-1.0	-1.0	6.756021499633789	inf	6.8075995445251465	-1.0	-1.0
125	2	5	0	10.0	9.666666666666666	6.698863506317139	3.7895543575286865	inf	-1.0	inf	-1.0	inf	inf	-1.0	inf	-1.0	inf
126	2	5	1	10.0	9.666666666666666	6.698863506317139	3.7895543575286865	inf	inf	inf	inf	23.333333333333332	inf	inf	inf	inf	12.04446029663086
127	2	5	2	10.0	9.666666666666666	6.698863506317139	3.7895543575286865	inf	-1.0	-1.0	-1.0	inf	inf	-1.0	-1.0	-1.0	inf
128	2	5	3	10.0	9.666666666666666	6.698863506317139	3.7895543575286865	inf	inf	inf	inf	inf	inf	inf	inf	inf	inf
129	2	5	4	10.0	9.666666666666666	6.698863506317139	3.7895543575286865	inf	-1.0	14.666666666666666	inf	-1.0	inf	-1.0	7.187669277191162	inf	-1.0
130	2	6	0	9.666666666666666	11.333333333333334	3.7895543575286865	4.378017902374268	-1.0	24.0	21.0	35.0	18.666666666666668	-1.0	7.563873291015625	9.181197166442871	25.024667739868164	8.60609245300293
131	2	6	1	9.666666666666666	11.333333333333334	3.7895543575286865	4.378017902374268	inf	-1.0	-1.0	inf	inf	inf	-1.0	-1.0	inf	inf
132	2	6	2	9.666666666666666	11.333333333333334	3.7895543575286865	4.378017902374268	inf	inf	15.0	inf	inf	inf	inf	5.114711761474609	inf	inf
133	2	6	3	9.666666666666666	11.333333333333334	3.7895543575286865	4.378017902374268	27.0	-1.0	11.0	-1.0	-1.0	5.912856101989746	-1.0	5.857389450073242	-1.0	-1.0
134	2	6	4	9.666666666666666	11.333333333333334	3.7895543575286865	4.378017902374268	inf	-1.0	68.66666666666667	inf	-1.0	inf	-1.0	63.16703796386719	inf	-1.0
135	2	7	0	9.666666666666666	10.0	3.7895543575286865	6.698863506317139	-1.0	-1.0	-1.0	-1.0	inf	-1.0	-1.0	-1.0	-1.0	inf
136	2	7	1	9.666666666666666	10.0	3.7895543575286865	6.698863506317139	inf	inf	20.333333333333332	inf	20.333333333333332	inf	inf	5.270206451416016	inf	12.232118606567383
137	2	7	2	9.666666666666666	10.0	3.7895543575286865	6.698863506317139	14.666666666666666	inf	-1.0	-1.0	inf	6.633049011230469	inf	-1.0	-1.0	inf
138	2	7	3	9.666666666666666	10.0	3.7895543575286865	6.698863506317139	-1.0	-1.0	-1.0	-1.0	12.333333333333334	-1.0	-1.0	-1.0	-1.0	4.932275772094727
139	2	7	4	9.666666666666666	10.0	3.7895543575286865	6.698863506317139	inf	17.333333333333332	inf	-1.0	21.0	inf	6.679905891418457	inf	-1.0	5.731722354888916
140	2	8	0	10.0	9.666666666666666	6.698863506317139	3.7895543575286865	-1.0	15.333333333333334	inf	inf	37.333333333333336	-1.0	5.55757474899292	inf	inf	11.832535743713379
141	2	8	1	10.0	9.666666666666666	6.698863506317139	3.7895543575286865	inf	inf	inf	21.333333333333332	inf	inf	inf	inf	6.532970905303955	inf
142	2	8	2	10.0	9.666666666666666	6.698863506317139	3.7895543575286865	-1.0	22.0	inf	inf	inf	-1.0	8.130759239196777	inf	inf	inf
143	2	8	3	10.0	9.666666666666666	6.698863506317139	3.7895543575286865	12.666666666666666	17.333333333333332	12.333333333333334	inf	inf	6.0375895500183105	5.006165981292725	4.767810344696045	inf	inf
144	2	8	4	10.0	9.666666666666666	6.698863506317139	3.7895543575286865	-1.0	15.0	-1.0	inf	-1.0	-1.0	4.140806674957275	-1.0	inf	-1.0
145	2	9	0	9.666666666666666	10.0	3.7895543575286865	6.698863506317139	-1.0	-1.0	-1.0	-1.0	-1.0	-1.0	-1.0	-1.0	-1.0	-1.0
146	2	9	1	9.666666666666666	10.0	3.7895543575286865	6.698863506317139	inf	15.0	inf	12.0	inf	inf	5.670604228973389	inf	5.347848892211914	inf
147	2	9	2	9.666666666666666	10.0	3.7895543575286865	6.698863506317139	11.333333333333334	inf	9.333333333333334	-1.0	-1.0	4.378017902374268	inf	3.2733006477355957	-1.0	-1.0
148	2	9	3	9.666666666666666	10.0	3.7895543575286865	6.698863506317139	inf	inf	inf	-1.0	41.666666666666664	inf	inf	inf	-1.0	25.69420051574707
149	2	9	4	9.666666666666666	10.0	3.7895543575286865	6.698863506317139	19.666666666666668	inf	-1.0	inf	-1.0	5.902467250823975	inf	-1.0	inf	-1.0
