	reset_island_iter	improve_iter	island	program_1_hamming_score	program_2_hamming_score	program_1_neural_score	program_2_neural_score	output_program_1_hamming_score	output_program_2_hamming_score	output_program_3_hamming_score	output_program_4_hamming_score	output_program_5_hamming_score	output_program_1_neural_score	output_program_2_neural_score	output_program_3_neural_score	output_program_4_neural_score	output_program_5_neural_score
0	0	0	0	9.333333333333334	8.333333333333334	21.365800857543945	35.72529220581055	16.0	14.666666666666666	inf	9.0	-1.0	14.920587539672852	16.435754776000977	inf	26.70444107055664	-1.0
1	0	0	1	9.333333333333334	8.333333333333334	21.365800857543945	35.72529220581055	-1.0	-1.0	-1.0	12.666666666666666	-1.0	-1.0	-1.0	-1.0	17.211549758911133	-1.0
2	0	0	2	9.333333333333334	8.333333333333334	21.365800857543945	35.72529220581055	inf					inf				
3	0	0	3	9.333333333333334	8.333333333333334	21.365800857543945	35.72529220581055	14.0	-1.0	inf	-1.0	13.333333333333334	16.572397232055664	-1.0	inf	-1.0	26.46743392944336
4	0	0	4	9.333333333333334	8.333333333333334	21.365800857543945	35.72529220581055	74.33333333333333	-1.0	75.0	-1.0	12.666666666666666	58.60332489013672	-1.0	56.71731948852539	-1.0	17.211549758911133
5	0	1	0	8.333333333333334	9.333333333333334	35.72529220581055	21.365800857543945	9.666666666666666	8.666666666666666	16.0	13.333333333333334	14.666666666666666	28.01902961730957	28.928743362426758	14.684063911437988	26.472217559814453	13.293318748474121
6	0	1	1	8.333333333333334	9.333333333333334	35.72529220581055	21.365800857543945	13.0	inf	inf	13.0	inf	23.610977172851562	inf	inf	17.835647583007812	inf
7	0	1	2	8.333333333333334	9.333333333333334	35.72529220581055	21.365800857543945	14.666666666666666	6.333333333333333	inf	inf	11.0	22.301889419555664	27.038259506225586	inf	inf	20.541303634643555
8	0	1	3	8.333333333333334	9.333333333333334	35.72529220581055	21.365800857543945	16.0	-1.0	-1.0	inf	-1.0	14.920587539672852	-1.0	-1.0	inf	-1.0
9	0	1	4	8.333333333333334	9.333333333333334	35.72529220581055	21.365800857543945	13.0	17.333333333333332	inf	12.333333333333334	inf	23.497251510620117	13.203998565673828	inf	21.688264846801758	inf
10	0	2	0	8.333333333333334	9.333333333333334	35.72529220581055	21.365800857543945	119.0	111.66666666666667	61.333333333333336	inf	74.0	36.4775505065918	49.48098373413086	43.58513641357422	inf	58.66817855834961
11	0	2	1	8.333333333333334	9.333333333333334	35.72529220581055	21.365800857543945	inf	13.0	inf	inf	8.333333333333334	inf	22.820388793945312	inf	inf	31.809772491455078
12	0	2	2	8.333333333333334	9.333333333333334	35.72529220581055	21.365800857543945	inf	inf	inf	inf	inf	inf	inf	inf	inf	inf
13	0	2	3	8.333333333333334	9.333333333333334	35.72529220581055	21.365800857543945	16.666666666666668	9.0	-1.0	-1.0	-1.0	14.512453079223633	32.93752670288086	-1.0	-1.0	-1.0
14	0	2	4	8.333333333333334	9.333333333333334	35.72529220581055	21.365800857543945	-1.0	-1.0	-1.0	-1.0	-1.0	-1.0	-1.0	-1.0	-1.0	-1.0
15	0	3	0	8.333333333333334	9.333333333333334	35.72529220581055	21.365800857543945	inf	21.666666666666668	75.33333333333333	-1.0	inf	inf	15.207965850830078	56.95729446411133	-1.0	inf
16	0	3	1	8.333333333333334	9.333333333333334	35.72529220581055	21.365800857543945	inf	inf	inf	inf	inf	inf	inf	inf	inf	inf
17	0	3	2	8.333333333333334	9.333333333333334	35.72529220581055	21.365800857543945	inf	inf	inf	inf	inf	inf	inf	inf	inf	inf
18	0	3	3	8.333333333333334	9.333333333333334	35.72529220581055	21.365800857543945	inf	inf	inf	inf	inf	inf	inf	inf	inf	inf
19	0	3	4	8.333333333333334	9.333333333333334	35.72529220581055	21.365800857543945	-1.0	-1.0	-1.0	inf	-1.0	-1.0	-1.0	-1.0	inf	-1.0
20	0	4	0	8.333333333333334	9.333333333333334	35.72529220581055	21.365800857543945	inf	16.0	12.333333333333334	-1.0	16.0	inf	15.620647430419922	15.358784675598145	-1.0	14.509223937988281
21	0	4	1	8.333333333333334	9.333333333333334	35.72529220581055	21.365800857543945	inf	inf	inf	inf	inf	inf	inf	inf	inf	inf
22	0	4	2	8.333333333333334	9.333333333333334	35.72529220581055	21.365800857543945	inf	inf	inf	inf	inf	inf	inf	inf	inf	inf
23	0	4	3	8.333333333333334	9.333333333333334	35.72529220581055	21.365800857543945	inf	inf	inf	inf	inf	inf	inf	inf	inf	inf
24	0	4	4	8.333333333333334	9.333333333333334	35.72529220581055	21.365800857543945	-1.0	-1.0	inf	inf	-1.0	-1.0	-1.0	inf	inf	-1.0
25	0	5	0	9.333333333333334	8.333333333333334	21.365800857543945	35.72529220581055	14.0	8.333333333333334	12.333333333333334	660.0	14.666666666666666	22.884769439697266	35.72529220581055	23.542633056640625	112.81718444824219	22.737497329711914
26	0	5	1	9.333333333333334	8.333333333333334	21.365800857543945	35.72529220581055	inf	inf	inf	inf	inf	inf	inf	inf	inf	inf
27	0	5	2	9.333333333333334	8.333333333333334	21.365800857543945	35.72529220581055	inf	inf	inf	inf	inf	inf	inf	inf	inf	inf
28	0	5	3	9.333333333333334	8.333333333333334	21.365800857543945	35.72529220581055	inf	inf	inf	inf	inf	inf	inf	inf	inf	inf
29	0	5	4	9.333333333333334	8.333333333333334	21.365800857543945	35.72529220581055	-1.0	inf	-1.0	inf	inf	-1.0	inf	-1.0	inf	inf
30	0	6	0	8.333333333333334	9.333333333333334	35.72529220581055	21.365800857543945	inf	151.0	inf	inf	134.33333333333334	inf	23.59424591064453	inf	inf	27.11762237548828
31	0	6	1	8.333333333333334	9.333333333333334	35.72529220581055	21.365800857543945	inf	14.333333333333334	inf	inf	14.333333333333334	inf	17.53229522705078	inf	inf	18.02119255065918
32	0	6	2	8.333333333333334	9.333333333333334	35.72529220581055	21.365800857543945	inf	inf	inf	inf	inf	inf	inf	inf	inf	inf
33	0	6	3	8.333333333333334	9.333333333333334	35.72529220581055	21.365800857543945	inf	inf	inf	inf	inf	inf	inf	inf	inf	inf
34	0	6	4	8.333333333333334	9.333333333333334	35.72529220581055	21.365800857543945	-1.0	inf	inf	inf	inf	-1.0	inf	inf	inf	inf
35	0	7	0	8.333333333333334	9.333333333333334	35.72529220581055	21.365800857543945	-1.0	101.0	inf	43.333333333333336	45.333333333333336	-1.0	45.77183151245117	inf	39.83995056152344	41.51203155517578
36	0	7	1	8.333333333333334	9.333333333333334	35.72529220581055	21.365800857543945	inf	inf	inf	inf	-1.0	inf	inf	inf	inf	-1.0
37	0	7	2	8.333333333333334	9.333333333333334	35.72529220581055	21.365800857543945	inf	inf	inf	inf	inf	inf	inf	inf	inf	inf
38	0	7	3	8.333333333333334	9.333333333333334	35.72529220581055	21.365800857543945	inf	inf	11.333333333333334	-1.0	inf	inf	inf	19.59284210205078	-1.0	inf
39	0	7	4	8.333333333333334	9.333333333333334	35.72529220581055	21.365800857543945	inf	inf	inf	inf	inf	inf	inf	inf	inf	inf
40	0	8	0	8.333333333333334	9.333333333333334	35.72529220581055	21.365800857543945	162.66666666666666					38.25267791748047				
41	0	8	1	8.333333333333334	9.333333333333334	35.72529220581055	21.365800857543945	inf	inf	inf	inf	inf	inf	inf	inf	inf	inf
42	0	8	2	8.333333333333334	9.333333333333334	35.72529220581055	21.365800857543945	inf	inf	inf	inf	inf	inf	inf	inf	inf	inf
43	0	8	3	8.333333333333334	9.333333333333334	35.72529220581055	21.365800857543945	inf	inf	inf	inf	inf	inf	inf	inf	inf	inf
44	0	8	4	8.333333333333334	9.333333333333334	35.72529220581055	21.365800857543945	inf	inf	inf	inf	inf	inf	inf	inf	inf	inf
45	0	9	0	8.333333333333334	9.333333333333334	35.72529220581055	21.365800857543945	12.666666666666666	-1.0	-1.0	-1.0	-1.0	17.211549758911133	-1.0	-1.0	-1.0	-1.0
46	0	9	1	8.333333333333334	9.333333333333334	35.72529220581055	21.365800857543945	inf	inf	inf	inf	inf	inf	inf	inf	inf	inf
47	0	9	2	8.333333333333334	9.333333333333334	35.72529220581055	21.365800857543945	inf	inf	inf	inf	inf	inf	inf	inf	inf	inf
48	0	9	3	8.333333333333334	9.333333333333334	35.72529220581055	21.365800857543945	inf	inf	inf	inf	inf	inf	inf	inf	inf	inf
49	0	9	4	8.333333333333334	9.333333333333334	35.72529220581055	21.365800857543945	inf	inf	inf	inf	inf	inf	inf	inf	inf	inf
50	1	0	0	8.333333333333334	8.333333333333334	35.72529220581055	35.72529220581055	inf	-1.0	-1.0	10.666666666666666	inf	inf	-1.0	-1.0	19.962369918823242	inf
51	1	0	1	8.333333333333334	8.333333333333334	35.72529220581055	35.72529220581055	11.0	16.333333333333332	221.0	-1.0	15.0	16.371124267578125	14.460445404052734	101.3246078491211	-1.0	17.771631240844727
52	1	0	2	8.333333333333334	8.333333333333334	35.72529220581055	35.72529220581055	9.666666666666666	-1.0	-1.0	inf	12.666666666666666	29.135894775390625	-1.0	-1.0	inf	24.573101043701172
53	1	0	3	8.333333333333334	8.333333333333334	35.72529220581055	35.72529220581055	inf	11.0	7.666666666666667	inf	11.333333333333334	inf	18.661935806274414	23.447586059570312	inf	22.719545364379883
54	1	0	4	8.333333333333334	8.333333333333334	35.72529220581055	35.72529220581055	inf	15.666666666666666	13.0	-1.0	-1.0	inf	15.390066146850586	23.0677547454834	-1.0	-1.0
55	1	1	0	8.333333333333334	8.333333333333334	35.72529220581055	35.72529220581055	11.666666666666666	inf	inf	inf	inf	19.19956398010254	inf	inf	inf	inf
56	1	1	1	8.333333333333334	8.333333333333334	35.72529220581055	35.72529220581055	10.666666666666666	10.333333333333334	inf	12.333333333333334	11.0	18.528688430786133	18.53605079650879	inf	21.93927764892578	19.830053329467773
57	1	1	2	8.333333333333334	8.333333333333334	35.72529220581055	35.72529220581055	42.333333333333336	14.666666666666666	12.333333333333334	11.0	12.666666666666666	35.58137130737305	19.230066299438477	21.775163650512695	18.197097778320312	18.687482833862305
58	1	1	3	8.333333333333334	8.333333333333334	35.72529220581055	35.72529220581055	12.666666666666666	10.0	10.666666666666666	-1.0	-1.0	20.607908248901367	20.49300193786621	18.7989559173584	-1.0	-1.0
59	1	1	4	8.333333333333334	8.333333333333334	35.72529220581055	35.72529220581055	inf	inf	10.333333333333334	-1.0	-1.0	inf	inf	25.341466903686523	-1.0	-1.0
60	1	2	0	8.333333333333334	8.333333333333334	35.72529220581055	35.72529220581055	-1.0	inf	inf	inf	inf	-1.0	inf	inf	inf	inf
61	1	2	1	8.333333333333334	8.333333333333334	35.72529220581055	35.72529220581055	inf	inf	inf	inf	-1.0	inf	inf	inf	inf	-1.0
62	1	2	2	8.333333333333334	8.333333333333334	35.72529220581055	35.72529220581055	12.333333333333334	-1.0	92.33333333333333	11.666666666666666	12.666666666666666	23.96062469482422	-1.0	59.09455108642578	25.45827293395996	17.211549758911133
63	1	2	3	8.333333333333334	8.333333333333334	35.72529220581055	35.72529220581055	10.0	inf	10.0	11.666666666666666	inf	19.8824520111084	inf	20.074705123901367	17.691925048828125	inf
64	1	2	4	8.333333333333334	8.333333333333334	35.72529220581055	35.72529220581055	inf	11.0	inf	-1.0	-1.0	inf	21.527700424194336	inf	-1.0	-1.0
65	1	3	0	8.333333333333334	8.333333333333334	35.72529220581055	35.72529220581055	inf	inf	inf	inf	inf	inf	inf	inf	inf	inf
66	1	3	1	8.333333333333334	8.333333333333334	35.72529220581055	35.72529220581055	inf	inf	25.0	39.333333333333336	27.666666666666668	inf	inf	13.388463020324707	35.894100189208984	26.7783145904541
67	1	3	2	8.333333333333334	8.333333333333334	35.72529220581055	35.72529220581055	-1.0	12.666666666666666	10.666666666666666	11.666666666666666	-1.0	-1.0	19.941526412963867	20.960079193115234	25.27678108215332	-1.0
68	1	3	3	8.333333333333334	8.333333333333334	35.72529220581055	35.72529220581055	inf	-1.0	11.0	-1.0	inf	inf	-1.0	20.680774688720703	-1.0	inf
69	1	3	4	8.333333333333334	8.333333333333334	35.72529220581055	35.72529220581055	11.333333333333334	inf	9.333333333333334	9.333333333333334	14.666666666666666	21.574861526489258	inf	30.78533172607422	30.776939392089844	16.190006256103516
70	1	4	0	8.333333333333334	11.0	35.72529220581055	21.527700424194336	inf	inf	inf	inf	inf	inf	inf	inf	inf	inf
71	1	4	1	8.333333333333334	11.0	35.72529220581055	21.527700424194336	inf	inf	24.333333333333332	28.666666666666668	-1.0	inf	inf	17.69839096069336	25.02686309814453	-1.0
72	1	4	2	8.333333333333334	11.0	35.72529220581055	21.527700424194336	-1.0	16.0	47.666666666666664	inf	16.0	-1.0	18.431306838989258	44.92587661743164	inf	14.920587539672852
73	1	4	3	8.333333333333334	11.0	35.72529220581055	21.527700424194336	inf	inf	-1.0	inf	inf	inf	inf	-1.0	inf	inf
74	1	4	4	8.333333333333334	11.0	35.72529220581055	21.527700424194336	inf	inf	inf	inf	inf	inf	inf	inf	inf	inf
75	1	5	0	9.333333333333334	8.333333333333334	30.78533172607422	35.72529220581055	inf	-1.0	inf	-1.0	-1.0	inf	-1.0	inf	-1.0	-1.0
76	1	5	1	9.333333333333334	8.333333333333334	30.78533172607422	35.72529220581055	inf	inf	14.666666666666666	-1.0	-1.0	inf	inf	21.478200912475586	-1.0	-1.0
77	1	5	2	9.333333333333334	8.333333333333334	30.78533172607422	35.72529220581055	127.33333333333333	inf	inf	inf	inf	70.76618194580078	inf	inf	inf	inf
78	1	5	3	9.333333333333334	8.333333333333334	30.78533172607422	35.72529220581055	-1.0	inf	13.666666666666666	inf	inf	-1.0	inf	12.607358932495117	inf	inf
79	1	5	4	9.333333333333334	8.333333333333334	30.78533172607422	35.72529220581055	inf	inf	9.333333333333334	inf	inf	inf	inf	30.662961959838867	inf	inf
80	1	6	0	8.333333333333334	9.333333333333334	35.72529220581055	30.776939392089844	inf	inf	inf	inf	inf	inf	inf	inf	inf	inf
81	1	6	1	8.333333333333334	9.333333333333334	35.72529220581055	30.776939392089844	inf	inf	23.0	-1.0	22.666666666666668	inf	inf	19.279491424560547	-1.0	19.384023666381836
82	1	6	2	8.333333333333334	9.333333333333334	35.72529220581055	30.776939392089844	15.0	13.333333333333334	inf	inf	-1.0	17.541555404663086	19.63335609436035	inf	inf	-1.0
83	1	6	3	8.333333333333334	9.333333333333334	35.72529220581055	30.776939392089844	inf	inf	inf	inf	inf	inf	inf	inf	inf	inf
84	1	6	4	8.333333333333334	9.333333333333334	35.72529220581055	30.776939392089844	12.666666666666666	12.333333333333334	-1.0	inf	inf	22.729145050048828	20.617477416992188	-1.0	inf	inf
85	1	7	0	8.333333333333334	8.333333333333334	35.72529220581055	35.72529220581055	inf	inf	inf	inf	inf	inf	inf	inf	inf	inf
86	1	7	1	8.333333333333334	8.333333333333334	35.72529220581055	35.72529220581055	-1.0	-1.0	-1.0	inf	-1.0	-1.0	-1.0	-1.0	inf	-1.0
87	1	7	2	8.333333333333334	8.333333333333334	35.72529220581055	35.72529220581055	-1.0	inf	inf	inf	inf	-1.0	inf	inf	inf	inf
88	1	7	3	8.333333333333334	8.333333333333334	35.72529220581055	35.72529220581055	inf	inf	10.666666666666666	9.0	inf	inf	inf	19.72686195373535	20.693443298339844	inf
89	1	7	4	8.333333333333334	8.333333333333334	35.72529220581055	35.72529220581055	9.333333333333334	-1.0	-1.0	-1.0	-1.0	31.324254989624023	-1.0	-1.0	-1.0	-1.0
90	1	8	0	8.333333333333334	9.333333333333334	35.72529220581055	30.78533172607422	inf	inf	inf	inf	inf	inf	inf	inf	inf	inf
91	1	8	1	8.333333333333334	9.333333333333334	35.72529220581055	30.78533172607422	14.0	12.666666666666666	-1.0	-1.0	-1.0	20.574901580810547	24.586816787719727	-1.0	-1.0	-1.0
92	1	8	2	8.333333333333334	9.333333333333334	35.72529220581055	30.78533172607422	inf	15.0	inf	inf	inf	inf	19.93659019470215	inf	inf	inf
93	1	8	3	8.333333333333334	9.333333333333334	35.72529220581055	30.78533172607422	inf	inf	inf	inf	inf	inf	inf	inf	inf	inf
94	1	8	4	8.333333333333334	9.333333333333334	35.72529220581055	30.78533172607422	inf	-1.0	12.666666666666666	8.333333333333334	11.666666666666666	inf	-1.0	17.211549758911133	27.133771896362305	18.25617027282715
95	1	9	0	8.333333333333334	8.333333333333334	35.72529220581055	27.133771896362305	-1.0	inf	10.0	-1.0	-1.0	-1.0	inf	19.822507858276367	-1.0	-1.0
96	1	9	1	8.333333333333334	8.333333333333334	35.72529220581055	27.133771896362305	inf	14.0	inf	inf	12.0	inf	10.226252555847168	inf	inf	11.609309196472168
97	1	9	2	8.333333333333334	8.333333333333334	35.72529220581055	27.133771896362305	inf	inf	inf	inf	inf	inf	inf	inf	inf	inf
98	1	9	3	8.333333333333334	8.333333333333334	35.72529220581055	27.133771896362305	inf	inf	inf	inf	inf	inf	inf	inf	inf	inf
99	1	9	4	8.333333333333334	8.333333333333334	35.72529220581055	27.133771896362305	-1.0	inf	-1.0	-1.0	inf	-1.0	inf	-1.0	-1.0	inf
100	2	0	0	8.333333333333334	8.333333333333334	31.809772491455078	31.809772491455078	8.666666666666666	-1.0	-1.0	-1.0	inf	33.850494384765625	-1.0	-1.0	-1.0	inf
101	2	0	1	8.333333333333334	8.333333333333334	31.809772491455078	31.809772491455078	inf	inf	inf	inf	inf	inf	inf	inf	inf	inf
102	2	0	2	8.333333333333334	8.333333333333334	31.809772491455078	31.809772491455078	inf	9.333333333333334	-1.0	9.333333333333334	inf	inf	31.235179901123047	-1.0	31.096330642700195	inf
103	2	0	3	8.333333333333334	8.333333333333334	31.809772491455078	31.809772491455078	inf	inf	inf	inf	inf	inf	inf	inf	inf	inf
104	2	0	4	8.333333333333334	8.333333333333334	31.809772491455078	31.809772491455078	inf	inf	inf	inf	inf	inf	inf	inf	inf	inf
105	2	1	0	8.333333333333334	8.333333333333334	31.809772491455078	31.809772491455078	8.666666666666666	-1.0	-1.0	-1.0	8.666666666666666	34.1417236328125	-1.0	-1.0	-1.0	30.106494903564453
106	2	1	1	8.333333333333334	8.333333333333334	31.809772491455078	31.809772491455078	inf	inf	inf	inf	inf	inf	inf	inf	inf	inf
107	2	1	2	8.333333333333334	8.333333333333334	31.809772491455078	31.809772491455078	9.666666666666666	inf				29.261083602905273	inf			
108	2	1	3	8.333333333333334	8.333333333333334	31.809772491455078	31.809772491455078	inf	inf	inf	inf	inf	inf	inf	inf	inf	inf
109	2	1	4	8.333333333333334	8.333333333333334	31.809772491455078	31.809772491455078	inf	inf	inf	inf	inf	inf	inf	inf	inf	inf
110	2	2	0	8.333333333333334	8.333333333333334	31.809772491455078	31.809772491455078	8.333333333333334	8.666666666666666	inf	-1.0	inf	33.628360748291016	31.008392333984375	inf	-1.0	inf
111	2	2	1	8.333333333333334	8.333333333333334	31.809772491455078	31.809772491455078	inf	9.666666666666666	9.666666666666666	inf	inf	inf	28.5518741607666	29.525598526000977	inf	inf
112	2	2	2	8.333333333333334	8.333333333333334	31.809772491455078	31.809772491455078	inf					inf				
113	2	2	3	8.333333333333334	8.333333333333334	31.809772491455078	31.809772491455078	inf	10.333333333333334	-1.0	-1.0	-1.0	inf	19.64764976501465	-1.0	-1.0	-1.0
114	2	2	4	8.333333333333334	8.333333333333334	31.809772491455078	31.809772491455078	inf	inf	inf	inf	inf	inf	inf	inf	inf	inf
115	2	3	0	8.333333333333334	8.333333333333334	31.809772491455078	31.809772491455078	-1.0	inf	inf	inf	inf	-1.0	inf	inf	inf	inf
116	2	3	1	8.333333333333334	8.333333333333334	31.809772491455078	31.809772491455078	inf	inf	inf	inf	inf	inf	inf	inf	inf	inf
117	2	3	2	8.333333333333334	8.333333333333334	31.809772491455078	31.809772491455078	inf	inf	9.666666666666666	inf	-1.0	inf	inf	29.186630249023438	inf	-1.0
118	2	3	3	8.333333333333334	8.333333333333334	31.809772491455078	31.809772491455078	11.333333333333334	inf	-1.0	-1.0	-1.0	11.345158576965332	inf	-1.0	-1.0	-1.0
119	2	3	4	8.333333333333334	8.333333333333334	31.809772491455078	31.809772491455078	inf	inf	inf	inf	inf	inf	inf	inf	inf	inf
120	2	4	0	8.333333333333334	8.333333333333334	31.809772491455078	31.809772491455078	8.333333333333334	inf	-1.0	inf	-1.0	31.281230926513672	inf	-1.0	inf	-1.0
121	2	4	1	8.333333333333334	8.333333333333334	31.809772491455078	31.809772491455078	inf	inf	inf	inf	inf	inf	inf	inf	inf	inf
122	2	4	2	8.333333333333334	8.333333333333334	31.809772491455078	31.809772491455078	inf	9.666666666666666	inf	inf	inf	inf	29.08246421813965	inf	inf	inf
123	2	4	3	8.333333333333334	8.333333333333334	31.809772491455078	31.809772491455078	inf	inf	11.666666666666666	-1.0	13.0	inf	inf	12.81696605682373	-1.0	8.997919082641602
124	2	4	4	8.333333333333334	8.333333333333334	31.809772491455078	31.809772491455078	inf	inf	inf	inf	inf	inf	inf	inf	inf	inf
125	2	5	0	8.333333333333334	8.333333333333334	31.809772491455078	31.809772491455078	inf	inf	inf	inf	8.666666666666666	inf	inf	inf	inf	33.579864501953125
126	2	5	1	8.333333333333334	8.333333333333334	31.809772491455078	31.809772491455078	inf	inf	inf	inf	inf	inf	inf	inf	inf	inf
127	2	5	2	8.333333333333334	8.333333333333334	31.809772491455078	31.809772491455078	9.666666666666666	inf	inf	inf	-1.0	30.01065444946289	inf	inf	inf	-1.0
128	2	5	3	8.333333333333334	8.333333333333334	31.809772491455078	31.809772491455078	inf	11.333333333333334	11.333333333333334	11.333333333333334	inf	inf	12.523478507995605	14.48305606842041	12.776205062866211	inf
129	2	5	4	8.333333333333334	8.333333333333334	31.809772491455078	31.809772491455078	inf	inf	inf	inf	inf	inf	inf	inf	inf	inf
130	2	6	0	8.333333333333334	8.333333333333334	31.809772491455078	31.809772491455078	inf	inf	inf	inf	inf	inf	inf	inf	inf	inf
131	2	6	1	8.333333333333334	8.333333333333334	31.809772491455078	31.809772491455078	inf	inf	159.66666666666666	inf	inf	inf	inf	28.590187072753906	inf	inf
132	2	6	2	8.333333333333334	8.333333333333334	31.809772491455078	31.809772491455078	9.666666666666666	inf	-1.0	inf	inf	30.09529685974121	inf	-1.0	inf	inf
133	2	6	3	8.333333333333334	8.333333333333334	31.809772491455078	31.809772491455078	inf	12.666666666666666				inf	12.923064231872559			
134	2	6	4	8.333333333333334	8.333333333333334	31.809772491455078	31.809772491455078	inf	inf	inf	inf	inf	inf	inf	inf	inf	inf
135	2	7	0	8.333333333333334	8.333333333333334	31.809772491455078	31.809772491455078	inf	inf	inf	inf	inf	inf	inf	inf	inf	inf
136	2	7	1	8.333333333333334	8.333333333333334	31.809772491455078	31.809772491455078	inf	inf	inf	inf	inf	inf	inf	inf	inf	inf
137	2	7	2	8.333333333333334	8.333333333333334	31.809772491455078	31.809772491455078	9.666666666666666	9.666666666666666	9.666666666666666	inf	-1.0	27.74315643310547	28.435352325439453	28.537399291992188	inf	-1.0
138	2	7	3	8.333333333333334	8.333333333333334	31.809772491455078	31.809772491455078	inf	inf	inf	inf	inf	inf	inf	inf	inf	inf
139	2	7	4	8.333333333333334	8.333333333333334	31.809772491455078	31.809772491455078	12.0	12.0	12.333333333333334	11.666666666666666	14.333333333333334	18.86336898803711	19.530332565307617	14.138346672058105	16.16405487060547	8.966315269470215
140	2	8	0	8.333333333333334	8.333333333333334	31.809772491455078	31.809772491455078	inf					inf				
141	2	8	1	8.333333333333334	8.333333333333334	31.809772491455078	31.809772491455078	inf	inf	inf	inf	inf	inf	inf	inf	inf	inf
142	2	8	2	8.333333333333334	8.333333333333334	31.809772491455078	31.809772491455078	inf	-1.0	inf	inf	inf	inf	-1.0	inf	inf	inf
143	2	8	3	8.333333333333334	8.333333333333334	31.809772491455078	31.809772491455078	inf	10.666666666666666	10.333333333333334	126.0	10.0	inf	17.820894241333008	19.77252197265625	51.71586227416992	21.633140563964844
144	2	8	4	8.333333333333334	8.333333333333334	31.809772491455078	31.809772491455078	inf	inf	inf	inf	inf	inf	inf	inf	inf	inf
145	2	9	0	8.333333333333334	8.333333333333334	31.809772491455078	31.809772491455078	inf	inf	inf	inf	inf	inf	inf	inf	inf	inf
146	2	9	1	8.333333333333334	8.333333333333334	31.809772491455078	31.809772491455078	10.666666666666666	inf	inf	inf	-1.0	24.944337844848633	inf	inf	inf	-1.0
147	2	9	2	8.333333333333334	8.333333333333334	31.809772491455078	31.809772491455078	inf	inf	inf	inf	inf	inf	inf	inf	inf	inf
148	2	9	3	8.333333333333334	8.333333333333334	31.809772491455078	31.809772491455078	inf	12.666666666666666	11.0	-1.0	inf	inf	14.1864595413208	19.459213256835938	-1.0	inf
149	2	9	4	8.333333333333334	8.333333333333334	31.809772491455078	31.809772491455078	inf	24.333333333333332	inf	inf	12.333333333333334	inf	16.29316520690918	inf	inf	12.377496719360352
