	reset_island_iter	improve_iter	island	program_1_hamming_score	program_2_hamming_score	program_1_neural_score	program_2_neural_score	output_program_1_hamming_score	output_program_2_hamming_score	output_program_3_hamming_score	output_program_4_hamming_score	output_program_5_hamming_score	output_program_1_neural_score	output_program_2_neural_score	output_program_3_neural_score	output_program_4_neural_score	output_program_5_neural_score
0	0	0	0	6.333333333333333	13.333333333333334	8.226893424987793	7.943392753601074	-1.0	-1.0	-1.0	-1.0	-1.0	-1.0	-1.0	-1.0	-1.0	-1.0
1	0	0	1	6.333333333333333	13.333333333333334	8.226893424987793	7.943392753601074	7.333333333333333	-1.0	-1.0	-1.0	inf	9.380908966064453	-1.0	-1.0	-1.0	inf
2	0	0	2	6.333333333333333	13.333333333333334	8.226893424987793	7.943392753601074	1.6666666666666667	-1.0	7.333333333333333	-1.0	-1.0	3.2367241382598877	-1.0	9.380908966064453	-1.0	-1.0
3	0	0	3	6.333333333333333	13.333333333333334	8.226893424987793	7.943392753601074	1.6666666666666667	28.0	-1.0	2.3333333333333335	-1.0	3.2367241382598877	56.80503463745117	-1.0	4.103879928588867	-1.0
4	0	0	4	6.333333333333333	13.333333333333334	8.226893424987793	7.943392753601074	inf	38032.333333333336	inf	inf	inf	inf	37.68977355957031	inf	inf	inf
5	0	1	0	6.333333333333333	13.333333333333334	8.226893424987793	7.943392753601074	-1.0	7.333333333333333	-1.0	-1.0	inf	-1.0	9.380908966064453	-1.0	-1.0	inf
6	0	1	1	6.333333333333333	13.333333333333334	8.226893424987793	7.943392753601074	36.666666666666664	inf	34.0	34.666666666666664	28.0	16.687271118164062	inf	11.269390106201172	38.86039352416992	56.80503463745117
7	0	1	2	6.333333333333333	13.333333333333334	8.226893424987793	7.943392753601074	-1.0	-1.0	2.3333333333333335	-1.0	28.0	-1.0	-1.0	4.103879928588867	-1.0	56.80503463745117
8	0	1	3	6.333333333333333	13.333333333333334	8.226893424987793	7.943392753601074	inf	-1.0	-1.0	-1.0	-1.0	inf	-1.0	-1.0	-1.0	-1.0
9	0	1	4	6.333333333333333	13.333333333333334	8.226893424987793	7.943392753601074	7.333333333333333	inf	inf	inf	-1.0	9.380908966064453	inf	inf	inf	-1.0
10	0	2	0	13.333333333333334	7.333333333333333	7.943392753601074	9.380908966064453	-1.0	inf	inf	inf	inf	-1.0	inf	inf	inf	inf
11	0	2	1	13.333333333333334	7.333333333333333	7.943392753601074	9.380908966064453	85.66666666666667	41.0	1526.0	-1.0	inf	18.941434860229492	10.387712478637695	32.43836975097656	-1.0	inf
12	0	2	2	13.333333333333334	7.333333333333333	7.943392753601074	9.380908966064453	inf	-1.0	-1.0	inf	inf	inf	-1.0	-1.0	inf	inf
13	0	2	3	13.333333333333334	7.333333333333333	7.943392753601074	9.380908966064453	inf	inf	-1.0	-1.0	-1.0	inf	inf	-1.0	-1.0	-1.0
14	0	2	4	13.333333333333334	7.333333333333333	7.943392753601074	9.380908966064453	-1.0	40.333333333333336	inf	inf	inf	-1.0	35.77305603027344	inf	inf	inf
15	0	3	0	7.333333333333333	6.333333333333333	9.380908966064453	8.226893424987793	-1.0	-1.0	-1.0	inf	inf	-1.0	-1.0	-1.0	inf	inf
16	0	3	1	7.333333333333333	6.333333333333333	9.380908966064453	8.226893424987793	inf	inf	1.6666666666666667	inf	-1.0	inf	inf	3.2367241382598877	inf	-1.0
17	0	3	2	7.333333333333333	6.333333333333333	9.380908966064453	8.226893424987793	-1.0	-1.0	-1.0	inf	-1.0	-1.0	-1.0	-1.0	inf	-1.0
18	0	3	3	7.333333333333333	6.333333333333333	9.380908966064453	8.226893424987793	-1.0	-1.0	-1.0	-1.0	-1.0	-1.0	-1.0	-1.0	-1.0	-1.0
19	0	3	4	7.333333333333333	6.333333333333333	9.380908966064453	8.226893424987793	-1.0	23.666666666666668	-1.0	-1.0	-1.0	-1.0	9.10300064086914	-1.0	-1.0	-1.0
20	0	4	0	13.333333333333334	6.333333333333333	7.943392753601074	8.226893424987793	inf	inf	inf	inf	inf	inf	inf	inf	inf	inf
21	0	4	1	13.333333333333334	6.333333333333333	7.943392753601074	8.226893424987793	-1.0	inf	-1.0	-1.0	inf	-1.0	inf	-1.0	-1.0	inf
22	0	4	2	13.333333333333334	6.333333333333333	7.943392753601074	8.226893424987793	inf	inf	-1.0	-1.0	-1.0	inf	inf	-1.0	-1.0	-1.0
23	0	4	3	13.333333333333334	6.333333333333333	7.943392753601074	8.226893424987793	-1.0	-1.0	-1.0	-1.0	-1.0	-1.0	-1.0	-1.0	-1.0	-1.0
24	0	4	4	13.333333333333334	6.333333333333333	7.943392753601074	8.226893424987793	28.0	1.6666666666666667	-1.0	22.666666666666668	-1.0	56.80503463745117	3.2367241382598877	-1.0	27.92054557800293	-1.0
25	0	5	0	1.6666666666666667	6.333333333333333	3.2367241382598877	8.226893424987793	inf	inf	inf	-1.0	inf	inf	inf	inf	-1.0	inf
26	0	5	1	1.6666666666666667	6.333333333333333	3.2367241382598877	8.226893424987793	inf	inf	12.0	inf	inf	inf	inf	11.02391529083252	inf	inf
27	0	5	2	1.6666666666666667	6.333333333333333	3.2367241382598877	8.226893424987793	inf	inf	-1.0	-1.0	inf	inf	inf	-1.0	-1.0	inf
28	0	5	3	1.6666666666666667	6.333333333333333	3.2367241382598877	8.226893424987793	-1.0	inf	-1.0	-1.0	inf	-1.0	inf	-1.0	-1.0	inf
29	0	5	4	1.6666666666666667	6.333333333333333	3.2367241382598877	8.226893424987793	75.0	inf	-1.0	6.666666666666667	29.333333333333332	17.444520950317383	inf	-1.0	8.195087432861328	11.406140327453613
30	0	6	0	1.6666666666666667	13.333333333333334	3.2367241382598877	7.943392753601074	inf	inf	inf	inf	inf	inf	inf	inf	inf	inf
31	0	6	1	1.6666666666666667	13.333333333333334	3.2367241382598877	7.943392753601074	inf	inf	-1.0	-1.0	inf	inf	inf	-1.0	-1.0	inf
32	0	6	2	1.6666666666666667	13.333333333333334	3.2367241382598877	7.943392753601074	-1.0	-1.0	inf	inf	-1.0	-1.0	-1.0	inf	inf	-1.0
33	0	6	3	1.6666666666666667	13.333333333333334	3.2367241382598877	7.943392753601074	-1.0	-1.0	-1.0	-1.0	-1.0	-1.0	-1.0	-1.0	-1.0	-1.0
34	0	6	4	1.6666666666666667	13.333333333333334	3.2367241382598877	7.943392753601074	-1.0	-1.0	inf	inf	inf	-1.0	-1.0	inf	inf	inf
35	0	7	0	1.6666666666666667	6.666666666666667	3.2367241382598877	8.195087432861328	inf	inf	-1.0	inf	inf	inf	inf	-1.0	inf	inf
36	0	7	1	1.6666666666666667	6.666666666666667	3.2367241382598877	8.195087432861328	inf	inf	inf	inf	inf	inf	inf	inf	inf	inf
37	0	7	2	1.6666666666666667	6.666666666666667	3.2367241382598877	8.195087432861328	-1.0	inf	-1.0	-1.0	-1.0	-1.0	inf	-1.0	-1.0	-1.0
38	0	7	3	1.6666666666666667	6.666666666666667	3.2367241382598877	8.195087432861328	-1.0	-1.0	-1.0	-1.0	-1.0	-1.0	-1.0	-1.0	-1.0	-1.0
39	0	7	4	1.6666666666666667	6.666666666666667	3.2367241382598877	8.195087432861328	-1.0	-1.0	168.0	-1.0	-1.0	-1.0	-1.0	142.3533477783203	-1.0	-1.0
40	0	8	0	1.6666666666666667	6.666666666666667	3.2367241382598877	8.195087432861328	inf	inf	inf	inf	inf	inf	inf	inf	inf	inf
41	0	8	1	1.6666666666666667	6.666666666666667	3.2367241382598877	8.195087432861328	inf	inf	inf	inf	inf	inf	inf	inf	inf	inf
42	0	8	2	1.6666666666666667	6.666666666666667	3.2367241382598877	8.195087432861328	-1.0	-1.0	inf	-1.0	-1.0	-1.0	-1.0	inf	-1.0	-1.0
43	0	8	3	1.6666666666666667	6.666666666666667	3.2367241382598877	8.195087432861328	-1.0	inf	-1.0	-1.0	-1.0	-1.0	inf	-1.0	-1.0	-1.0
44	0	8	4	1.6666666666666667	6.666666666666667	3.2367241382598877	8.195087432861328	inf	34.666666666666664	24.0	43.333333333333336	29.0	inf	38.86039352416992	6.665857791900635	15.143621444702148	54.08726119995117
45	0	9	0	1.6666666666666667	23.666666666666668	3.2367241382598877	9.10300064086914	inf	inf	43.0	-1.0	inf	inf	inf	11.135887145996094	-1.0	inf
46	0	9	1	1.6666666666666667	23.666666666666668	3.2367241382598877	9.10300064086914	inf	inf	inf	inf	inf	inf	inf	inf	inf	inf
47	0	9	2	1.6666666666666667	23.666666666666668	3.2367241382598877	9.10300064086914	-1.0	-1.0	-1.0	-1.0	-1.0	-1.0	-1.0	-1.0	-1.0	-1.0
48	0	9	3	1.6666666666666667	23.666666666666668	3.2367241382598877	9.10300064086914	inf	-1.0	7.333333333333333	-1.0	-1.0	inf	-1.0	9.380908966064453	-1.0	-1.0
49	0	9	4	1.6666666666666667	23.666666666666668	3.2367241382598877	9.10300064086914	inf	inf	39.333333333333336	11.0	25.0	inf	inf	10.790627479553223	13.455314636230469	12.285901069641113
50	1	0	0	5.0	21.666666666666668	5.998125076293945	6.620208263397217	-1.0	7.333333333333333	-1.0	inf	-1.0	-1.0	9.380908966064453	-1.0	inf	-1.0
51	1	0	1	5.0	21.666666666666668	5.998125076293945	6.620208263397217	-1.0	-1.0	inf	inf	28.0	-1.0	-1.0	inf	inf	56.80503463745117
52	1	0	2	5.0	21.666666666666668	5.998125076293945	6.620208263397217	-1.0	inf	7.333333333333333	inf	inf	-1.0	inf	9.380908966064453	inf	inf
53	1	0	3	5.0	21.666666666666668	5.998125076293945	6.620208263397217	28.0	-1.0	-1.0	-1.0	-1.0	56.80503463745117	-1.0	-1.0	-1.0	-1.0
54	1	0	4	5.0	21.666666666666668	5.998125076293945	6.620208263397217	1.6666666666666667	inf	7.333333333333333	-1.0	-1.0	3.2367241382598877	inf	9.380908966064453	-1.0	-1.0
55	1	1	0	1.6666666666666667	5.0	3.2367241382598877	5.998125076293945	-1.0	-1.0	-1.0	-1.0	-1.0	-1.0	-1.0	-1.0	-1.0	-1.0
56	1	1	1	1.6666666666666667	5.0	3.2367241382598877	5.998125076293945	-1.0	inf	7.333333333333333	inf	inf	-1.0	inf	9.380908966064453	inf	inf
57	1	1	2	1.6666666666666667	5.0	3.2367241382598877	5.998125076293945	inf	inf	inf	1.6666666666666667	inf	inf	inf	inf	3.2367241382598877	inf
58	1	1	3	1.6666666666666667	5.0	3.2367241382598877	5.998125076293945	inf	inf	1.6666666666666667	-1.0	inf	inf	inf	3.2367241382598877	-1.0	inf
59	1	1	4	1.6666666666666667	5.0	3.2367241382598877	5.998125076293945	inf	inf	-1.0	inf	inf	inf	inf	-1.0	inf	inf
60	1	2	0	1.6666666666666667	21.666666666666668	3.2367241382598877	6.620208263397217	-1.0	inf	-1.0	-1.0	inf	-1.0	inf	-1.0	-1.0	inf
61	1	2	1	1.6666666666666667	21.666666666666668	3.2367241382598877	6.620208263397217	inf	inf	inf	inf	inf	inf	inf	inf	inf	inf
62	1	2	2	1.6666666666666667	21.666666666666668	3.2367241382598877	6.620208263397217	-1.0	inf	inf	inf	inf	-1.0	inf	inf	inf	inf
63	1	2	3	1.6666666666666667	21.666666666666668	3.2367241382598877	6.620208263397217	inf	-1.0	inf	-1.0	inf	inf	-1.0	inf	-1.0	inf
64	1	2	4	1.6666666666666667	21.666666666666668	3.2367241382598877	6.620208263397217	inf	inf	inf	inf	inf	inf	inf	inf	inf	inf
65	1	3	0	1.6666666666666667	7.333333333333333	3.2367241382598877	9.380908966064453	inf	-1.0	inf	inf	-1.0	inf	-1.0	inf	inf	-1.0
66	1	3	1	1.6666666666666667	7.333333333333333	3.2367241382598877	9.380908966064453	inf	inf	inf	inf	inf	inf	inf	inf	inf	inf
67	1	3	2	1.6666666666666667	7.333333333333333	3.2367241382598877	9.380908966064453	inf	-1.0	inf	inf	inf	inf	-1.0	inf	inf	inf
68	1	3	3	1.6666666666666667	7.333333333333333	3.2367241382598877	9.380908966064453	inf	inf	inf	-1.0	inf	inf	inf	inf	-1.0	inf
69	1	3	4	1.6666666666666667	7.333333333333333	3.2367241382598877	9.380908966064453	inf	inf	-1.0	-1.0	-1.0	inf	inf	-1.0	-1.0	-1.0
70	1	4	0	5.0	1.6666666666666667	5.998125076293945	3.2367241382598877	-1.0	inf	35.333333333333336	inf	inf	-1.0	inf	30.464731216430664	inf	inf
71	1	4	1	5.0	1.6666666666666667	5.998125076293945	3.2367241382598877	-1.0	-1.0	-1.0	inf	inf	-1.0	-1.0	-1.0	inf	inf
72	1	4	2	5.0	1.6666666666666667	5.998125076293945	3.2367241382598877	inf	-1.0	inf	inf	inf	inf	-1.0	inf	inf	inf
73	1	4	3	5.0	1.6666666666666667	5.998125076293945	3.2367241382598877	inf	inf	-1.0	inf	inf	inf	inf	-1.0	inf	inf
74	1	4	4	5.0	1.6666666666666667	5.998125076293945	3.2367241382598877	-1.0	inf	inf	-1.0	inf	-1.0	inf	inf	-1.0	inf
75	1	5	0	1.6666666666666667	21.666666666666668	3.2367241382598877	6.620208263397217	-1.0	inf	inf	inf	-1.0	-1.0	inf	inf	inf	-1.0
76	1	5	1	1.6666666666666667	21.666666666666668	3.2367241382598877	6.620208263397217	-1.0	-1.0	-1.0	-1.0	-1.0	-1.0	-1.0	-1.0	-1.0	-1.0
77	1	5	2	1.6666666666666667	21.666666666666668	3.2367241382598877	6.620208263397217	inf	inf	inf	inf	inf	inf	inf	inf	inf	inf
78	1	5	3	1.6666666666666667	21.666666666666668	3.2367241382598877	6.620208263397217	inf	inf	inf	-1.0	inf	inf	inf	inf	-1.0	inf
79	1	5	4	1.6666666666666667	21.666666666666668	3.2367241382598877	6.620208263397217	inf	inf	inf	-1.0	inf	inf	inf	inf	-1.0	inf
80	1	6	0	1.6666666666666667	5.0	3.2367241382598877	5.998125076293945	-1.0	inf	-1.0	-1.0	inf	-1.0	inf	-1.0	-1.0	inf
81	1	6	1	1.6666666666666667	5.0	3.2367241382598877	5.998125076293945	-1.0	-1.0	inf	-1.0	inf	-1.0	-1.0	inf	-1.0	inf
82	1	6	2	1.6666666666666667	5.0	3.2367241382598877	5.998125076293945	-1.0	-1.0	inf	inf	inf	-1.0	-1.0	inf	inf	inf
83	1	6	3	1.6666666666666667	5.0	3.2367241382598877	5.998125076293945	inf	inf	inf	inf	inf	inf	inf	inf	inf	inf
84	1	6	4	1.6666666666666667	5.0	3.2367241382598877	5.998125076293945	inf	inf	inf	-1.0	-1.0	inf	inf	inf	-1.0	-1.0
85	1	7	0	5.0	21.666666666666668	5.998125076293945	6.620208263397217	-1.0	inf	-1.0	-1.0	-1.0	-1.0	inf	-1.0	-1.0	-1.0
86	1	7	1	5.0	21.666666666666668	5.998125076293945	6.620208263397217	inf	inf	inf	inf	inf	inf	inf	inf	inf	inf
87	1	7	2	5.0	21.666666666666668	5.998125076293945	6.620208263397217	-1.0	inf	inf	inf	inf	-1.0	inf	inf	inf	inf
88	1	7	3	5.0	21.666666666666668	5.998125076293945	6.620208263397217	inf	inf	inf	inf	inf	inf	inf	inf	inf	inf
89	1	7	4	5.0	21.666666666666668	5.998125076293945	6.620208263397217	inf	inf	inf	inf	inf	inf	inf	inf	inf	inf
90	1	8	0	1.6666666666666667	21.666666666666668	3.2367241382598877	6.620208263397217	-1.0	-1.0	inf	-1.0	-1.0	-1.0	-1.0	inf	-1.0	-1.0
91	1	8	1	1.6666666666666667	21.666666666666668	3.2367241382598877	6.620208263397217	inf	-1.0	inf	inf	inf	inf	-1.0	inf	inf	inf
92	1	8	2	1.6666666666666667	21.666666666666668	3.2367241382598877	6.620208263397217	inf	inf	inf	inf	inf	inf	inf	inf	inf	inf
93	1	8	3	1.6666666666666667	21.666666666666668	3.2367241382598877	6.620208263397217	inf	inf	inf	-1.0	inf	inf	inf	inf	-1.0	inf
94	1	8	4	1.6666666666666667	21.666666666666668	3.2367241382598877	6.620208263397217	23.333333333333332	inf	inf	inf	inf	42.751705169677734	inf	inf	inf	inf
95	1	9	0	1.6666666666666667	5.0	3.2367241382598877	5.998125076293945	inf	-1.0	-1.0	-1.0	-1.0	inf	-1.0	-1.0	-1.0	-1.0
96	1	9	1	1.6666666666666667	5.0	3.2367241382598877	5.998125076293945	inf	inf	inf	inf	inf	inf	inf	inf	inf	inf
97	1	9	2	1.6666666666666667	5.0	3.2367241382598877	5.998125076293945	inf	inf	inf	inf	inf	inf	inf	inf	inf	inf
98	1	9	3	1.6666666666666667	5.0	3.2367241382598877	5.998125076293945	inf	inf	inf	inf	inf	inf	inf	inf	inf	inf
99	1	9	4	1.6666666666666667	5.0	3.2367241382598877	5.998125076293945	inf	inf	inf	inf	-1.0	inf	inf	inf	inf	-1.0
100	2	0	0	1.6666666666666667	1.6666666666666667	3.2367238998413086	3.2367238998413086	6.0	5.333333333333333	-1.0	5.333333333333333	6.666666666666667	6.644495487213135	7.505356311798096	-1.0	7.717384338378906	8.567408561706543
101	2	0	1	1.6666666666666667	1.6666666666666667	3.2367238998413086	3.2367238998413086	-1.0	8.333333333333334	11.333333333333334	-1.0	-1.0	-1.0	9.003100395202637	13.118419647216797	-1.0	-1.0
102	2	0	2	1.6666666666666667	1.6666666666666667	3.2367238998413086	3.2367238998413086	6.666666666666667	-1.0	-1.0	inf	-1.0	3.42438006401062	-1.0	-1.0	inf	-1.0
103	2	0	3	1.6666666666666667	1.6666666666666667	3.2367238998413086	3.2367238998413086	-1.0	inf	11.333333333333334	-1.0	-1.0	-1.0	inf	13.118419647216797	-1.0	-1.0
104	2	0	4	1.6666666666666667	1.6666666666666667	3.2367238998413086	3.2367238998413086	32.333333333333336	101.0	-1.0	-1.0	inf	5.779772758483887	23.036699295043945	-1.0	-1.0	inf
105	2	1	0	32.333333333333336	1.6666666666666667	5.779772758483887	3.2367238998413086	inf	-1.0	inf	98.33333333333333	inf	inf	-1.0	inf	25.388107299804688	inf
106	2	1	1	32.333333333333336	1.6666666666666667	5.779772758483887	3.2367238998413086	-1.0	-1.0	inf	inf	-1.0	-1.0	-1.0	inf	inf	-1.0
107	2	1	2	32.333333333333336	1.6666666666666667	5.779772758483887	3.2367238998413086	-1.0	14.666666666666666	-1.0	29.666666666666668	inf	-1.0	8.337791442871094	-1.0	19.736608505249023	inf
108	2	1	3	32.333333333333336	1.6666666666666667	5.779772758483887	3.2367238998413086	-1.0	-1.0	20.0	80.66666666666667	inf	-1.0	-1.0	5.778826713562012	24.75113868713379	inf
109	2	1	4	32.333333333333336	1.6666666666666667	5.779772758483887	3.2367238998413086	14.0	156.66666666666666	-1.0	-1.0	-1.0	6.157352924346924	120.31793975830078	-1.0	-1.0	-1.0
110	2	2	0	1.6666666666666667	14.0	3.2367238998413086	6.157352924346924	11.333333333333334	4.333333333333333	-1.0	-1.0	-1.0	13.118419647216797	6.289026260375977	-1.0	-1.0	-1.0
111	2	2	1	1.6666666666666667	14.0	3.2367238998413086	6.157352924346924	inf	inf	inf	inf	14.0	inf	inf	inf	inf	6.157352924346924
112	2	2	2	1.6666666666666667	14.0	3.2367238998413086	6.157352924346924	14.0	-1.0	91.66666666666667	80.66666666666667	-1.0	6.157352924346924	-1.0	36.14667510986328	24.75113868713379	-1.0
113	2	2	3	1.6666666666666667	14.0	3.2367238998413086	6.157352924346924	inf	inf	inf	inf	inf	inf	inf	inf	inf	inf
114	2	2	4	1.6666666666666667	14.0	3.2367238998413086	6.157352924346924	-1.0	-1.0	91.66666666666667	-1.0	-1.0	-1.0	-1.0	36.14667510986328	-1.0	-1.0
115	2	3	0	1.6666666666666667	1.6666666666666667	3.2367238998413086	3.2367238998413086	-1.0	-1.0	-1.0	-1.0	-1.0	-1.0	-1.0	-1.0	-1.0	-1.0
116	2	3	1	1.6666666666666667	1.6666666666666667	3.2367238998413086	3.2367238998413086	inf	inf	inf	-1.0	inf	inf	inf	inf	-1.0	inf
117	2	3	2	1.6666666666666667	1.6666666666666667	3.2367238998413086	3.2367238998413086	-1.0					-1.0				
118	2	3	3	1.6666666666666667	1.6666666666666667	3.2367238998413086	3.2367238998413086	inf	inf	inf	25.333333333333332	inf	inf	inf	inf	46.06561279296875	inf
119	2	3	4	1.6666666666666667	1.6666666666666667	3.2367238998413086	3.2367238998413086	11.333333333333334	7.0	28.0	-1.0	inf	13.118419647216797	13.34908676147461	56.80503463745117	-1.0	inf
120	2	4	0	1.6666666666666667	1.6666666666666667	3.2367238998413086	3.2367238998413086	-1.0	inf	inf	inf	-1.0	-1.0	inf	inf	inf	-1.0
121	2	4	1	1.6666666666666667	1.6666666666666667	3.2367238998413086	3.2367238998413086	inf	inf	inf	inf	inf	inf	inf	inf	inf	inf
122	2	4	2	1.6666666666666667	1.6666666666666667	3.2367238998413086	3.2367238998413086	-1.0	-1.0	-1.0	-1.0	-1.0	-1.0	-1.0	-1.0	-1.0	-1.0
123	2	4	3	1.6666666666666667	1.6666666666666667	3.2367238998413086	3.2367238998413086	inf	inf	inf	inf	inf	inf	inf	inf	inf	inf
124	2	4	4	1.6666666666666667	1.6666666666666667	3.2367238998413086	3.2367238998413086	inf	inf	-1.0	inf	-1.0	inf	inf	-1.0	inf	-1.0
125	2	5	0	1.6666666666666667	32.333333333333336	3.2367238998413086	5.779772758483887	-1.0	-1.0	inf	-1.0	-1.0	-1.0	-1.0	inf	-1.0	-1.0
126	2	5	1	1.6666666666666667	32.333333333333336	3.2367238998413086	5.779772758483887	inf	-1.0	inf	-1.0	inf	inf	-1.0	inf	-1.0	inf
127	2	5	2	1.6666666666666667	32.333333333333336	3.2367238998413086	5.779772758483887	-1.0	inf	11.333333333333334	4.0	inf	-1.0	inf	13.118419647216797	5.8298726081848145	inf
128	2	5	3	1.6666666666666667	32.333333333333336	3.2367238998413086	5.779772758483887	inf	inf	inf	inf	inf	inf	inf	inf	inf	inf
129	2	5	4	1.6666666666666667	32.333333333333336	3.2367238998413086	5.779772758483887	-1.0	-1.0	-1.0	-1.0	-1.0	-1.0	-1.0	-1.0	-1.0	-1.0
130	2	6	0	1.6666666666666667	1.6666666666666667	3.2367238998413086	3.2367238998413086	inf	inf	-1.0	inf	inf	inf	inf	-1.0	inf	inf
131	2	6	1	1.6666666666666667	1.6666666666666667	3.2367238998413086	3.2367238998413086	inf	-1.0	-1.0	-1.0	inf	inf	-1.0	-1.0	-1.0	inf
132	2	6	2	1.6666666666666667	1.6666666666666667	3.2367238998413086	3.2367238998413086	inf	inf	inf	inf	inf	inf	inf	inf	inf	inf
133	2	6	3	1.6666666666666667	1.6666666666666667	3.2367238998413086	3.2367238998413086	inf	inf	inf	inf	inf	inf	inf	inf	inf	inf
134	2	6	4	1.6666666666666667	1.6666666666666667	3.2367238998413086	3.2367238998413086	-1.0	-1.0	-1.0	-1.0	-1.0	-1.0	-1.0	-1.0	-1.0	-1.0
135	2	7	0	1.6666666666666667	1.6666666666666667	3.2367238998413086	3.2367238998413086	inf	-1.0	inf	inf	inf	inf	-1.0	inf	inf	inf
136	2	7	1	1.6666666666666667	1.6666666666666667	3.2367238998413086	3.2367238998413086	inf	-1.0	-1.0	-1.0	inf	inf	-1.0	-1.0	-1.0	inf
137	2	7	2	1.6666666666666667	1.6666666666666667	3.2367238998413086	3.2367238998413086	inf	inf	-1.0	-1.0	inf	inf	inf	-1.0	-1.0	inf
138	2	7	3	1.6666666666666667	1.6666666666666667	3.2367238998413086	3.2367238998413086	inf	-1.0	inf	-1.0	inf	inf	-1.0	inf	-1.0	inf
139	2	7	4	1.6666666666666667	1.6666666666666667	3.2367238998413086	3.2367238998413086	21.666666666666668	-1.0	-1.0	-1.0	inf	4.383686065673828	-1.0	-1.0	-1.0	inf
140	2	8	0	1.6666666666666667	21.666666666666668	3.2367238998413086	4.383686065673828	inf	inf	inf	inf	inf	inf	inf	inf	inf	inf
141	2	8	1	1.6666666666666667	21.666666666666668	3.2367238998413086	4.383686065673828	inf	inf	20.0	inf	inf	inf	inf	5.778826713562012	inf	inf
142	2	8	2	1.6666666666666667	21.666666666666668	3.2367238998413086	4.383686065673828	inf					inf				
143	2	8	3	1.6666666666666667	21.666666666666668	3.2367238998413086	4.383686065673828	17.666666666666668	inf	inf	inf	inf	30.01065444946289	inf	inf	inf	inf
144	2	8	4	1.6666666666666667	21.666666666666668	3.2367238998413086	4.383686065673828	-1.0	-1.0	-1.0	-1.0	-1.0	-1.0	-1.0	-1.0	-1.0	-1.0
145	2	9	0	32.333333333333336	1.6666666666666667	5.779772758483887	3.2367238998413086	-1.0	-1.0	inf	28.0	inf	-1.0	-1.0	inf	56.80503463745117	inf
146	2	9	1	32.333333333333336	1.6666666666666667	5.779772758483887	3.2367238998413086	-1.0	-1.0	-1.0	-1.0	inf	-1.0	-1.0	-1.0	-1.0	inf
147	2	9	2	32.333333333333336	1.6666666666666667	5.779772758483887	3.2367238998413086	inf	inf	inf	inf	inf	inf	inf	inf	inf	inf
148	2	9	3	32.333333333333336	1.6666666666666667	5.779772758483887	3.2367238998413086	-1.0	-1.0	-1.0	-1.0	-1.0	-1.0	-1.0	-1.0	-1.0	-1.0
149	2	9	4	32.333333333333336	1.6666666666666667	5.779772758483887	3.2367238998413086	-1.0	-1.0	-1.0	-1.0	-1.0	-1.0	-1.0	-1.0	-1.0	-1.0
