	reset_island_iter	improve_iter	island	program_1_hamming_score	program_2_hamming_score	program_1_neural_score	program_2_neural_score	output_program_1_hamming_score	output_program_2_hamming_score	output_program_3_hamming_score	output_program_4_hamming_score	output_program_5_hamming_score	output_program_1_neural_score	output_program_2_neural_score	output_program_3_neural_score	output_program_4_neural_score	output_program_5_neural_score
0	0	0	0	0.3590277777777778	0.3506944444444444	4.116457939147949	4.062266826629639	inf	0.09895833333333333	-1.0	-1.0	0.28541666666666665	inf	2.527803421020508	-1.0	-1.0	16.386592864990234
1	0	0	1	0.3590277777777778	0.3506944444444444	4.116457939147949	4.062266826629639	0.18229166666666666	0.46805555555555556	-1.0	-1.0	-1.0	2.9995384216308594	5.367629051208496	-1.0	-1.0	-1.0
2	0	0	2	0.3590277777777778	0.3506944444444444	4.116457939147949	4.062266826629639	0.17951388888888886	0.21076388888888886	0.17951388888888886	0.15520833333333334	0.21076388888888886	3.8238091468811035	3.8459060192108154	3.5626282691955566	3.6275851726531982	4.190627574920654
3	0	0	3	0.3590277777777778	0.3506944444444444	4.116457939147949	4.062266826629639	inf	0.12708333333333333	-1.0	0.3055555555555556	-1.0	inf	4.712177753448486	-1.0	3.9187746047973633	-1.0
4	0	0	4	0.3590277777777778	0.3506944444444444	4.116457939147949	4.062266826629639	0.09340277777777778	0.15520833333333334	-1.0	-1.0	0.06840277777777778	2.462454080581665	2.541752576828003	-1.0	-1.0	2.3519904613494873
5	0	1	0	0.06840277777777778	0.09340277777777778	2.3519904613494873	2.462454080581665	0.1236111111111111	inf	inf	-1.0	-1.0	2.1599462032318115	inf	inf	-1.0	-1.0
6	0	1	1	0.06840277777777778	0.09340277777777778	2.3519904613494873	2.462454080581665	-1.0	0.12708333333333333	inf	0.4128472222222222	-1.0	-1.0	4.712177753448486	inf	4.052679061889648	-1.0
7	0	1	2	0.06840277777777778	0.09340277777777778	2.3519904613494873	2.462454080581665	-1.0	-1.0	-1.0	inf	-1.0	-1.0	-1.0	-1.0	inf	-1.0
8	0	1	3	0.06840277777777778	0.09340277777777778	2.3519904613494873	2.462454080581665	0.18229166666666666	inf	-1.0	inf	inf	2.9995384216308594	inf	-1.0	inf	inf
9	0	1	4	0.06840277777777778	0.09340277777777778	2.3519904613494873	2.462454080581665	0.06840277777777778	0.09895833333333333	-1.0	0.21076388888888886	-1.0	2.331310272216797	2.8001580238342285	-1.0	3.6427180767059326	-1.0
10	0	2	0	0.09340277777777778	0.06840277777777778	2.462454080581665	2.3519904613494873	-1.0	-1.0	-1.0	-1.0	inf	-1.0	-1.0	-1.0	-1.0	inf
11	0	2	1	0.09340277777777778	0.06840277777777778	2.462454080581665	2.3519904613494873	0.23229166666666667	inf	0.21076388888888886	-1.0	0.33541666666666664	3.493189811706543	inf	3.8459060192108154	-1.0	3.674342155456543
12	0	2	2	0.09340277777777778	0.06840277777777778	2.462454080581665	2.3519904613494873	0.21076388888888886	0.21076388888888886	0.21076388888888886	0.17951388888888886	-1.0	4.79632043838501	3.9596216678619385	4.224510192871094	3.84216570854187	-1.0
13	0	2	3	0.09340277777777778	0.06840277777777778	2.462454080581665	2.3519904613494873	0.1545138888888889	inf	inf	-1.0	inf	3.1138861179351807	inf	inf	-1.0	inf
14	0	2	4	0.09340277777777778	0.06840277777777778	2.462454080581665	2.3519904613494873	-1.0	-1.0	inf	-1.0	0.21076388888888886	-1.0	-1.0	inf	-1.0	4.521838665008545
15	0	3	0	0.21076388888888886	0.06840277777777778	4.521838665008545	2.331310272216797	0.12395833333333334	-1.0	-1.0	-1.0	-1.0	2.918700933456421	-1.0	-1.0	-1.0	-1.0
16	0	3	1	0.21076388888888886	0.06840277777777778	4.521838665008545	2.331310272216797	inf	inf	inf	inf	inf	inf	inf	inf	inf	inf
17	0	3	2	0.21076388888888886	0.06840277777777778	4.521838665008545	2.331310272216797	-1.0	0.17951388888888886	-1.0	-1.0	-1.0	-1.0	3.7708208560943604	-1.0	-1.0	-1.0
18	0	3	3	0.21076388888888886	0.06840277777777778	4.521838665008545	2.331310272216797	-1.0	-1.0	-1.0	inf	-1.0	-1.0	-1.0	-1.0	inf	-1.0
19	0	3	4	0.21076388888888886	0.06840277777777778	4.521838665008545	2.331310272216797	0.2635416666666667	0.42777777777777776	0.2329861111111111	-1.0	inf	5.136399269104004	5.275071620941162	2.8720204830169678	-1.0	inf
20	0	4	0	0.09895833333333333	0.15520833333333334	2.8001580238342285	2.541752576828003	0.12395833333333334	-1.0	0.21076388888888886	0.12395833333333334	0.12395833333333334	3.4706902503967285	-1.0	4.649340629577637	3.166848659515381	3.1159069538116455
21	0	4	1	0.09895833333333333	0.15520833333333334	2.8001580238342285	2.541752576828003	inf	inf	inf	inf	inf	inf	inf	inf	inf	inf
22	0	4	2	0.09895833333333333	0.15520833333333334	2.8001580238342285	2.541752576828003	0.15208333333333332	-1.0	-1.0	0.15208333333333332	-1.0	2.6164913177490234	-1.0	-1.0	2.547919988632202	-1.0
23	0	4	3	0.09895833333333333	0.15520833333333334	2.8001580238342285	2.541752576828003	0.25	-1.0	-1.0	-1.0	-1.0	3.9318346977233887	-1.0	-1.0	-1.0	-1.0
24	0	4	4	0.09895833333333333	0.15520833333333334	2.8001580238342285	2.541752576828003	inf	0.17708333333333331	0.8142361111111112	0.6458333333333333	0.25763888888888886	inf	2.544771432876587	9.404991149902344	4.348568439483643	4.375439643859863
25	0	5	0	0.06840277777777778	0.15520833333333334	2.3519904613494873	2.541752576828003	-1.0	-1.0	-1.0	-1.0	0.46805555555555556	-1.0	-1.0	-1.0	-1.0	5.367629051208496
26	0	5	1	0.06840277777777778	0.15520833333333334	2.3519904613494873	2.541752576828003	inf	-1.0	inf	0.25729166666666664	inf	inf	-1.0	inf	3.059908866882324	inf
27	0	5	2	0.06840277777777778	0.15520833333333334	2.3519904613494873	2.541752576828003	-1.0	-1.0	-1.0	0.22326388888888887	-1.0	-1.0	-1.0	-1.0	4.83088493347168	-1.0
28	0	5	3	0.06840277777777778	0.15520833333333334	2.3519904613494873	2.541752576828003	-1.0	-1.0	-1.0	-1.0	-1.0	-1.0	-1.0	-1.0	-1.0	-1.0
29	0	5	4	0.06840277777777778	0.15520833333333334	2.3519904613494873	2.541752576828003	inf	-1.0	-1.0	inf	-1.0	inf	-1.0	-1.0	inf	-1.0
30	0	6	0	0.2329861111111111	0.06840277777777778	2.8720204830169678	2.3519904613494873	-1.0	-1.0	-1.0	-1.0	-1.0	-1.0	-1.0	-1.0	-1.0	-1.0
31	0	6	1	0.2329861111111111	0.06840277777777778	2.8720204830169678	2.3519904613494873	-1.0	-1.0	0.23229166666666667	-1.0	-1.0	-1.0	-1.0	3.425961971282959	-1.0	-1.0
32	0	6	2	0.2329861111111111	0.06840277777777778	2.8720204830169678	2.3519904613494873	0.2631944444444444	0.17951388888888886	0.17951388888888886	-1.0	0.14270833333333333	3.069390058517456	3.2287447452545166	4.5099992752075195	-1.0	2.3449478149414062
33	0	6	3	0.2329861111111111	0.06840277777777778	2.8720204830169678	2.3519904613494873	0.1545138888888889	-1.0	0.25	0.1545138888888889	0.1545138888888889	3.336941957473755	-1.0	3.9207303524017334	3.5616204738616943	3.288123846054077
34	0	6	4	0.2329861111111111	0.06840277777777778	2.8720204830169678	2.3519904613494873	inf	0.2329861111111111	0.48055555555555557	-1.0	inf	inf	3.8176989555358887	12.343461990356445	-1.0	inf
35	0	7	0	0.15520833333333334	0.06840277777777778	2.541752576828003	2.3519904613494873	0.15520833333333334	-1.0	inf	0.17951388888888886	inf	3.6275851726531982	-1.0	inf	3.7901976108551025	inf
36	0	7	1	0.15520833333333334	0.06840277777777778	2.541752576828003	2.3519904613494873	-1.0	-1.0	-1.0	0.3055555555555556	-1.0	-1.0	-1.0	-1.0	3.9187746047973633	-1.0
37	0	7	2	0.15520833333333334	0.06840277777777778	2.541752576828003	2.3519904613494873	0.34375	0.17951388888888886	-1.0	-1.0	inf	4.050680637359619	3.974750518798828	-1.0	-1.0	inf
38	0	7	3	0.15520833333333334	0.06840277777777778	2.541752576828003	2.3519904613494873	-1.0	-1.0	-1.0	-1.0	-1.0	-1.0	-1.0	-1.0	-1.0	-1.0
39	0	7	4	0.15520833333333334	0.06840277777777778	2.541752576828003	2.3519904613494873	inf	-1.0	-1.0	-1.0	-1.0	inf	-1.0	-1.0	-1.0	-1.0
40	0	8	0	0.6458333333333333	0.06840277777777778	4.348568439483643	2.331310272216797	0.1986111111111111	0.06840277777777778	-1.0	-1.0	-1.0	3.524900436401367	2.343151569366455	-1.0	-1.0	-1.0
41	0	8	1	0.6458333333333333	0.06840277777777778	4.348568439483643	2.331310272216797	-1.0	-1.0	-1.0	-1.0	-1.0	-1.0	-1.0	-1.0	-1.0	-1.0
42	0	8	2	0.6458333333333333	0.06840277777777778	4.348568439483643	2.331310272216797	-1.0	0.17951388888888886	-1.0	-1.0	-1.0	-1.0	3.7901976108551025	-1.0	-1.0	-1.0
43	0	8	3	0.6458333333333333	0.06840277777777778	4.348568439483643	2.331310272216797	-1.0	-1.0	-1.0	-1.0	0.46805555555555556	-1.0	-1.0	-1.0	-1.0	5.367629051208496
44	0	8	4	0.6458333333333333	0.06840277777777778	4.348568439483643	2.331310272216797	0.5118055555555555	-1.0	inf	0.12708333333333333	-1.0	31.80026626586914	-1.0	inf	4.712177753448486	-1.0
45	0	9	0	0.15520833333333334	0.2329861111111111	2.541752576828003	2.8720204830169678	0.1857638888888889	0.21076388888888886	0.21076388888888886	0.043402777777777776	-1.0	3.9626379013061523	4.763721942901611	4.433144569396973	1.566857933998108	-1.0
46	0	9	1	0.15520833333333334	0.2329861111111111	2.541752576828003	2.8720204830169678	-1.0	-1.0	-1.0	-1.0	-1.0	-1.0	-1.0	-1.0	-1.0	-1.0
47	0	9	2	0.15520833333333334	0.2329861111111111	2.541752576828003	2.8720204830169678	0.17951388888888886	-1.0	-1.0	-1.0	-1.0	3.9264883995056152	-1.0	-1.0	-1.0	-1.0
48	0	9	3	0.15520833333333334	0.2329861111111111	2.541752576828003	2.8720204830169678	-1.0	0.1545138888888889	inf	-1.0	-1.0	-1.0	3.598375082015991	inf	-1.0	-1.0
49	0	9	4	0.15520833333333334	0.2329861111111111	2.541752576828003	2.8720204830169678	-1.0	inf	-1.0	-1.0	-1.0	-1.0	inf	-1.0	-1.0	-1.0
50	1	0	0	0.09895833333333333	0.15520833333333334	2.527803421020508	2.541752576828003	0.15520833333333334	0.15520833333333334	-1.0	0.21076388888888886	-1.0	3.509617328643799	3.6275851726531982	-1.0	4.224510192871094	-1.0
51	1	0	1	0.09895833333333333	0.15520833333333334	2.527803421020508	2.541752576828003	-1.0	0.13958333333333334	-1.0	inf	0.12395833333333332	-1.0	4.597788333892822	-1.0	inf	3.243906021118164
52	1	0	2	0.09895833333333333	0.15520833333333334	2.527803421020508	2.541752576828003	0.12395833333333332	0.17951388888888886	0.19826388888888888	0.15520833333333334	0.21076388888888886	3.2713820934295654	3.7708208560943604	4.13905668258667	3.7985191345214844	4.550474643707275
53	1	0	3	0.09895833333333333	0.15520833333333334	2.527803421020508	2.541752576828003	-1.0	0.8729166666666666	0.7170138888888888	-1.0	inf	-1.0	31.752344131469727	4.886654853820801	-1.0	inf
54	1	0	4	0.09895833333333333	0.15520833333333334	2.527803421020508	2.541752576828003	0.043402777777777776	-1.0	0.21076388888888886	inf	-1.0	1.566857933998108	-1.0	4.224510192871094	inf	-1.0
55	1	1	0	0.15520833333333334	0.09895833333333333	2.541752576828003	2.527803421020508	0.18229166666666666	-1.0	0.21041666666666664	-1.0	0.1857638888888889	2.9995384216308594	-1.0	3.744429111480713	-1.0	3.50880765914917
56	1	1	1	0.15520833333333334	0.09895833333333333	2.541752576828003	2.527803421020508	0.06840277777777778	inf	-1.0	-1.0	-1.0	2.3519904613494873	inf	-1.0	-1.0	-1.0
57	1	1	2	0.15520833333333334	0.09895833333333333	2.541752576828003	2.527803421020508	-1.0	inf	0.15520833333333334	inf	-1.0	-1.0	inf	3.8818469047546387	inf	-1.0
58	1	1	3	0.15520833333333334	0.09895833333333333	2.541752576828003	2.527803421020508	-1.0	inf	-1.0	inf	inf	-1.0	inf	-1.0	inf	inf
59	1	1	4	0.15520833333333334	0.09895833333333333	2.541752576828003	2.527803421020508	-1.0	-1.0	-1.0	-1.0	-1.0	-1.0	-1.0	-1.0	-1.0	-1.0
60	1	2	0	0.043402777777777776	0.09895833333333333	1.566857933998108	2.527803421020508	-1.0	0.06840277777777778	0.09895833333333333	-1.0	-1.0	-1.0	2.343151569366455	2.527803421020508	-1.0	-1.0
61	1	2	1	0.043402777777777776	0.09895833333333333	1.566857933998108	2.527803421020508	inf	-1.0	-1.0	-1.0	-1.0	inf	-1.0	-1.0	-1.0	-1.0
62	1	2	2	0.043402777777777776	0.09895833333333333	1.566857933998108	2.527803421020508	0.15520833333333334	0.15833333333333333	inf	0.13958333333333334	-1.0	3.2893779277801514	4.030145168304443	inf	3.6928133964538574	-1.0
63	1	2	3	0.043402777777777776	0.09895833333333333	1.566857933998108	2.527803421020508	0.17708333333333331	-1.0	inf	0.2638888888888889	0.06840277777777778	2.544771432876587	-1.0	inf	3.711724042892456	2.567006826400757
64	1	2	4	0.043402777777777776	0.09895833333333333	1.566857933998108	2.527803421020508	0.12708333333333333	-1.0	inf	-1.0	0.17986111111111108	2.7481093406677246	-1.0	inf	-1.0	3.4581477642059326
65	1	3	0	0.043402777777777776	0.09895833333333333	1.566857933998108	2.527803421020508	inf	inf	inf	inf	inf	inf	inf	inf	inf	inf
66	1	3	1	0.043402777777777776	0.09895833333333333	1.566857933998108	2.527803421020508	-1.0	-1.0	-1.0	-1.0	-1.0	-1.0	-1.0	-1.0	-1.0	-1.0
67	1	3	2	0.043402777777777776	0.09895833333333333	1.566857933998108	2.527803421020508	0.12395833333333334	0.14270833333333333	0.12395833333333332	0.15520833333333334	-1.0	3.029452085494995	4.420627117156982	3.11721134185791	3.601498603820801	-1.0
68	1	3	3	0.043402777777777776	0.09895833333333333	1.566857933998108	2.527803421020508	-1.0	0.2791666666666666	0.13923611111111112	inf	inf	-1.0	3.822641134262085	2.778534173965454	inf	inf
69	1	3	4	0.043402777777777776	0.09895833333333333	1.566857933998108	2.527803421020508	0.12430555555555556	inf	0.18263888888888888	inf	0.15486111111111112	2.316216468811035	inf	3.442880868911743	inf	3.256746768951416
70	1	4	0	0.15520833333333334	0.043402777777777776	2.541752576828003	1.566857933998108	inf	inf	inf	inf	inf	inf	inf	inf	inf	inf
71	1	4	1	0.15520833333333334	0.043402777777777776	2.541752576828003	1.566857933998108	-1.0	0.13923611111111112	-1.0	-1.0	-1.0	-1.0	2.778534173965454	-1.0	-1.0	-1.0
72	1	4	2	0.15520833333333334	0.043402777777777776	2.541752576828003	1.566857933998108	inf	0.05277777777777778	0.06840277777777778	-1.0	-1.0	inf	1.574933409690857	2.331310272216797	-1.0	-1.0
73	1	4	3	0.15520833333333334	0.043402777777777776	2.541752576828003	1.566857933998108	inf	inf	inf	-1.0	0.06840277777777778	inf	inf	inf	-1.0	1.684829592704773
74	1	4	4	0.15520833333333334	0.043402777777777776	2.541752576828003	1.566857933998108	-1.0	-1.0	-1.0	-1.0	0.043402777777777776	-1.0	-1.0	-1.0	-1.0	1.655375599861145
75	1	5	0	0.12708333333333333	0.12430555555555556	2.7481093406677246	2.316216468811035	0.20729166666666665	0.20694444444444443	inf	inf	0.1236111111111111	2.0793819427490234	3.57517147064209	inf	inf	1.5701984167099
76	1	5	1	0.12708333333333333	0.12430555555555556	2.7481093406677246	2.316216468811035	-1.0	-1.0	inf	inf	0.15520833333333334	-1.0	-1.0	inf	inf	4.069342136383057
77	1	5	2	0.12708333333333333	0.12430555555555556	2.7481093406677246	2.316216468811035	inf	-1.0	-1.0	inf	0.14270833333333333	inf	-1.0	-1.0	inf	3.772526979446411
78	1	5	3	0.12708333333333333	0.12430555555555556	2.7481093406677246	2.316216468811035	inf	-1.0	inf	inf	inf	inf	-1.0	inf	inf	inf
79	1	5	4	0.12708333333333333	0.12430555555555556	2.7481093406677246	2.316216468811035	0.21076388888888886	0.29444444444444445	0.1673611111111111	-1.0	0.1829861111111111	4.558005332946777	5.27186918258667	4.468107223510742	-1.0	4.324156761169434
80	1	6	0	0.043402777777777776	0.12708333333333333	1.566857933998108	2.7481093406677246	-1.0	0.2913194444444444	0.17986111111111108	0.17986111111111108	0.1798611111111111	-1.0	3.1729071140289307	2.9676461219787598	2.5584969520568848	2.548799991607666
81	1	6	1	0.043402777777777776	0.12708333333333333	1.566857933998108	2.7481093406677246	-1.0	-1.0	0.23229166666666667	-1.0	0.4465277777777778	-1.0	-1.0	2.3511080741882324	-1.0	3.1852993965148926
82	1	6	2	0.043402777777777776	0.12708333333333333	1.566857933998108	2.7481093406677246	inf	inf	inf	inf	inf	inf	inf	inf	inf	inf
83	1	6	3	0.043402777777777776	0.12708333333333333	1.566857933998108	2.7481093406677246	inf	-1.0	0.1954861111111111	-1.0	-1.0	inf	-1.0	2.9743149280548096	-1.0	-1.0
84	1	6	4	0.043402777777777776	0.12708333333333333	1.566857933998108	2.7481093406677246	-1.0	-1.0	0.12743055555555555	-1.0	0.15520833333333334	-1.0	-1.0	3.282656669616699	-1.0	3.797417640686035
85	1	7	0	0.043402777777777776	0.15486111111111112	1.566857933998108	3.256746768951416	inf	inf	0.12708333333333333	inf	0.1951388888888889	inf	inf	4.712177753448486	inf	3.312568187713623
86	1	7	1	0.043402777777777776	0.15486111111111112	1.566857933998108	3.256746768951416	-1.0	-1.0	-1.0	-1.0	-1.0	-1.0	-1.0	-1.0	-1.0	-1.0
87	1	7	2	0.043402777777777776	0.15486111111111112	1.566857933998108	3.256746768951416	inf	inf	-1.0	inf	-1.0	inf	inf	-1.0	inf	-1.0
88	1	7	3	0.043402777777777776	0.15486111111111112	1.566857933998108	3.256746768951416	-1.0	inf	-1.0	0.12708333333333333	-1.0	-1.0	inf	-1.0	4.712177753448486	-1.0
89	1	7	4	0.043402777777777776	0.15486111111111112	1.566857933998108	3.256746768951416	inf	inf	-1.0	-1.0	inf	inf	inf	-1.0	-1.0	inf
90	1	8	0	0.15486111111111112	0.043402777777777776	3.256746768951416	1.566857933998108	0.17638888888888887	0.09895833333333333	-1.0	inf	-1.0	2.4862825870513916	2.6781680583953857	-1.0	inf	-1.0
91	1	8	1	0.15486111111111112	0.043402777777777776	3.256746768951416	1.566857933998108	-1.0	0.21076388888888886	0.21076388888888886	-1.0	-1.0	-1.0	4.224510192871094	4.6342644691467285	-1.0	-1.0
92	1	8	2	0.15486111111111112	0.043402777777777776	3.256746768951416	1.566857933998108	inf	-1.0	-1.0	-1.0	0.21076388888888886	inf	-1.0	-1.0	-1.0	4.521838665008545
93	1	8	3	0.15486111111111112	0.043402777777777776	3.256746768951416	1.566857933998108	inf	-1.0	inf	inf	-1.0	inf	-1.0	inf	inf	-1.0
94	1	8	4	0.15486111111111112	0.043402777777777776	3.256746768951416	1.566857933998108	0.05590277777777777	0.06840277777777778	-1.0	-1.0	0.05590277777777777	2.3986480236053467	2.3198797702789307	-1.0	-1.0	2.3121254444122314
95	1	9	0	0.043402777777777776	0.12430555555555556	1.566857933998108	2.316216468811035	0.21041666666666664	0.21076388888888886	-1.0	-1.0	-1.0	4.170894622802734	4.1900811195373535	-1.0	-1.0	-1.0
96	1	9	1	0.043402777777777776	0.12430555555555556	1.566857933998108	2.316216468811035	0.21076388888888886	-1.0	0.09895833333333333	0.09895833333333333	inf	4.367734909057617	-1.0	2.8001580238342285	2.6781680583953857	inf
97	1	9	2	0.043402777777777776	0.12430555555555556	1.566857933998108	2.316216468811035	-1.0	inf	inf	inf	inf	-1.0	inf	inf	inf	inf
98	1	9	3	0.043402777777777776	0.12430555555555556	1.566857933998108	2.316216468811035	-1.0	-1.0	-1.0	-1.0	-1.0	-1.0	-1.0	-1.0	-1.0	-1.0
99	1	9	4	0.043402777777777776	0.12430555555555556	1.566857933998108	2.316216468811035	inf	inf	0.37430555555555556	inf	inf	inf	inf	3.8520069122314453	inf	inf
100	2	0	0	0.04027777777777777	0.04027777777777777	1.1789566278457642	1.1789566278457642	0.040625	-1.0	-1.0	inf	-1.0	1.7580044269561768	-1.0	-1.0	inf	-1.0
101	2	0	1	0.04027777777777777	0.04027777777777777	1.1789566278457642	1.1789566278457642	0.06840277777777778	-1.0	-1.0	-1.0	-1.0	2.331310272216797	-1.0	-1.0	-1.0	-1.0
102	2	0	2	0.04027777777777777	0.04027777777777777	1.1789566278457642	1.1789566278457642	0.040625	-1.0	-1.0	-1.0	0.12395833333333334	1.7580044269561768	-1.0	-1.0	-1.0	2.8960537910461426
103	2	0	3	0.04027777777777777	0.04027777777777777	1.1789566278457642	1.1789566278457642	0.10868055555555554	-1.0	-1.0	0.04027777777777777	-1.0	2.216808319091797	-1.0	-1.0	1.6668012142181396	-1.0
104	2	0	4	0.04027777777777777	0.04027777777777777	1.1789566278457642	1.1789566278457642	0.06527777777777777	0.12083333333333332	inf	-1.0	-1.0	1.8169068098068237	2.5151402950286865	inf	-1.0	-1.0
105	2	1	0	0.04027777777777777	0.06527777777777777	1.1789566278457642	1.8169068098068237	inf					inf				
106	2	1	1	0.04027777777777777	0.06527777777777777	1.1789566278457642	1.8169068098068237	0.040625	-1.0	-1.0	-1.0	-1.0	1.7580044269561768	-1.0	-1.0	-1.0	-1.0
107	2	1	2	0.04027777777777777	0.06527777777777777	1.1789566278457642	1.8169068098068237	-1.0	-1.0	-1.0	0.04027777777777777	0.06840277777777778	-1.0	-1.0	-1.0	1.3619275093078613	2.331310272216797
108	2	1	3	0.04027777777777777	0.06527777777777777	1.1789566278457642	1.8169068098068237	inf	-1.0	-1.0	-1.0	-1.0	inf	-1.0	-1.0	-1.0	-1.0
109	2	1	4	0.04027777777777777	0.06527777777777777	1.1789566278457642	1.8169068098068237	0.19513888888888886	0.12708333333333333	-1.0	0.17048611111111112	-1.0	3.368837833404541	4.712177753448486	-1.0	4.580415725708008	-1.0
110	2	2	0	0.04027777777777777	0.04027777777777777	1.1789566278457642	1.1789566278457642	-1.0	-1.0	0.06840277777777778	-1.0	-1.0	-1.0	-1.0	2.331310272216797	-1.0	-1.0
111	2	2	1	0.04027777777777777	0.04027777777777777	1.1789566278457642	1.1789566278457642	-1.0	-1.0	-1.0	inf	-1.0	-1.0	-1.0	-1.0	inf	-1.0
112	2	2	2	0.04027777777777777	0.04027777777777777	1.1789566278457642	1.1789566278457642	0.3878472222222222	-1.0	-1.0	-1.0	-1.0	3.1863226890563965	-1.0	-1.0	-1.0	-1.0
113	2	2	3	0.04027777777777777	0.04027777777777777	1.1789566278457642	1.1789566278457642	0.15208333333333332	0.15208333333333332	-1.0	inf	-1.0	3.5042266845703125	4.593383312225342	-1.0	inf	-1.0
114	2	2	4	0.04027777777777777	0.04027777777777777	1.1789566278457642	1.1789566278457642	0.06840277777777778	0.11180555555555555	-1.0	0.2857638888888889	0.15208333333333332	2.331310272216797	2.5689406394958496	-1.0	4.3303704261779785	2.594475269317627
115	2	3	0	0.12083333333333332	0.15208333333333332	2.5151402950286865	2.594475269317627	-1.0	inf	-1.0	-1.0	-1.0	-1.0	inf	-1.0	-1.0	-1.0
116	2	3	1	0.12083333333333332	0.15208333333333332	2.5151402950286865	2.594475269317627	-1.0	-1.0	-1.0	-1.0	inf	-1.0	-1.0	-1.0	-1.0	inf
117	2	3	2	0.12083333333333332	0.15208333333333332	2.5151402950286865	2.594475269317627	-1.0	0.053125	0.04027777777777777	-1.0	-1.0	-1.0	1.8383785486221313	1.1789566278457642	-1.0	-1.0
118	2	3	3	0.12083333333333332	0.15208333333333332	2.5151402950286865	2.594475269317627	inf	inf	inf	inf	inf	inf	inf	inf	inf	inf
119	2	3	4	0.12083333333333332	0.15208333333333332	2.5151402950286865	2.594475269317627	0.04027777777777777	0.05590277777777777	-1.0	-1.0	-1.0	1.6668012142181396	1.7588239908218384	-1.0	-1.0	-1.0
120	2	4	0	0.04027777777777777	0.11180555555555555	1.6668012142181396	2.5689406394958496	-1.0	-1.0	-1.0	inf	inf	-1.0	-1.0	-1.0	inf	inf
121	2	4	1	0.04027777777777777	0.11180555555555555	1.6668012142181396	2.5689406394958496	inf	-1.0	inf	inf	inf	inf	-1.0	inf	inf	inf
122	2	4	2	0.04027777777777777	0.11180555555555555	1.6668012142181396	2.5689406394958496	-1.0	0.15208333333333332	-1.0	inf	-1.0	-1.0	3.337541103363037	-1.0	inf	-1.0
123	2	4	3	0.04027777777777777	0.11180555555555555	1.6668012142181396	2.5689406394958496	0.10868055555555554	-1.0	-1.0	inf	0.10868055555555554	2.931605100631714	-1.0	-1.0	inf	2.694603204727173
124	2	4	4	0.04027777777777777	0.11180555555555555	1.6668012142181396	2.5689406394958496	-1.0	inf	-1.0	-1.0	0.15208333333333332	-1.0	inf	-1.0	-1.0	3.5042266845703125
125	2	5	0	0.04027777777777777	0.04027777777777777	1.6668012142181396	1.1789566278457642	-1.0	inf	-1.0	-1.0	-1.0	-1.0	inf	-1.0	-1.0	-1.0
126	2	5	1	0.04027777777777777	0.04027777777777777	1.6668012142181396	1.1789566278457642	inf	-1.0	-1.0	-1.0	-1.0	inf	-1.0	-1.0	-1.0	-1.0
127	2	5	2	0.04027777777777777	0.04027777777777777	1.6668012142181396	1.1789566278457642	inf	inf	inf	inf	inf	inf	inf	inf	inf	inf
128	2	5	3	0.04027777777777777	0.04027777777777777	1.6668012142181396	1.1789566278457642	-1.0	inf	-1.0	inf	inf	-1.0	inf	-1.0	inf	inf
129	2	5	4	0.04027777777777777	0.04027777777777777	1.6668012142181396	1.1789566278457642	inf	inf	inf	inf	inf	inf	inf	inf	inf	inf
130	2	6	0	0.04027777777777777	0.04027777777777777	1.6668012142181396	1.1789566278457642	inf	-1.0	-1.0	-1.0	-1.0	inf	-1.0	-1.0	-1.0	-1.0
131	2	6	1	0.04027777777777777	0.04027777777777777	1.6668012142181396	1.1789566278457642	-1.0	inf	-1.0	-1.0	-1.0	-1.0	inf	-1.0	-1.0	-1.0
132	2	6	2	0.04027777777777777	0.04027777777777777	1.6668012142181396	1.1789566278457642	inf	-1.0	-1.0	-1.0	-1.0	inf	-1.0	-1.0	-1.0	-1.0
133	2	6	3	0.04027777777777777	0.04027777777777777	1.6668012142181396	1.1789566278457642	-1.0	inf	-1.0	-1.0	0.15208333333333332	-1.0	inf	-1.0	-1.0	3.4570229053497314
134	2	6	4	0.04027777777777777	0.04027777777777777	1.6668012142181396	1.1789566278457642	0.10868055555555554	0.10868055555555554	0.0125	0.15208333333333332	-1.0	2.216808319091797	2.78666090965271	0.8011976480484009	3.4570229053497314	-1.0
135	2	7	0	0.0125	0.04027777777777777	0.8011976480484009	1.6668012142181396	-1.0	inf	inf	inf	-1.0	-1.0	inf	inf	inf	-1.0
136	2	7	1	0.0125	0.04027777777777777	0.8011976480484009	1.6668012142181396	-1.0	inf	-1.0	inf	inf	-1.0	inf	-1.0	inf	inf
137	2	7	2	0.0125	0.04027777777777777	0.8011976480484009	1.6668012142181396	inf	inf	inf	-1.0	-1.0	inf	inf	inf	-1.0	-1.0
138	2	7	3	0.0125	0.04027777777777777	0.8011976480484009	1.6668012142181396	-1.0	-1.0	0.35694444444444445	-1.0	0.24513888888888885	-1.0	-1.0	13.350496292114258	-1.0	3.370497465133667
139	2	7	4	0.0125	0.04027777777777777	0.8011976480484009	1.6668012142181396	-1.0	-1.0	-1.0	-1.0	inf	-1.0	-1.0	-1.0	-1.0	inf
140	2	8	0	0.15208333333333332	0.04027777777777777	3.4570229053497314	1.1789566278457642	inf	inf	inf	inf	inf	inf	inf	inf	inf	inf
141	2	8	1	0.15208333333333332	0.04027777777777777	3.4570229053497314	1.1789566278457642	-1.0	-1.0	inf	inf	-1.0	-1.0	-1.0	inf	inf	-1.0
142	2	8	2	0.15208333333333332	0.04027777777777777	3.4570229053497314	1.1789566278457642	-1.0	inf	inf	inf	-1.0	-1.0	inf	inf	inf	-1.0
143	2	8	3	0.15208333333333332	0.04027777777777777	3.4570229053497314	1.1789566278457642	0.025	0.0375	0.0125	-1.0	-1.0	1.1377607583999634	1.3173668384552002	0.8011976480484009	-1.0	-1.0
144	2	8	4	0.15208333333333332	0.04027777777777777	3.4570229053497314	1.1789566278457642	-1.0	0.1611111111111111	-1.0	0.05277777777777778	-1.0	-1.0	2.0671706199645996	-1.0	1.574933409690857	-1.0
145	2	9	0	0.0125	0.04027777777777777	0.8011976480484009	1.1789566278457642	-1.0	-1.0	-1.0	-1.0	-1.0	-1.0	-1.0	-1.0	-1.0	-1.0
146	2	9	1	0.0125	0.04027777777777777	0.8011976480484009	1.1789566278457642	-1.0	-1.0	-1.0	inf	-1.0	-1.0	-1.0	-1.0	inf	-1.0
147	2	9	2	0.0125	0.04027777777777777	0.8011976480484009	1.1789566278457642	inf	inf	-1.0	-1.0	inf	inf	inf	-1.0	-1.0	inf
148	2	9	3	0.0125	0.04027777777777777	0.8011976480484009	1.1789566278457642	0.08402777777777778	-1.0	inf	-1.0	-1.0	1.7835474014282227	-1.0	inf	-1.0	-1.0
149	2	9	4	0.0125	0.04027777777777777	0.8011976480484009	1.1789566278457642	-1.0	0.15208333333333332	inf	-1.0	-1.0	-1.0	3.2225968837738037	inf	-1.0	-1.0
