	reset_island_iter	improve_iter	island	program_1_hamming_score	program_2_hamming_score	program_1_neural_score	program_2_neural_score	output_program_1_hamming_score	output_program_2_hamming_score	output_program_3_hamming_score	output_program_4_hamming_score	output_program_5_hamming_score	output_program_1_neural_score	output_program_2_neural_score	output_program_3_neural_score	output_program_4_neural_score	output_program_5_neural_score
0	0	0	0	6.0	5.666666666666667	4.924590587615967	4.785400867462158	inf	inf	inf	5.0	-1.0	inf	inf	inf	6.503695011138916	-1.0
1	0	0	1	6.0	5.666666666666667	4.924590587615967	4.785400867462158	inf	inf	inf	-1.0	6.0	inf	inf	inf	-1.0	4.924590587615967
2	0	0	2	6.0	5.666666666666667	4.924590587615967	4.785400867462158	6.666666666666667	inf				35.57918167114258	inf			
3	0	0	3	6.0	5.666666666666667	4.924590587615967	4.785400867462158	6.333333333333333	inf	8.666666666666666	9.333333333333334	10.0	17.254043579101562	inf	17.430448532104492	6.041533946990967	10.100696563720703
4	0	0	4	6.0	5.666666666666667	4.924590587615967	4.785400867462158	10.0	9.333333333333334	-1.0	inf	-1.0	10.100696563720703	10.876014709472656	-1.0	inf	-1.0
5	0	1	0	5.666666666666667	6.0	4.785400867462158	4.924590587615967	4.0	11.0	6.666666666666667	6.0	inf	5.999643802642822	5.369232654571533	13.581243515014648	4.924590587615967	inf
6	0	1	1	5.666666666666667	6.0	4.785400867462158	4.924590587615967	inf	-1.0	inf	6.0	inf	inf	-1.0	inf	31.043228149414062	inf
7	0	1	2	5.666666666666667	6.0	4.785400867462158	4.924590587615967	inf	5.666666666666667	5.0	4.666666666666667	inf	inf	13.256206512451172	5.855226516723633	5.473212242126465	inf
8	0	1	3	5.666666666666667	6.0	4.785400867462158	4.924590587615967	inf					inf				
9	0	1	4	5.666666666666667	6.0	4.785400867462158	4.924590587615967	inf	-1.0	12.666666666666666	14.666666666666666	-1.0	inf	-1.0	40.33576965332031	13.164484024047852	-1.0
10	0	2	0	5.666666666666667	6.0	4.785400867462158	4.924590587615967	-1.0	4.666666666666667	inf	4.0	inf	-1.0	4.508056640625	inf	9.903414726257324	inf
11	0	2	1	5.666666666666667	6.0	4.785400867462158	4.924590587615967	inf	inf	inf	inf	0.0	inf	inf	inf	inf	0.0
