	reset_island_iter	improve_iter	island	program_1_hamming_score	program_2_hamming_score	program_1_neural_score	program_2_neural_score	output_program_1_hamming_score	output_program_2_hamming_score	output_program_3_hamming_score	output_program_4_hamming_score	output_program_5_hamming_score	output_program_1_neural_score	output_program_2_neural_score	output_program_3_neural_score	output_program_4_neural_score	output_program_5_neural_score
0	0	0	0	0.01	0.01	167.03988647460938	167.32296752929688	0.135	0.14	0.14500000000000002	-1.0	-1.0	20.346569061279297	19.6607666015625	22.853879928588867	-1.0	-1.0
1	0	0	1	0.01	0.01	167.03988647460938	167.32296752929688	0.125	0.095	inf	0.355	0.17	20.09234046936035	19.032814025878906	inf	6.032365798950195	36.375701904296875
2	0	0	2	0.01	0.01	167.03988647460938	167.32296752929688	0.125	inf	inf	inf	inf	24.17019271850586	inf	inf	inf	inf
3	0	0	3	0.01	0.01	167.03988647460938	167.32296752929688	0.215	-1.0	inf	0.33	-1.0	15.528365135192871	-1.0	inf	22.06950569152832	-1.0
4	0	0	4	0.01	0.01	167.03988647460938	167.32296752929688	inf	inf	0.26	0.14500000000000002	0.275	inf	inf	13.993131637573242	6.659132957458496	40.75535583496094
5	0	1	0	0.01	0.01	167.32296752929688	167.03988647460938	0.115	0.11499999999999999	0.13	0.14	-1.0	22.67948341369629	25.91682243347168	11.174686431884766	7.932931900024414	-1.0
6	0	1	1	0.01	0.01	167.32296752929688	167.03988647460938	inf	-1.0	0.14	inf	inf	inf	-1.0	20.411846160888672	inf	inf
7	0	1	2	0.01	0.01	167.32296752929688	167.03988647460938	0.085	0.08499999999999999	0.065	0.095	0.095	10.799569129943848	9.06600284576416	5.552464485168457	6.538689613342285	10.202258110046387
8	0	1	3	0.01	0.01	167.32296752929688	167.03988647460938	0.11499999999999999	inf	inf	inf	-1.0	25.91682243347168	inf	inf	inf	-1.0
9	0	1	4	0.01	0.01	167.32296752929688	167.03988647460938	0.30000000000000004	0.52	0.5	0.33499999999999996	0.575	13.267870903015137	29.506696701049805	27.330854415893555	10.078940391540527	20.160762786865234
10	0	2	0	0.33499999999999996	0.14500000000000002	10.078940391540527	6.659132957458496	-1.0	0.12	-1.0	-1.0	-1.0	-1.0	21.651033401489258	-1.0	-1.0	-1.0
11	0	2	1	0.33499999999999996	0.14500000000000002	10.078940391540527	6.659132957458496	0.11499999999999999	inf	inf	0.19	0.155	25.91682243347168	inf	inf	9.323812484741211	17.212732315063477
12	0	2	2	0.33499999999999996	0.14500000000000002	10.078940391540527	6.659132957458496	0.14	0.11499999999999999	inf	inf	-1.0	6.5574951171875	25.91682243347168	inf	inf	-1.0
13	0	2	3	0.33499999999999996	0.14500000000000002	10.078940391540527	6.659132957458496	-1.0	inf	inf	inf	0.25	-1.0	inf	inf	inf	43.93018341064453
14	0	2	4	0.33499999999999996	0.14500000000000002	10.078940391540527	6.659132957458496	inf	-1.0	inf	inf	0.36	inf	-1.0	inf	inf	8.173340797424316
15	0	3	0	0.33499999999999996	0.30000000000000004	10.078940391540527	13.267870903015137	0.125	-1.0	0.30000000000000004	0.12	inf	19.897327423095703	-1.0	14.137919425964355	10.898306846618652	inf
16	0	3	1	0.33499999999999996	0.30000000000000004	10.078940391540527	13.267870903015137	inf	inf	inf	inf	-1.0	inf	inf	inf	inf	-1.0
17	0	3	2	0.33499999999999996	0.30000000000000004	10.078940391540527	13.267870903015137	inf	inf	inf	-1.0	-1.0	inf	inf	inf	-1.0	-1.0
18	0	3	3	0.33499999999999996	0.30000000000000004	10.078940391540527	13.267870903015137	-1.0	0.22	-1.0	inf	inf	-1.0	6.204737663269043	-1.0	inf	inf
19	0	3	4	0.33499999999999996	0.30000000000000004	10.078940391540527	13.267870903015137	inf	inf	0.185	0.22	-1.0	inf	inf	5.309921741485596	8.707173347473145	-1.0
20	0	4	0	0.14500000000000002	0.01	6.659132957458496	167.32296752929688	inf	inf	inf	-1.0	inf	inf	inf	inf	-1.0	inf
21	0	4	1	0.14500000000000002	0.01	6.659132957458496	167.32296752929688	0.15	0.365	-1.0	0.41000000000000003	inf	20.66019630432129	72.6452407836914	-1.0	66.88731384277344	inf
22	0	4	2	0.14500000000000002	0.01	6.659132957458496	167.32296752929688	inf	inf	inf	inf	inf	inf	inf	inf	inf	inf
23	0	4	3	0.14500000000000002	0.01	6.659132957458496	167.32296752929688	inf	-1.0	-1.0	-1.0	inf	inf	-1.0	-1.0	-1.0	inf
24	0	4	4	0.14500000000000002	0.01	6.659132957458496	167.32296752929688	inf	inf	inf	inf	inf	inf	inf	inf	inf	inf
25	0	5	0	0.01	0.30000000000000004	167.32296752929688	13.267870903015137	inf	inf	inf	-1.0	0.175	inf	inf	inf	-1.0	10.067272186279297
26	0	5	1	0.01	0.30000000000000004	167.32296752929688	13.267870903015137	-1.0	0.365	0.345	0.385	-1.0	-1.0	60.17829895019531	56.54413604736328	86.21018981933594	-1.0
27	0	5	2	0.01	0.30000000000000004	167.32296752929688	13.267870903015137	-1.0	-1.0	-1.0	-1.0	-1.0	-1.0	-1.0	-1.0	-1.0	-1.0
28	0	5	3	0.01	0.30000000000000004	167.32296752929688	13.267870903015137	inf	inf	0.22999999999999998	-1.0	inf	inf	inf	12.526386260986328	-1.0	inf
29	0	5	4	0.01	0.30000000000000004	167.32296752929688	13.267870903015137	inf	inf	inf	inf	0.525	inf	inf	inf	inf	12.952613830566406
30	0	6	0	0.22	0.33499999999999996	8.707173347473145	10.078940391540527	-1.0	0.12	0.12	0.125	0.13	-1.0	22.09931755065918	23.051414489746094	24.98990821838379	23.527599334716797
31	0	6	1	0.22	0.33499999999999996	8.707173347473145	10.078940391540527	0.185	0.255	0.06	0.255	0.28	20.10369873046875	37.86109161376953	3.457335948944092	37.044795989990234	26.278730392456055
32	0	6	2	0.22	0.33499999999999996	8.707173347473145	10.078940391540527	-1.0	-1.0	0.055	0.055	-1.0	-1.0	-1.0	4.128342151641846	2.7772216796875	-1.0
33	0	6	3	0.22	0.33499999999999996	8.707173347473145	10.078940391540527	0.25	inf	inf	inf	inf	11.877057075500488	inf	inf	inf	inf
34	0	6	4	0.22	0.33499999999999996	8.707173347473145	10.078940391540527	inf	inf	inf	inf	-1.0	inf	inf	inf	inf	-1.0
35	0	7	0	0.22	0.14500000000000002	8.707173347473145	6.659132957458496	0.20500000000000002	0.31	0.14500000000000002	0.305	0.115	8.710118293762207	8.73856258392334	16.5535831451416	20.559402465820312	6.114258766174316
36	0	7	1	0.22	0.14500000000000002	8.707173347473145	6.659132957458496	0.18	0.21500000000000002	-1.0	-1.0	inf	22.441267013549805	7.890719413757324	-1.0	-1.0	inf
37	0	7	2	0.22	0.14500000000000002	8.707173347473145	6.659132957458496	-1.0	-1.0	-1.0	0.11499999999999999	-1.0	-1.0	-1.0	-1.0	4.39075231552124	-1.0
38	0	7	3	0.22	0.14500000000000002	8.707173347473145	6.659132957458496	0.23500000000000001	inf	0.19	inf	-1.0	24.04574966430664	inf	16.294946670532227	inf	-1.0
39	0	7	4	0.22	0.14500000000000002	8.707173347473145	6.659132957458496	inf	inf	inf	inf	-1.0	inf	inf	inf	inf	-1.0
40	0	8	0	0.185	0.33499999999999996	5.309921741485596	10.078940391540527	-1.0	-1.0	0.135	-1.0	-1.0	-1.0	-1.0	19.358455657958984	-1.0	-1.0
41	0	8	1	0.185	0.33499999999999996	5.309921741485596	10.078940391540527	inf	inf	0.28	0.54	0.275	inf	inf	9.512801170349121	31.916139602661133	15.311287879943848
42	0	8	2	0.185	0.33499999999999996	5.309921741485596	10.078940391540527	-1.0	inf	-1.0	0.21	-1.0	-1.0	inf	-1.0	17.795780181884766	-1.0
43	0	8	3	0.185	0.33499999999999996	5.309921741485596	10.078940391540527	inf	inf	inf	-1.0	inf	inf	inf	inf	-1.0	inf
44	0	8	4	0.185	0.33499999999999996	5.309921741485596	10.078940391540527	0.26	inf	inf	inf	inf	8.010220527648926	inf	inf	inf	inf
45	0	9	0	0.14500000000000002	0.185	6.659132957458496	5.309921741485596	-1.0	-1.0	-1.0	0.17	0.12000000000000001	-1.0	-1.0	-1.0	11.54488754272461	21.052534103393555
46	0	9	1	0.14500000000000002	0.185	6.659132957458496	5.309921741485596	inf	inf	0.16999999999999998	0.125	inf	inf	inf	14.513267517089844	13.292241096496582	inf
47	0	9	2	0.14500000000000002	0.185	6.659132957458496	5.309921741485596	0.22	-1.0	-1.0	0.235	inf	18.014495849609375	-1.0	-1.0	18.77573585510254	inf
48	0	9	3	0.14500000000000002	0.185	6.659132957458496	5.309921741485596	inf	inf	inf	inf	-1.0	inf	inf	inf	inf	-1.0
49	0	9	4	0.14500000000000002	0.185	6.659132957458496	5.309921741485596	-1.0	inf	0.29500000000000004	inf	0.4	-1.0	inf	33.17087936401367	inf	22.199575424194336
50	1	0	0	0.01	0.01	167.32296752929688	167.03988647460938	0.245	0.20500000000000002	0.275	inf	0.345	7.3194804191589355	13.994722366333008	46.16005325317383	inf	22.13677978515625
51	1	0	1	0.01	0.01	167.32296752929688	167.03988647460938	inf	inf	inf	inf	inf	inf	inf	inf	inf	inf
52	1	0	2	0.01	0.01	167.32296752929688	167.03988647460938	0.14	0.22	0.085	0.14	0.055	6.188878536224365	11.191713333129883	5.639115810394287	5.9576592445373535	4.128342151641846
53	1	0	3	0.01	0.01	167.32296752929688	167.03988647460938	0.1	0.15000000000000002	inf	0.08181818181818182	0.37	14.648073196411133	16.899106979370117	inf	94.47968292236328	24.47956657409668
54	1	0	4	0.01	0.01	167.32296752929688	167.03988647460938	inf	inf	inf	inf	inf	inf	inf	inf	inf	inf
55	1	1	0	0.01	0.01	167.03988647460938	167.32296752929688	inf	inf	inf	inf	inf	inf	inf	inf	inf	inf
56	1	1	1	0.01	0.01	167.03988647460938	167.32296752929688	inf	inf	inf	inf	inf	inf	inf	inf	inf	inf
57	1	1	2	0.01	0.01	167.03988647460938	167.32296752929688	-1.0	0.15	-1.0	inf	0.135	-1.0	8.600067138671875	-1.0	inf	4.963934898376465
58	1	1	3	0.01	0.01	167.03988647460938	167.32296752929688	inf	0.355	0.26	inf	inf	inf	15.187605857849121	12.704614639282227	inf	inf
59	1	1	4	0.01	0.01	167.03988647460938	167.32296752929688	inf	0.385	inf	inf	0.195	inf	62.85344696044922	inf	inf	5.584492206573486
60	1	2	0	0.195	0.01	5.584492206573486	167.03988647460938	inf	inf	inf	inf	inf	inf	inf	inf	inf	inf
61	1	2	1	0.195	0.01	5.584492206573486	167.03988647460938	0.11499999999999999	0.175	0.275	0.275	0.21	6.02314567565918	12.681370735168457	14.203117370605469	19.63001251220703	12.455995559692383
62	1	2	2	0.195	0.01	5.584492206573486	167.03988647460938	0.37	0.16999999999999998	0.345	0.14500000000000002	0.355	57.60089874267578	12.0763578414917	53.57102584838867	11.080493927001953	52.518394470214844
63	1	2	3	0.195	0.01	5.584492206573486	167.03988647460938	-1.0	inf	inf	0.365	inf	-1.0	inf	inf	69.2114028930664	inf
64	1	2	4	0.195	0.01	5.584492206573486	167.03988647460938	0.385	inf	0.175	0.385	inf	51.66058349609375	inf	7.685033321380615	86.21018981933594	inf
65	1	3	0	0.01	0.01	167.32296752929688	167.03988647460938	inf	inf	inf	inf	inf	inf	inf	inf	inf	inf
66	1	3	1	0.01	0.01	167.32296752929688	167.03988647460938	0.155	0.245	0.20500000000000002	-1.0	0.16999999999999998	5.556839942932129	9.315632820129395	8.883893013000488	-1.0	5.171658992767334
67	1	3	2	0.01	0.01	167.32296752929688	167.03988647460938	0.16999999999999998	0.185	0.155	-1.0	0.385	5.171658992767334	7.951755523681641	7.092433452606201	-1.0	43.775115966796875
68	1	3	3	0.01	0.01	167.32296752929688	167.03988647460938	inf	inf	inf	0.32	inf	inf	inf	inf	5.68975830078125	inf
69	1	3	4	0.01	0.01	167.32296752929688	167.03988647460938	inf	-1.0	0.11499999999999999	0.385	0.25	inf	-1.0	25.91682243347168	25.18307876586914	7.844618320465088
70	1	4	0	0.01	0.385	167.03988647460938	86.21018981933594	inf	inf	inf	inf	inf	inf	inf	inf	inf	inf
71	1	4	1	0.01	0.385	167.03988647460938	86.21018981933594	0.155	0.15000000000000002	-1.0	-1.0	0.165	12.95128345489502	4.914825439453125	-1.0	-1.0	14.635651588439941
72	1	4	2	0.01	0.385	167.03988647460938	86.21018981933594	0.27	0.11	0.14500000000000002	0.13	0.22	17.25568962097168	12.988797187805176	8.106066703796387	8.540552139282227	12.691804885864258
73	1	4	3	0.01	0.385	167.03988647460938	86.21018981933594	0.125	0.325	inf	inf	-1.0	66.97662353515625	24.736103057861328	inf	inf	-1.0
74	1	4	4	0.01	0.385	167.03988647460938	86.21018981933594	-1.0	0.385	inf	-1.0	-1.0	-1.0	28.42954444885254	inf	-1.0	-1.0
75	1	5	0	0.385	0.385	25.18307876586914	62.85344696044922	inf	inf	inf	inf	inf	inf	inf	inf	inf	inf
76	1	5	1	0.385	0.385	25.18307876586914	62.85344696044922	0.14500000000000002	-1.0	0.11499999999999999	-1.0	0.24	4.268298149108887	-1.0	4.813503265380859	-1.0	4.746273994445801
77	1	5	2	0.385	0.385	25.18307876586914	62.85344696044922	0.11499999999999999	0.385	-1.0	-1.0	-1.0	25.91682243347168	86.21018981933594	-1.0	-1.0	-1.0
78	1	5	3	0.385	0.385	25.18307876586914	62.85344696044922	0.275	0.11499999999999999	-1.0	inf	-1.0	15.999833106994629	25.91682243347168	-1.0	inf	-1.0
79	1	5	4	0.385	0.385	25.18307876586914	62.85344696044922	inf	0.385	-1.0	-1.0	inf	inf	28.02068328857422	-1.0	-1.0	inf
80	1	6	0	0.195	0.385	5.584492206573486	62.85344696044922	inf	inf	0.18	0.38	0.195	inf	inf	20.53851318359375	28.448162078857422	17.032033920288086
81	1	6	1	0.195	0.385	5.584492206573486	62.85344696044922	0.125	0.185	0.135	0.155	0.245	7.368088245391846	12.15434455871582	14.347179412841797	6.05001974105835	9.984820365905762
82	1	6	2	0.195	0.385	5.584492206573486	62.85344696044922	0.10500000000000001	0.12	0.28	0.16499999999999998	-1.0	11.564718246459961	19.417722702026367	29.636293411254883	7.2211456298828125	-1.0
83	1	6	3	0.195	0.385	5.584492206573486	62.85344696044922	0.165	0.14	0.45999999999999996	-1.0	0.275	10.632323265075684	5.9576592445373535	28.261404037475586	-1.0	18.459320068359375
84	1	6	4	0.195	0.385	5.584492206573486	62.85344696044922	inf	0.385	inf	0.385	inf	inf	52.489341735839844	inf	46.872772216796875	inf
85	1	7	0	0.385	0.385	28.02068328857422	28.42954444885254	inf	0.265	-1.0	0.385	inf	inf	11.509839057922363	-1.0	13.528965950012207	inf
86	1	7	1	0.385	0.385	28.02068328857422	28.42954444885254	0.135	-1.0	0.16499999999999998	0.13	-1.0	6.0241618156433105	-1.0	11.855494499206543	6.6515727043151855	-1.0
87	1	7	2	0.385	0.385	28.02068328857422	28.42954444885254	0.12	0.12	0.12000000000000001	0.165	0.115	25.31756591796875	25.539453506469727	22.013999938964844	10.426448822021484	5.042043209075928
88	1	7	3	0.385	0.385	28.02068328857422	28.42954444885254	0.095	0.11499999999999999	-1.0	0.10500000000000001	-1.0	9.031731605529785	10.093037605285645	-1.0	11.870691299438477	-1.0
89	1	7	4	0.385	0.385	28.02068328857422	28.42954444885254	inf	0.385	-1.0	inf	inf	inf	53.300384521484375	-1.0	inf	inf
90	1	8	0	0.385	0.385	46.872772216796875	53.300384521484375	inf	inf	0.195	0.255	0.175	inf	inf	8.548059463500977	10.328150749206543	9.091001510620117
91	1	8	1	0.385	0.385	46.872772216796875	53.300384521484375	0.065	0.325	0.11499999999999999	-1.0	0.33499999999999996	5.510448932647705	46.78861999511719	25.91682243347168	-1.0	35.51774978637695
92	1	8	2	0.385	0.385	46.872772216796875	53.300384521484375	0.125	0.105	-1.0	0.16499999999999998	0.29000000000000004	18.36974334716797	6.497392177581787	-1.0	8.633349418640137	14.329022407531738
93	1	8	3	0.385	0.385	46.872772216796875	53.300384521484375	0.19	0.33499999999999996	inf	-1.0	0.2	7.058884143829346	28.880704879760742	inf	-1.0	8.07167911529541
94	1	8	4	0.385	0.385	46.872772216796875	53.300384521484375	-1.0	0.155	inf	inf	inf	-1.0	9.980677604675293	inf	inf	inf
95	1	9	0	0.175	0.01	7.685033321380615	167.32296752929688	0.14	inf	0.455	0.225	0.28	14.648115158081055	inf	28.06596565246582	14.714634895324707	43.676151275634766
96	1	9	1	0.175	0.01	7.685033321380615	167.32296752929688	0.18	inf	0.10500000000000001	0.22	0.42000000000000004	5.008703231811523	inf	17.923757553100586	8.423667907714844	15.7762451171875
97	1	9	2	0.175	0.01	7.685033321380615	167.32296752929688	0.12	0.175	0.14500000000000002	0.155	0.125	22.4194393157959	11.156063079833984	4.223890781402588	9.671626091003418	14.672648429870605
98	1	9	3	0.175	0.01	7.685033321380615	167.32296752929688	0.155	inf	0.1	inf	inf	5.876677513122559	inf	52.18490219116211	inf	inf
99	1	9	4	0.175	0.01	7.685033321380615	167.32296752929688	inf	-1.0	inf	-1.0	-1.0	inf	-1.0	inf	-1.0	-1.0
100	2	0	0	0.0	0.0	167.73812866210938	167.73812866210938	inf	0.395	0.44	-1.0	inf	inf	37.98091506958008	12.970455169677734	-1.0	inf
101	2	0	1	0.0	0.0	167.73812866210938	167.73812866210938	0.645	0.665	-1.0	0.46499999999999997	-1.0	30.83943748474121	24.215023040771484	-1.0	26.88853645324707	-1.0
102	2	0	2	0.0	0.0	167.73812866210938	167.73812866210938	0.385	-1.0	-1.0	-1.0	-1.0	86.21018981933594	-1.0	-1.0	-1.0	-1.0
103	2	0	3	0.0	0.0	167.73812866210938	167.73812866210938	inf	inf	inf	inf	inf	inf	inf	inf	inf	inf
104	2	0	4	0.0	0.0	167.73812866210938	167.73812866210938	0.485	0.515	0.18	0.39	-1.0	13.90470027923584	14.162195205688477	6.826857566833496	11.96899700164795	-1.0
105	2	1	0	0.0	0.0	167.73812866210938	167.73812866210938	inf	inf	inf	inf	inf	inf	inf	inf	inf	inf
106	2	1	1	0.0	0.0	167.73812866210938	167.73812866210938	0.675	0.71	0.655	inf	0.645	31.552034378051758	13.456100463867188	37.54061508178711	inf	18.30948829650879
107	2	1	2	0.0	0.0	167.73812866210938	167.73812866210938	0.18	0.65	-1.0	0.535	inf	6.826857566833496	32.68748474121094	-1.0	13.632229804992676	inf
108	2	1	3	0.0	0.0	167.73812866210938	167.73812866210938	inf	inf	inf	inf	inf	inf	inf	inf	inf	inf
109	2	1	4	0.0	0.0	167.73812866210938	167.73812866210938	0.385					86.21018981933594				
110	2	2	0	0.18	0.515	6.826857566833496	14.162195205688477	inf	inf	inf	inf	inf	inf	inf	inf	inf	inf
111	2	2	1	0.18	0.515	6.826857566833496	14.162195205688477	0.41	inf	0.475	inf	0.385	43.06850051879883	inf	63.008174896240234	inf	53.417015075683594
112	2	2	2	0.18	0.515	6.826857566833496	14.162195205688477	0.18	0.355	inf	0.41000000000000003	0.855	6.826859474182129	25.952754974365234	inf	20.91285514831543	46.3283805847168
113	2	2	3	0.18	0.515	6.826857566833496	14.162195205688477	inf	inf	inf	inf	inf	inf	inf	inf	inf	inf
114	2	2	4	0.18	0.515	6.826857566833496	14.162195205688477	0.345	0.425	0.4	inf	-1.0	16.333703994750977	14.011800765991211	12.259299278259277	inf	-1.0
115	2	3	0	0.4	0.0	12.259299278259277	167.73812866210938	inf	inf	inf	inf	0.385	inf	inf	inf	inf	86.21018981933594
116	2	3	1	0.4	0.0	12.259299278259277	167.73812866210938	inf	inf	inf	inf	inf	inf	inf	inf	inf	inf
117	2	3	2	0.4	0.0	12.259299278259277	167.73812866210938	0.24	-1.0	inf	-1.0	0.41500000000000004	15.0634183883667	-1.0	inf	-1.0	31.112674713134766
118	2	3	3	0.4	0.0	12.259299278259277	167.73812866210938	0.5700000000000001	-1.0	-1.0	0.875	-1.0	47.389835357666016	-1.0	-1.0	62.7376823425293	-1.0
119	2	3	4	0.4	0.0	12.259299278259277	167.73812866210938	-1.0	-1.0	-1.0	-1.0	-1.0	-1.0	-1.0	-1.0	-1.0	-1.0
120	2	4	0	0.39	0.18	11.96899700164795	6.826857566833496	-1.0	-1.0	inf	-1.0	inf	-1.0	-1.0	inf	-1.0	inf
121	2	4	1	0.39	0.18	11.96899700164795	6.826857566833496	inf	inf	inf	inf	inf	inf	inf	inf	inf	inf
122	2	4	2	0.39	0.18	11.96899700164795	6.826857566833496	inf	inf	inf	inf	inf	inf	inf	inf	inf	inf
123	2	4	3	0.39	0.18	11.96899700164795	6.826857566833496	0.41500000000000004	0.41500000000000004	inf	0.405	-1.0	44.5070686340332	44.91907501220703	inf	49.02389144897461	-1.0
124	2	4	4	0.39	0.18	11.96899700164795	6.826857566833496	0.29000000000000004	0.43000000000000005	0.3	0.43	inf	20.544410705566406	19.030746459960938	18.72487449645996	32.112884521484375	inf
125	2	5	0	0.345	0.3	16.333703994750977	18.72487449645996	inf	inf	inf	inf	-1.0	inf	inf	inf	inf	-1.0
126	2	5	1	0.345	0.3	16.333703994750977	18.72487449645996	inf	inf	inf	0.6950000000000001	0.77	inf	inf	inf	15.324467658996582	44.729618072509766
127	2	5	2	0.345	0.3	16.333703994750977	18.72487449645996	inf	inf	inf	inf	inf	inf	inf	inf	inf	inf
128	2	5	3	0.345	0.3	16.333703994750977	18.72487449645996	inf	inf	inf	inf	inf	inf	inf	inf	inf	inf
129	2	5	4	0.345	0.3	16.333703994750977	18.72487449645996	0.47	0.29500000000000004	0.505	-1.0	0.585	13.974678039550781	7.92408561706543	25.871116638183594	-1.0	16.953125
130	2	6	0	0.29000000000000004	0.515	20.544410705566406	14.162195205688477	0.355	-1.0	inf	0.395	inf	35.3588981628418	-1.0	inf	31.140857696533203	inf
131	2	6	1	0.29000000000000004	0.515	20.544410705566406	14.162195205688477	inf	inf	inf	inf	inf	inf	inf	inf	inf	inf
132	2	6	2	0.29000000000000004	0.515	20.544410705566406	14.162195205688477	0.425	-1.0	0.41500000000000004	-1.0	inf	18.280195236206055	-1.0	22.946487426757812	-1.0	inf
133	2	6	3	0.29000000000000004	0.515	20.544410705566406	14.162195205688477	inf	inf	inf	inf	inf	inf	inf	inf	inf	inf
134	2	6	4	0.29000000000000004	0.515	20.544410705566406	14.162195205688477	0.45499999999999996	0.45	-1.0	-1.0	0.525	18.28194236755371	26.145116806030273	-1.0	-1.0	22.59834861755371
135	2	7	0	0.29000000000000004	0.3	20.544410705566406	18.72487449645996	inf	inf	inf	inf	inf	inf	inf	inf	inf	inf
136	2	7	1	0.29000000000000004	0.3	20.544410705566406	18.72487449645996	inf	0.6	inf	0.745	inf	inf	12.97801685333252	inf	19.3153076171875	inf
137	2	7	2	0.29000000000000004	0.3	20.544410705566406	18.72487449645996	0.625	0.52	inf	0.47	-1.0	11.737523078918457	39.234718322753906	inf	39.1900634765625	-1.0
138	2	7	3	0.29000000000000004	0.3	20.544410705566406	18.72487449645996	inf	inf	inf	inf	inf	inf	inf	inf	inf	inf
139	2	7	4	0.29000000000000004	0.3	20.544410705566406	18.72487449645996	inf	0.59	inf	-1.0	inf	inf	31.21967315673828	inf	-1.0	inf
140	2	8	0	0.29500000000000004	0.4	7.92408561706543	12.259299278259277	inf	inf	0.425	inf	inf	inf	inf	17.24781608581543	inf	inf
141	2	8	1	0.29500000000000004	0.4	7.92408561706543	12.259299278259277	inf	inf	inf	inf	inf	inf	inf	inf	inf	inf
142	2	8	2	0.29500000000000004	0.4	7.92408561706543	12.259299278259277	-1.0	inf	inf	inf	inf	-1.0	inf	inf	inf	inf
143	2	8	3	0.29500000000000004	0.4	7.92408561706543	12.259299278259277	inf	0.235	0.24	-1.0	-1.0	inf	10.576279640197754	12.416172981262207	-1.0	-1.0
144	2	8	4	0.29500000000000004	0.4	7.92408561706543	12.259299278259277	inf	inf	inf	inf	inf	inf	inf	inf	inf	inf
145	2	9	0	0.505	0.29000000000000004	25.871116638183594	20.544410705566406	inf	inf	inf	0.41000000000000003	inf	inf	inf	inf	22.57721710205078	inf
146	2	9	1	0.505	0.29000000000000004	25.871116638183594	20.544410705566406	inf	inf	inf	inf	inf	inf	inf	inf	inf	inf
147	2	9	2	0.505	0.29000000000000004	25.871116638183594	20.544410705566406	inf	inf	inf	0.435	inf	inf	inf	inf	21.500532150268555	inf
148	2	9	3	0.505	0.29000000000000004	25.871116638183594	20.544410705566406	-1.0	-1.0	-1.0	inf	inf	-1.0	-1.0	-1.0	inf	inf
149	2	9	4	0.505	0.29000000000000004	25.871116638183594	20.544410705566406	inf	inf	0.47	0.485	0.545	inf	inf	35.75791931152344	39.22641372680664	37.81131362915039
150	3	0	0	0.0	0.0	167.73812866210938	167.73812866210938	inf	inf	inf	inf	inf	inf	inf	inf	inf	inf
151	3	0	1	0.0	0.0	167.73812866210938	167.73812866210938	inf	inf	inf	inf	inf	inf	inf	inf	inf	inf
152	3	0	2	0.0	0.0	167.73812866210938	167.73812866210938	0.48	-1.0				17.98682975769043	-1.0			
153	3	0	3	0.0	0.0	167.73812866210938	167.73812866210938	0.39	0.49	-1.0	inf	inf	51.432395935058594	41.88018798828125	-1.0	inf	inf
154	3	0	4	0.0	0.0	167.73812866210938	167.73812866210938	inf	inf	inf	inf	inf	inf	inf	inf	inf	inf
155	3	1	0	0.0	0.0	167.73812866210938	167.73812866210938	0.385					86.21018981933594				
156	3	1	1	0.0	0.0	167.73812866210938	167.73812866210938	inf	inf	inf	inf	inf	inf	inf	inf	inf	inf
157	3	1	2	0.0	0.0	167.73812866210938	167.73812866210938	0.48	0.35	-1.0	0.71	0.49	15.322409629821777	62.11661911010742	-1.0	22.283626556396484	14.054624557495117
158	3	1	3	0.0	0.0	167.73812866210938	167.73812866210938	inf	inf	inf	inf	inf	inf	inf	inf	inf	inf
159	3	1	4	0.0	0.0	167.73812866210938	167.73812866210938	inf	inf	inf	inf	inf	inf	inf	inf	inf	inf
160	3	2	0	0.0	0.0	167.73812866210938	167.73812866210938	0.41000000000000003	0.42	-1.0	-1.0	-1.0	29.714204788208008	39.20159149169922	-1.0	-1.0	-1.0
161	3	2	1	0.0	0.0	167.73812866210938	167.73812866210938	0.435	0.38	0.325	0.33499999999999996	0.475	49.21978759765625	20.712993621826172	30.608144760131836	26.082508087158203	19.383607864379883
162	3	2	2	0.0	0.0	167.73812866210938	167.73812866210938	0.49	-1.0	0.42500000000000004	0.56	0.41000000000000003	16.652507781982422	-1.0	32.28733444213867	15.49681568145752	36.2611083984375
163	3	2	3	0.0	0.0	167.73812866210938	167.73812866210938	0.35	inf	0.39	0.435	0.42	48.455223083496094	inf	20.598934173583984	37.00706100463867	35.897151947021484
164	3	2	4	0.0	0.0	167.73812866210938	167.73812866210938	inf	inf	inf	inf	inf	inf	inf	inf	inf	inf
165	3	3	0	0.0	0.0	167.73812866210938	167.73812866210938	0.485	0.35	-1.0	inf	-1.0	21.511159896850586	37.476356506347656	-1.0	inf	-1.0
166	3	3	1	0.0	0.0	167.73812866210938	167.73812866210938	0.36	0.26	-1.0	0.275	0.12083333333333333	21.99230194091797	16.80740737915039	-1.0	20.558950424194336	37.78563690185547
167	3	3	2	0.0	0.0	167.73812866210938	167.73812866210938	0.355	-1.0	0.39	inf	-1.0	20.437082290649414	-1.0	19.538537979125977	inf	-1.0
168	3	3	3	0.0	0.0	167.73812866210938	167.73812866210938	inf	inf	0.4	inf	0.435	inf	inf	20.79578399658203	inf	24.48516082763672
169	3	3	4	0.0	0.0	167.73812866210938	167.73812866210938	inf	inf	inf	inf	inf	inf	inf	inf	inf	inf
170	3	4	0	0.0	0.0	167.73812866210938	167.73812866210938	0.58	0.52	0.565	0.5549999999999999	inf	16.66766929626465	18.992883682250977	31.881250381469727	41.401187896728516	inf
171	3	4	1	0.0	0.0	167.73812866210938	167.73812866210938	inf	inf	inf	inf	inf	inf	inf	inf	inf	inf
172	3	4	2	0.0	0.0	167.73812866210938	167.73812866210938	0.635	0.46	-1.0	inf	0.64	25.15821075439453	32.222900390625	-1.0	inf	28.728757858276367
173	3	4	3	0.0	0.0	167.73812866210938	167.73812866210938	-1.0	inf	inf	inf	-1.0	-1.0	inf	inf	inf	-1.0
174	3	4	4	0.0	0.0	167.73812866210938	167.73812866210938	0.495	0.525	inf	0.45	0.49	19.176258087158203	15.295293807983398	inf	30.139347076416016	24.64960479736328
175	3	5	0	0.0	0.0	167.73812866210938	167.73812866210938	0.495	inf	inf	0.51	0.42000000000000004	30.02332878112793	inf	inf	20.548763275146484	60.42695236206055
176	3	5	1	0.0	0.0	167.73812866210938	167.73812866210938	0.435	-1.0	0.36	0.435	0.37	45.28440856933594	-1.0	21.524805068969727	20.67314338684082	9.843317985534668
177	3	5	2	0.0	0.0	167.73812866210938	167.73812866210938	0.495	-1.0	-1.0	inf	0.445	32.33399963378906	-1.0	-1.0	inf	24.018394470214844
178	3	5	3	0.0	0.0	167.73812866210938	167.73812866210938	inf	0.42	inf	0.385	0.425	inf	23.54251480102539	inf	38.372406005859375	24.207178115844727
179	3	5	4	0.0	0.0	167.73812866210938	167.73812866210938	0.37	0.36	0.36	-1.0	0.44	25.31549644470215	35.51639175415039	28.548185348510742	-1.0	23.728317260742188
180	3	6	0	0.36	0.36	35.51639175415039	28.548185348510742	0.52	-1.0	inf	-1.0	-1.0	21.429698944091797	-1.0	inf	-1.0	-1.0
181	3	6	1	0.36	0.36	35.51639175415039	28.548185348510742	0.415	0.435	0.73	0.495	-1.0	22.222442626953125	23.036109924316406	17.234397888183594	20.9156436920166	-1.0
182	3	6	2	0.36	0.36	35.51639175415039	28.548185348510742	inf	0.47	0.525	inf	inf	inf	18.996780395507812	17.70862579345703	inf	inf
183	3	6	3	0.36	0.36	35.51639175415039	28.548185348510742	0.255	inf	0.305	inf	0.275	16.491352081298828	inf	22.48637580871582	inf	15.01252269744873
184	3	6	4	0.36	0.36	35.51639175415039	28.548185348510742	inf	inf	inf	inf	inf	inf	inf	inf	inf	inf
185	3	7	0	0.525	0.36	15.295293807983398	35.51639175415039	0.245	0.19999999999999998	inf	0.21999999999999997	0.22499999999999998	18.804630279541016	13.797974586486816	inf	8.846574783325195	10.900218963623047
186	3	7	1	0.525	0.36	15.295293807983398	35.51639175415039	0.475	0.375	inf	0.305	0.365	24.130420684814453	38.30257797241211	inf	21.26731300354004	20.65500831604004
187	3	7	2	0.525	0.36	15.295293807983398	35.51639175415039	0.48	0.47	0.49	-1.0	0.47	15.26222038269043	17.804027557373047	13.32260799407959	-1.0	13.84818172454834
188	3	7	3	0.525	0.36	15.295293807983398	35.51639175415039	inf	0.385	inf	inf	inf	inf	16.739452362060547	inf	inf	inf
189	3	7	4	0.525	0.36	15.295293807983398	35.51639175415039	inf	inf	inf	inf	inf	inf	inf	inf	inf	inf
190	3	8	0	0.36	0.495	28.548185348510742	19.176258087158203	-1.0	-1.0	-1.0	-1.0	-1.0	-1.0	-1.0	-1.0	-1.0	-1.0
191	3	8	1	0.36	0.495	28.548185348510742	19.176258087158203	0.4	-1.0	-1.0	-1.0	-1.0	36.3799934387207	-1.0	-1.0	-1.0	-1.0
192	3	8	2	0.36	0.495	28.548185348510742	19.176258087158203	0.495	0.47				15.22047233581543	34.86043167114258			
193	3	8	3	0.36	0.495	28.548185348510742	19.176258087158203	inf	inf	inf	inf	inf	inf	inf	inf	inf	inf
194	3	8	4	0.36	0.495	28.548185348510742	19.176258087158203	inf	inf	inf	inf	inf	inf	inf	inf	inf	inf
195	3	9	0	0.36	0.495	35.51639175415039	19.176258087158203	0.485	inf	inf	inf	inf	13.158177375793457	inf	inf	inf	inf
196	3	9	1	0.36	0.495	35.51639175415039	19.176258087158203	inf	inf	0.46499999999999997	-1.0	0.46499999999999997	inf	inf	67.72025299072266	-1.0	66.59782409667969
197	3	9	2	0.36	0.495	35.51639175415039	19.176258087158203	0.52	0.575	0.5	inf	0.505	25.769956588745117	37.781280517578125	27.786895751953125	inf	19.71383285522461
198	3	9	3	0.36	0.495	35.51639175415039	19.176258087158203	inf	inf	inf	inf	inf	inf	inf	inf	inf	inf
199	3	9	4	0.36	0.495	35.51639175415039	19.176258087158203	inf	inf	inf	inf	inf	inf	inf	inf	inf	inf
