	reset_island_iter	improve_iter	island	program_1_hamming_score	program_2_hamming_score	program_1_neural_score	program_2_neural_score	output_program_1_hamming_score	output_program_2_hamming_score	output_program_3_hamming_score	output_program_4_hamming_score	output_program_5_hamming_score	output_program_1_neural_score	output_program_2_neural_score	output_program_3_neural_score	output_program_4_neural_score	output_program_5_neural_score
0	0	0	0	0.004814814814814814	0.004814814814814814	126.1248550415039	73.69645690917969	0.1811111111111111	0.06777777777777778	0.2414814814814815	0.08222222222222221	0.1796296296296296	30.89429473876953	13.621881484985352	34.962249755859375	9.914422035217285	33.57754135131836
1	0	0	1	0.004814814814814814	0.004814814814814814	126.1248550415039	73.69645690917969	0.2240740740740741	0.08777777777777779	inf	0.08555555555555555	0.08555555555555555	32.85988998413086	5.720957279205322	inf	8.913134574890137	12.486275672912598
2	0	0	2	0.004814814814814814	0.004814814814814814	126.1248550415039	73.69645690917969	inf	inf	inf	0.12185185185185184	inf	inf	inf	inf	13.663531303405762	inf
3	0	0	3	0.004814814814814814	0.004814814814814814	126.1248550415039	73.69645690917969	0.09370370370370369	0.09851851851851852	0.07814814814814815	-1.0	0.09370370370370369	11.789671897888184	15.754942893981934	11.580082893371582	-1.0	12.524547576904297
4	0	0	4	0.004814814814814814	0.004814814814814814	126.1248550415039	73.69645690917969	0.10925925925925926	inf	0.1796296296296296	-1.0	-1.0	4.596415996551514	inf	24.716880798339844	-1.0	-1.0
5	0	1	0	0.004814814814814814	0.10925925925925926	126.1248550415039	4.596415996551514	0.09851851851851852	0.14407407407407408	-1.0	-1.0	0.13962962962962963	8.829109191894531	25.770824432373047	-1.0	-1.0	18.65755271911621
6	0	1	1	0.004814814814814814	0.10925925925925926	126.1248550415039	4.596415996551514	0.5651851851851851	-1.0	0.29	0.26777777777777784	0.47444444444444445	26.591028213500977	-1.0	40.86201858520508	45.28441619873047	21.864046096801758
7	0	1	2	0.004814814814814814	0.10925925925925926	126.1248550415039	4.596415996551514	inf	inf	inf	0.1285185185185185	0.12518518518518518	inf	inf	inf	14.80890941619873	14.585573196411133
8	0	1	3	0.004814814814814814	0.10925925925925926	126.1248550415039	4.596415996551514	0.13222222222222224	-1.0	-1.0	-1.0	0.26851851851851855	13.98062801361084	-1.0	-1.0	-1.0	46.73530197143555
9	0	1	4	0.004814814814814814	0.10925925925925926	126.1248550415039	4.596415996551514	0.16814814814814816	-1.0	inf	inf	-1.0	27.200326919555664	-1.0	inf	inf	-1.0
10	0	2	0	0.004814814814814814	0.10925925925925926	126.1248550415039	4.596415996551514	0.20851851851851852	0.07222222222222223	-1.0	inf	-1.0	31.787067413330078	13.027791976928711	-1.0	inf	-1.0
11	0	2	1	0.004814814814814814	0.10925925925925926	126.1248550415039	4.596415996551514	0.3151851851851852	inf	0.30407407407407405	0.26185185185185184	0.3011111111111111	38.975181579589844	inf	40.08589172363281	35.729225158691406	39.615211486816406
12	0	2	2	0.004814814814814814	0.10925925925925926	126.1248550415039	4.596415996551514	inf	0.12037037037037036	inf	inf	inf	inf	12.485573768615723	inf	inf	inf
13	0	2	3	0.004814814814814814	0.10925925925925926	126.1248550415039	4.596415996551514	0.06629629629629631	0.06962962962962964	inf	0.2351851851851852	-1.0	14.201828956604004	15.907698631286621	inf	36.82476806640625	-1.0
14	0	2	4	0.004814814814814814	0.10925925925925926	126.1248550415039	4.596415996551514	0.2459259259259259	inf	0.7018518518518518	0.2459259259259259	0.044814814814814814	50.711280822753906	inf	21.622346878051758	51.130455017089844	5.5893964767456055
15	0	3	0	0.10925925925925926	0.2459259259259259	4.596415996551514	51.130455017089844	0.21	-1.0	-1.0	-1.0	inf	33.05873107910156	-1.0	-1.0	-1.0	inf
16	0	3	1	0.10925925925925926	0.2459259259259259	4.596415996551514	51.130455017089844	0.21259259259259258	-1.0	inf	-1.0	-1.0	35.688961029052734	-1.0	inf	-1.0	-1.0
17	0	3	2	0.10925925925925926	0.2459259259259259	4.596415996551514	51.130455017089844	inf	0.14703703703703705	0.14185185185185187	0.12518518518518518	0.12185185185185184	inf	24.297828674316406	19.6844425201416	16.55071258544922	14.158326148986816
18	0	3	3	0.10925925925925926	0.2459259259259259	4.596415996551514	51.130455017089844	inf	0.07888888888888888	0.07888888888888888	0.07074074074074076	0.07074074074074076	inf	11.960658073425293	11.298852920532227	11.882878303527832	13.683059692382812
19	0	3	4	0.10925925925925926	0.2459259259259259	4.596415996551514	51.130455017089844	0.03333333333333333	0.1388888888888889	inf	-1.0	0.03333333333333333	8.92577075958252	20.644506454467773	inf	-1.0	20.931983947753906
20	0	4	0	0.10925925925925926	0.16814814814814816	4.596415996551514	27.200326919555664	0.21	inf	-1.0	inf	-1.0	34.27738571166992	inf	-1.0	inf	-1.0
21	0	4	1	0.10925925925925926	0.16814814814814816	4.596415996551514	27.200326919555664	0.21666666666666667	0.20703703703703705	-1.0	inf	0.2037037037037037	34.695762634277344	34.3199577331543	-1.0	inf	32.866275787353516
22	0	4	2	0.10925925925925926	0.16814814814814816	4.596415996551514	27.200326919555664	inf	0.1285185185185185	inf	0.14148148148148146	0.14666666666666667	inf	15.26824951171875	inf	21.246671676635742	19.89678955078125
23	0	4	3	0.10925925925925926	0.16814814814814816	4.596415996551514	27.200326919555664	inf	0.06629629629629631	inf	0.056296296296296296	-1.0	inf	15.505656242370605	inf	22.620834350585938	-1.0
24	0	4	4	0.10925925925925926	0.16814814814814816	4.596415996551514	27.200326919555664	0.06925925925925926	0.044814814814814814	0.16	0.06925925925925926	-1.0	16.13669776916504	6.282891750335693	36.84993362426758	16.18781852722168	-1.0
25	0	5	0	0.1388888888888889	0.10925925925925926	20.644506454467773	4.596415996551514	-1.0	-1.0	0.07370370370370372	-1.0	-1.0	-1.0	-1.0	13.550137519836426	-1.0	-1.0
26	0	5	1	0.1388888888888889	0.10925925925925926	20.644506454467773	4.596415996551514	0.3259259259259259	inf	0.1796296296296296	-1.0	inf	45.535926818847656	inf	24.39601707458496	-1.0	inf
27	0	5	2	0.1388888888888889	0.10925925925925926	20.644506454467773	4.596415996551514	inf	-1.0	inf	0.07407407407407407	0.13999999999999999	inf	-1.0	inf	11.006877899169922	17.94654083251953
28	0	5	3	0.1388888888888889	0.10925925925925926	20.644506454467773	4.596415996551514	-1.0	-1.0	0.24333333333333332	inf	inf	-1.0	-1.0	45.815696716308594	inf	inf
29	0	5	4	0.1388888888888889	0.10925925925925926	20.644506454467773	4.596415996551514	0.14814814814814814	0.04666666666666667	-1.0	-1.0	0.06296296296296297	12.171487808227539	8.338512420654297	-1.0	-1.0	18.090097427368164
30	0	6	0	0.14814814814814814	0.004814814814814814	12.171487808227539	126.1248550415039	0.036666666666666674	-1.0	0.043333333333333335	-1.0	-1.0	13.994705200195312	-1.0	13.663565635681152	-1.0	-1.0
31	0	6	1	0.14814814814814814	0.004814814814814814	12.171487808227539	126.1248550415039	-1.0	0.1537037037037037	inf	0.17814814814814814	inf	-1.0	39.04954528808594	inf	32.50934982299805	inf
32	0	6	2	0.14814814814814814	0.004814814814814814	12.171487808227539	126.1248550415039	inf	0.13999999999999999	inf	-1.0	inf	inf	18.057384490966797	inf	-1.0	inf
33	0	6	3	0.14814814814814814	0.004814814814814814	12.171487808227539	126.1248550415039	0.07444444444444444	inf	inf	inf	0.048518518518518516	14.956416130065918	inf	inf	inf	8.454657554626465
34	0	6	4	0.14814814814814814	0.004814814814814814	12.171487808227539	126.1248550415039	0.07296296296296297	0.08296296296296296	-1.0	0.10333333333333333	0.1303703703703704	10.879281044006348	9.726502418518066	-1.0	10.051423072814941	15.78127384185791
35	0	7	0	0.2459259259259259	0.16	50.711280822753906	36.84993362426758	-1.0	-1.0	inf	-1.0	-1.0	-1.0	-1.0	inf	-1.0	-1.0
36	0	7	1	0.2459259259259259	0.16	50.711280822753906	36.84993362426758	0.2003703703703704	-1.0	0.19444444444444445	-1.0	-1.0	28.888357162475586	-1.0	27.868173599243164	-1.0	-1.0
37	0	7	2	0.2459259259259259	0.16	50.711280822753906	36.84993362426758	-1.0	inf	-1.0	inf	inf	-1.0	inf	-1.0	inf	inf
38	0	7	3	0.2459259259259259	0.16	50.711280822753906	36.84993362426758	inf	0.11	0.056296296296296296	inf	0.08333333333333333	inf	17.938095092773438	21.819032669067383	inf	9.199624061584473
39	0	7	4	0.2459259259259259	0.16	50.711280822753906	36.84993362426758	0.19185185185185186	0.06666666666666667	0.17703703703703702	-1.0	-1.0	37.64807891845703	9.864828109741211	39.58991241455078	-1.0	-1.0
40	0	8	0	0.06296296296296297	0.10333333333333333	18.090097427368164	10.051423072814941	0.09592592592592593	inf	0.09592592592592593	-1.0	inf	6.789104461669922	inf	7.762370586395264	-1.0	inf
41	0	8	1	0.06296296296296297	0.10333333333333333	18.090097427368164	10.051423072814941	0.23	inf	0.29074074074074074	0.4792592592592593	0.1877777777777778	40.59190368652344	inf	52.156036376953125	36.34249496459961	21.657817840576172
42	0	8	2	0.06296296296296297	0.10333333333333333	18.090097427368164	10.051423072814941	inf	inf	inf	0.10851851851851853	inf	inf	inf	inf	13.220535278320312	inf
43	0	8	3	0.06296296296296297	0.10333333333333333	18.090097427368164	10.051423072814941	inf	-1.0	-1.0	-1.0	-1.0	inf	-1.0	-1.0	-1.0	-1.0
44	0	8	4	0.06296296296296297	0.10333333333333333	18.090097427368164	10.051423072814941	0.06925925925925926	0.06925925925925926	0.06925925925925926	0.06925925925925926	-1.0	16.523338317871094	6.3046112060546875	16.348804473876953	6.163386821746826	-1.0
45	0	9	0	0.06925925925925926	0.044814814814814814	16.13669776916504	6.282891750335693	0.0651851851851852	-1.0	-1.0	0.06962962962962964	-1.0	7.290633201599121	-1.0	-1.0	11.713189125061035	-1.0
46	0	9	1	0.06925925925925926	0.044814814814814814	16.13669776916504	6.282891750335693	0.05962962962962964	-1.0	0.05962962962962964	0.19592592592592592	0.19592592592592592	19.669885635375977	-1.0	18.028657913208008	32.208984375	30.43065071105957
47	0	9	2	0.06925925925925926	0.044814814814814814	16.13669776916504	6.282891750335693	inf	0.1751851851851852	0.12185185185185184	-1.0	-1.0	inf	27.61941909790039	13.376745223999023	-1.0	-1.0
48	0	9	3	0.06925925925925926	0.044814814814814814	16.13669776916504	6.282891750335693	-1.0	-1.0	-1.0	inf	-1.0	-1.0	-1.0	-1.0	inf	-1.0
49	0	9	4	0.06925925925925926	0.044814814814814814	16.13669776916504	6.282891750335693	-1.0	0.043333333333333335	0.1796296296296296	inf	0.1796296296296296	-1.0	29.345619201660156	29.329936981201172	inf	27.529109954833984
50	1	0	0	0.004814814814814814	0.004814814814814814	126.1248550415039	73.69645690917969	inf	inf	0.08259259259259259	0.07592592592592591	-1.0	inf	inf	8.293977737426758	6.024679660797119	-1.0
51	1	0	1	0.004814814814814814	0.004814814814814814	126.1248550415039	73.69645690917969	inf	0.05962962962962964	inf	0.06259259259259259	-1.0	inf	9.191648483276367	inf	9.231698989868164	-1.0
52	1	0	2	0.004814814814814814	0.004814814814814814	126.1248550415039	73.69645690917969	0.07592592592592591	0.08925925925925926	0.01	inf	0.08925925925925926	6.024679660797119	13.575712203979492	75.76087951660156	inf	10.441390037536621
53	1	0	3	0.004814814814814814	0.004814814814814814	126.1248550415039	73.69645690917969	inf	inf	0.22296296296296295	inf	inf	inf	inf	26.820415496826172	inf	inf
54	1	0	4	0.004814814814814814	0.004814814814814814	126.1248550415039	73.69645690917969	0.1796296296296296	0.1796296296296296	0.1796296296296296	0.8203703703703703	0.14703703703703702	24.958425521850586	24.549358367919922	24.716880798339844	25.128320693969727	22.192405700683594
55	1	1	0	0.1796296296296296	0.1796296296296296	24.549358367919922	24.958425521850586	inf	-1.0	inf	-1.0	-1.0	inf	-1.0	inf	-1.0	-1.0
56	1	1	1	0.1796296296296296	0.1796296296296296	24.549358367919922	24.958425521850586	-1.0	inf	inf	0.07592592592592591	inf	-1.0	inf	inf	15.814102172851562	inf
57	1	1	2	0.1796296296296296	0.1796296296296296	24.549358367919922	24.958425521850586	0.0462962962962963	inf	-1.0	-1.0	-1.0	26.255064010620117	inf	-1.0	-1.0	-1.0
58	1	1	3	0.1796296296296296	0.1796296296296296	24.549358367919922	24.958425521850586	0.09333333333333332	0.11925925925925927	0.05666666666666667	0.10925925925925926	inf	15.20157241821289	8.463422775268555	24.12173080444336	11.617740631103516	inf
59	1	1	4	0.1796296296296296	0.1796296296296296	24.549358367919922	24.958425521850586	0.16333333333333333	0.1796296296296296	0.1796296296296296	0.1725925925925926	0.2188888888888889	35.57117462158203	27.574718475341797	29.81576156616211	31.438817977905273	31.930204391479492
60	1	2	0	0.1796296296296296	0.2188888888888889	24.958425521850586	31.930204391479492	inf	0.06629629629629631	inf	-1.0	-1.0	inf	17.240772247314453	inf	-1.0	-1.0
61	1	2	1	0.1796296296296296	0.2188888888888889	24.958425521850586	31.930204391479492	0.05962962962962964	-1.0	0.09851851851851852	inf	inf	17.56132698059082	-1.0	8.829109191894531	inf	inf
62	1	2	2	0.1796296296296296	0.2188888888888889	24.958425521850586	31.930204391479492	0.06925925925925926	-1.0	-1.0	-1.0	-1.0	16.37295150756836	-1.0	-1.0	-1.0	-1.0
63	1	2	3	0.1796296296296296	0.2188888888888889	24.958425521850586	31.930204391479492	0.05962962962962964	0.043333333333333335	0.06629629629629631	0.06629629629629631	-1.0	12.977981567382812	29.345619201660156	14.440279006958008	13.319185256958008	-1.0
64	1	2	4	0.1796296296296296	0.2188888888888889	24.958425521850586	31.930204391479492	0.22888888888888892	0.1225925925925926	inf	0.10185185185185186	0.11666666666666668	32.233184814453125	7.703609466552734	inf	7.607327461242676	9.577017784118652
65	1	3	0	0.1796296296296296	0.10185185185185186	24.958425521850586	7.607327461242676	0.06629629629629631	0.06296296296296297	0.06962962962962964	-1.0	-1.0	18.251314163208008	20.344106674194336	16.517318725585938	-1.0	-1.0
66	1	3	1	0.1796296296296296	0.10185185185185186	24.958425521850586	7.607327461242676	0.08703703703703704	0.10666666666666667	0.11444444444444445	0.13962962962962963	inf	8.979104995727539	8.433032989501953	7.514097213745117	18.65755271911621	inf
67	1	3	2	0.1796296296296296	0.10185185185185186	24.958425521850586	7.607327461242676	0.07666666666666667	-1.0	0.08259259259259259	-1.0	inf	10.569782257080078	-1.0	6.346646308898926	-1.0	inf
68	1	3	3	0.1796296296296296	0.10185185185185186	24.958425521850586	7.607327461242676	0.054814814814814816	0.10925925925925926	0.08333333333333333	-1.0	-1.0	21.448097229003906	12.115618705749512	14.699914932250977	-1.0	-1.0
69	1	3	4	0.1796296296296296	0.10185185185185186	24.958425521850586	7.607327461242676	0.11	0.11148148148148147	0.09999999999999999	inf	0.11148148148148147	8.140175819396973	7.563401222229004	4.881646633148193	inf	7.131309986114502
70	1	4	0	0.1796296296296296	0.1796296296296296	24.549358367919922	29.81576156616211	-1.0	-1.0	0.08851851851851851	-1.0	-1.0	-1.0	-1.0	10.367985725402832	-1.0	-1.0
71	1	4	1	0.1796296296296296	0.1796296296296296	24.549358367919922	29.81576156616211	inf	inf	inf	inf	inf	inf	inf	inf	inf	inf
72	1	4	2	0.1796296296296296	0.1796296296296296	24.549358367919922	29.81576156616211	inf	0.05962962962962964	-1.0	-1.0	-1.0	inf	13.161107063293457	-1.0	-1.0	-1.0
73	1	4	3	0.1796296296296296	0.1796296296296296	24.549358367919922	29.81576156616211	0.06629629629629631	0.056296296296296296	0.09370370370370369	-1.0	-1.0	15.860715866088867	23.13983154296875	15.77391529083252	-1.0	-1.0
74	1	4	4	0.1796296296296296	0.1796296296296296	24.549358367919922	29.81576156616211	inf	0.1037037037037037	0.061111111111111116	inf	0.061111111111111116	inf	7.571286201477051	17.244537353515625	inf	15.424644470214844
75	1	5	0	0.1037037037037037	0.061111111111111116	7.571286201477051	15.424644470214844	0.06259259259259259	0.05962962962962964	inf	0.08296296296296297	0.08296296296296297	16.13722038269043	18.72064971923828	inf	6.094438552856445	9.469082832336426
76	1	5	1	0.1037037037037037	0.061111111111111116	7.571286201477051	15.424644470214844	inf	inf	inf	inf	inf	inf	inf	inf	inf	inf
77	1	5	2	0.1037037037037037	0.061111111111111116	7.571286201477051	15.424644470214844	inf	0.05148148148148148	0.048518518518518516	0.053703703703703705	inf	inf	24.620630264282227	23.58274269104004	11.491689682006836	inf
78	1	5	3	0.1037037037037037	0.061111111111111116	7.571286201477051	15.424644470214844	0.08259259259259259	0.06074074074074074	0.06629629629629631	-1.0	-1.0	11.175353050231934	8.82661247253418	14.319620132446289	-1.0	-1.0
79	1	5	4	0.1037037037037037	0.061111111111111116	7.571286201477051	15.424644470214844	0.16296296296296295	0.05333333333333334	0.16296296296296295	-1.0	-1.0	25.042123794555664	22.717693328857422	25.199243545532227	-1.0	-1.0
80	1	6	0	0.061111111111111116	0.09999999999999999	15.424644470214844	4.881646633148193	0.05962962962962964	0.038518518518518514	inf	-1.0	-1.0	18.94821548461914	5.996259689331055	inf	-1.0	-1.0
81	1	6	1	0.061111111111111116	0.09999999999999999	15.424644470214844	4.881646633148193	0.1362962962962963	0.10518518518518517	0.3451851851851852	-1.0	0.3033333333333333	27.722930908203125	12.798995018005371	32.36696243286133	-1.0	31.841632843017578
82	1	6	2	0.061111111111111116	0.09999999999999999	15.424644470214844	4.881646633148193	inf	0.06629629629629631	-1.0	inf	-1.0	inf	14.094608306884766	-1.0	inf	-1.0
83	1	6	3	0.061111111111111116	0.09999999999999999	15.424644470214844	4.881646633148193	0.06962962962962964	0.05814814814814815	-1.0	-1.0	-1.0	14.114871978759766	17.79528045654297	-1.0	-1.0	-1.0
84	1	6	4	0.061111111111111116	0.09999999999999999	15.424644470214844	4.881646633148193	0.07222222222222223	-1.0	0.034444444444444444	-1.0	0.06740740740740742	12.164772033691406	-1.0	4.523314476013184	-1.0	14.158598899841309
85	1	7	0	0.1037037037037037	0.07222222222222223	7.571286201477051	12.164772033691406	0.0525925925925926	0.03518518518518519	inf	-1.0	0.049629629629629635	10.773536682128906	4.669267177581787	inf	-1.0	12.904767036437988
86	1	7	1	0.1037037037037037	0.07222222222222223	7.571286201477051	12.164772033691406	0.049629629629629635	0.038518518518518514	0.049629629629629635	inf	0.07629629629629629	13.13575553894043	7.488265514373779	13.11381721496582	inf	9.909347534179688
87	1	7	2	0.1037037037037037	0.07222222222222223	7.571286201477051	12.164772033691406	0.09222222222222222	0.09222222222222222	0.043333333333333335	-1.0	0.07592592592592591	6.842401027679443	6.779716968536377	29.345619201660156	-1.0	8.549222946166992
88	1	7	3	0.1037037037037037	0.07222222222222223	7.571286201477051	12.164772033691406	0.049629629629629635	-1.0	0.0162962962962963	0.05851851851851852	0.049629629629629635	13.592001914978027	-1.0	61.21073532104492	8.247008323669434	13.11381721496582
89	1	7	4	0.1037037037037037	0.07222222222222223	7.571286201477051	12.164772033691406	0.19407407407407407	0.05777777777777778	0.09037037037037038	0.1996296296296296	-1.0	30.912935256958008	20.37354278564453	8.879776000976562	30.63912010192871	-1.0
90	1	8	0	0.061111111111111116	0.004814814814814814	17.244537353515625	126.1248550415039	inf	-1.0	-1.0	0.07814814814814815	0.0725925925925926	inf	-1.0	-1.0	12.200713157653809	16.710573196411133
91	1	8	1	0.061111111111111116	0.004814814814814814	17.244537353515625	126.1248550415039	0.04518518518518519	0.07148148148148149	0.07740740740740741	0.07740740740740741	-1.0	7.286515235900879	7.900242805480957	9.651183128356934	8.060845375061035	-1.0
92	1	8	2	0.061111111111111116	0.004814814814814814	17.244537353515625	126.1248550415039	0.04518518518518519	0.05666666666666667	inf	-1.0	-1.0	7.082367420196533	21.342039108276367	inf	-1.0	-1.0
93	1	8	3	0.061111111111111116	0.004814814814814814	17.244537353515625	126.1248550415039	0.07407407407407407	inf	-1.0	0.03814814814814815	0.07407407407407407	14.98703384399414	inf	-1.0	43.08518981933594	15.244482040405273
94	1	8	4	0.061111111111111116	0.004814814814814814	17.244537353515625	126.1248550415039	0.06777777777777778	0.061111111111111116	-1.0	0.061111111111111116	-1.0	15.19628620147705	19.625946044921875	-1.0	19.985183715820312	-1.0
95	1	9	0	0.061111111111111116	0.05777777777777778	19.985183715820312	20.37354278564453	0.07777777777777778	inf	0.08259259259259259	0.09407407407407409	-1.0	10.152531623840332	inf	7.957793235778809	8.242539405822754	-1.0
96	1	9	1	0.061111111111111116	0.05777777777777778	19.985183715820312	20.37354278564453	0.13296296296296298	0.043333333333333335	-1.0	0.13518518518518519	inf	16.64238929748535	29.345619201660156	-1.0	16.2838134765625	inf
97	1	9	2	0.061111111111111116	0.05777777777777778	19.985183715820312	20.37354278564453	-1.0	-1.0	-1.0	-1.0	-1.0	-1.0	-1.0	-1.0	-1.0	-1.0
98	1	9	3	0.061111111111111116	0.05777777777777778	19.985183715820312	20.37354278564453	0.11074074074074074	0.13222222222222224	0.08074074074074074	-1.0	-1.0	8.767965316772461	10.77430248260498	9.360669136047363	-1.0	-1.0
99	1	9	4	0.061111111111111116	0.05777777777777778	19.985183715820312	20.37354278564453	0.05777777777777778	-1.0	-1.0	0.06777777777777778	-1.0	20.845823287963867	-1.0	-1.0	13.595025062561035	-1.0
100	2	0	0	0.0	0.0	87.81727600097656	87.81727600097656	0.06740740740740742	0.054814814814814816	0.05925925925925926	-1.0	0.06777777777777778	33.07228469848633	35.6540412902832	32.62126922607422	-1.0	33.0689582824707
101	2	0	1	0.0	0.0	87.81727600097656	87.81727600097656	0.048148148148148155	0.048148148148148155	0.043333333333333335	-1.0	-1.0	27.571353912353516	26.980955123901367	29.216093063354492	-1.0	-1.0
102	2	0	2	0.0	0.0	87.81727600097656	87.81727600097656	inf	0.04296296296296296	0.07518518518518519	0.032962962962962965	inf	inf	38.09809494018555	47.660003662109375	49.36440658569336	inf
103	2	0	3	0.0	0.0	87.81727600097656	87.81727600097656	inf	inf	inf	inf	inf	inf	inf	inf	inf	inf
104	2	0	4	0.0	0.0	87.81727600097656	87.81727600097656	0.06037037037037037	0.06222222222222223	-1.0	-1.0	-1.0	16.316761016845703	14.002391815185547	-1.0	-1.0	-1.0
105	2	1	0	0.06222222222222223	0.0	14.002391815185547	87.81727600097656	0.07074074074074076	-1.0	-1.0	-1.0	0.03814814814814815	32.84505081176758	-1.0	-1.0	-1.0	38.92355728149414
106	2	1	1	0.06222222222222223	0.0	14.002391815185547	87.81727600097656	0.06259259259259259	-1.0	0.07222222222222223	-1.0	0.05296296296296296	16.821868896484375	-1.0	14.469560623168945	-1.0	23.842098236083984
107	2	1	2	0.06222222222222223	0.0	14.002391815185547	87.81727600097656	inf	inf	inf	inf	inf	inf	inf	inf	inf	inf
108	2	1	3	0.06222222222222223	0.0	14.002391815185547	87.81727600097656	inf	inf	inf	inf	inf	inf	inf	inf	inf	inf
109	2	1	4	0.06222222222222223	0.0	14.002391815185547	87.81727600097656	-1.0	-1.0	0.042222222222222223	0.06222222222222223	-1.0	-1.0	-1.0	45.11122131347656	17.82097053527832	-1.0
110	2	2	0	0.042222222222222223	0.06222222222222223	45.11122131347656	17.82097053527832	0.14055555555555557	0.15481481481481482	0.05574074074074074	0.1298034769463341	0.008703703703703705	11.833845138549805	12.926553726196289	30.86505126953125	14.344711303710938	19.693696975708008
111	2	2	1	0.042222222222222223	0.06222222222222223	45.11122131347656	17.82097053527832	0.048148148148148155	0.004814814814814814	0.048148148148148155	0.048148148148148155	-1.0	27.310747146606445	75.48627471923828	25.21042251586914	25.983047485351562	-1.0
112	2	2	2	0.042222222222222223	0.06222222222222223	45.11122131347656	17.82097053527832	inf	inf	0.18703703703703703	inf	inf	inf	inf	10.23613166809082	inf	inf
113	2	2	3	0.042222222222222223	0.06222222222222223	45.11122131347656	17.82097053527832	inf	inf	inf	inf	inf	inf	inf	inf	inf	inf
114	2	2	4	0.042222222222222223	0.06222222222222223	45.11122131347656	17.82097053527832	0.038518518518518514	inf	inf	0.03333333333333333	-1.0	15.444965362548828	inf	inf	29.53032684326172	-1.0
115	2	3	0	0.03333333333333333	0.06222222222222223	29.53032684326172	17.82097053527832	0.054814814814814816	0.09481481481481481	0.13185185185185186	0.05148148148148148	-1.0	9.840405464172363	11.740418434143066	9.604087829589844	10.070940971374512	-1.0
116	2	3	1	0.03333333333333333	0.06222222222222223	29.53032684326172	17.82097053527832	0.11962962962962963	-1.0	-1.0	0.1237037037037037	inf	8.468019485473633	-1.0	-1.0	29.15469741821289	inf
117	2	3	2	0.03333333333333333	0.06222222222222223	29.53032684326172	17.82097053527832	inf	0.15703703703703706	inf	inf	inf	inf	13.753936767578125	inf	inf	inf
118	2	3	3	0.03333333333333333	0.06222222222222223	29.53032684326172	17.82097053527832	inf	inf	inf	0.09666666666666666	inf	inf	inf	inf	15.148426055908203	inf
119	2	3	4	0.03333333333333333	0.06222222222222223	29.53032684326172	17.82097053527832	inf	inf	0.01888888888888889	0.04111111111111111	0.05814814814814815	inf	inf	14.804926872253418	11.546382904052734	14.68574047088623
120	2	4	0	0.0	0.03333333333333333	87.81727600097656	29.53032684326172	inf	inf	0.07222222222222223	inf	inf	inf	inf	53.20214080810547	inf	inf
121	2	4	1	0.0	0.03333333333333333	87.81727600097656	29.53032684326172	0.1074074074074074	0.08074074074074074	0.09407407407407409	inf	inf	8.27066707611084	7.85102653503418	8.93570613861084	inf	inf
122	2	4	2	0.0	0.03333333333333333	87.81727600097656	29.53032684326172	inf	inf	inf	inf	inf	inf	inf	inf	inf	inf
123	2	4	3	0.0	0.03333333333333333	87.81727600097656	29.53032684326172	inf	inf	0.043333333333333335	inf	0.06666666666666667	inf	inf	32.7711181640625	inf	12.514371871948242
124	2	4	4	0.0	0.03333333333333333	87.81727600097656	29.53032684326172	inf	inf	inf	inf	inf	inf	inf	inf	inf	inf
125	2	5	0	0.03333333333333333	0.06037037037037037	29.53032684326172	16.316761016845703	0.15037037037037038	0.05000000000000001	inf	-1.0	inf	25.99444580078125	33.53715133666992	inf	-1.0	inf
126	2	5	1	0.03333333333333333	0.06037037037037037	29.53032684326172	16.316761016845703	0.07962962962962963	0.08296296296296297	0.09518518518518519	0.009629629629629629	0.0862962962962963	47.67118453979492	47.603641510009766	49.820743560791016	75.11693572998047	36.89527130126953
127	2	5	2	0.03333333333333333	0.06037037037037037	29.53032684326172	16.316761016845703	inf	0.15814814814814815	inf	inf	inf	inf	13.402348518371582	inf	inf	inf
128	2	5	3	0.03333333333333333	0.06037037037037037	29.53032684326172	16.316761016845703	0.04148148148148148	0.05592592592592593	inf	-1.0	-1.0	27.532176971435547	18.384504318237305	inf	-1.0	-1.0
129	2	5	4	0.03333333333333333	0.06037037037037037	29.53032684326172	16.316761016845703	inf	inf	inf	0.10259259259259261	inf	inf	inf	inf	18.451562881469727	inf
130	2	6	0	0.0	0.10259259259259261	87.81727600097656	18.451562881469727	-1.0	inf	inf	0.06666666666666667	inf	-1.0	inf	inf	32.76173782348633	inf
131	2	6	1	0.0	0.10259259259259261	87.81727600097656	18.451562881469727	0.048148148148148155	inf	-1.0	-1.0	-1.0	27.386133193969727	inf	-1.0	-1.0	-1.0
132	2	6	2	0.0	0.10259259259259261	87.81727600097656	18.451562881469727	inf	inf	inf	inf	0.07037037037037036	inf	inf	inf	inf	14.070860862731934
133	2	6	3	0.0	0.10259259259259261	87.81727600097656	18.451562881469727	inf	0.036666666666666674	inf	0.06037037037037037	inf	inf	29.65190315246582	inf	11.65780258178711	inf
134	2	6	4	0.0	0.10259259259259261	87.81727600097656	18.451562881469727	inf	inf	inf	inf	0.05740740740740741	inf	inf	inf	inf	11.424224853515625
135	2	7	0	0.05740740740740741	0.06222222222222223	11.424224853515625	17.82097053527832	inf	inf	inf	inf	inf	inf	inf	inf	inf	inf
136	2	7	1	0.05740740740740741	0.06222222222222223	11.424224853515625	17.82097053527832	0.04148148148148148	inf	-1.0	0.04518518518518519	-1.0	24.62230682373047	inf	-1.0	24.550121307373047	-1.0
137	2	7	2	0.05740740740740741	0.06222222222222223	11.424224853515625	17.82097053527832	inf	inf	inf	inf	inf	inf	inf	inf	inf	inf
138	2	7	3	0.05740740740740741	0.06222222222222223	11.424224853515625	17.82097053527832	-1.0	0.06925925925925926	0.06703703703703705	0.07592592592592591	-1.0	-1.0	7.702329158782959	9.895971298217773	9.547718048095703	-1.0
139	2	7	4	0.05740740740740741	0.06222222222222223	11.424224853515625	17.82097053527832	inf	inf	inf	inf	inf	inf	inf	inf	inf	inf
140	2	8	0	0.038518518518518514	0.05740740740740741	15.444965362548828	11.424224853515625	inf	0.055	inf	0.12537037037037038	0.17240740740740743	inf	7.244985580444336	inf	14.54261589050293	10.046733856201172
141	2	8	1	0.038518518518518514	0.05740740740740741	15.444965362548828	11.424224853515625	0.048148148148148155	-1.0	-1.0	-1.0	inf	23.103267669677734	-1.0	-1.0	-1.0	inf
142	2	8	2	0.038518518518518514	0.05740740740740741	15.444965362548828	11.424224853515625	inf	-1.0	inf	inf	-1.0	inf	-1.0	inf	inf	-1.0
143	2	8	3	0.038518518518518514	0.05740740740740741	15.444965362548828	11.424224853515625	inf	inf	inf	inf	inf	inf	inf	inf	inf	inf
144	2	8	4	0.038518518518518514	0.05740740740740741	15.444965362548828	11.424224853515625	0.12259259259259259	inf	inf	0.10185185185185186	-1.0	19.319368362426758	inf	inf	20.850624084472656	-1.0
145	2	9	0	0.0	0.12259259259259259	87.81727600097656	19.319368362426758	inf	inf	-1.0	-1.0	-1.0	inf	inf	-1.0	-1.0	-1.0
146	2	9	1	0.0	0.12259259259259259	87.81727600097656	19.319368362426758	inf	0.04	inf	inf	-1.0	inf	27.446409225463867	inf	inf	-1.0
147	2	9	2	0.0	0.12259259259259259	87.81727600097656	19.319368362426758	inf	inf	inf	0.15148148148148147	inf	inf	inf	inf	23.10430145263672	inf
148	2	9	3	0.0	0.12259259259259259	87.81727600097656	19.319368362426758	inf	inf	inf	inf	inf	inf	inf	inf	inf	inf
149	2	9	4	0.0	0.12259259259259259	87.81727600097656	19.319368362426758	0.06888888888888889	0.06148148148148149	0.07222222222222223	inf	-1.0	9.494397163391113	9.884188652038574	8.985365867614746	inf	-1.0
150	3	0	0	0.0	0.0	87.81727600097656	87.81727600097656	0.10333333333333333	inf	0.10222222222222221	-1.0	-1.0	15.164538383483887	inf	14.435254096984863	-1.0	-1.0
151	3	0	1	0.0	0.0	87.81727600097656	87.81727600097656	inf	0.04814814814814814	0.05703703703703703	-1.0	inf	inf	11.835359573364258	10.708066940307617	-1.0	inf
152	3	0	2	0.0	0.0	87.81727600097656	87.81727600097656	0.05296296296296296	0.004814814814814814	0.014444444444444446	0.05296296296296296	-1.0	13.296209335327148	86.21282196044922	76.11193084716797	20.43893814086914	-1.0
153	3	0	3	0.0	0.0	87.81727600097656	87.81727600097656	0.37333333333333335	inf	0.2911111111111111	0.011644444444444445	-1.0	13.31501579284668	inf	14.949197769165039	26.934051513671875	-1.0
154	3	0	4	0.0	0.0	87.81727600097656	87.81727600097656	inf	0.06925925925925926	inf	0.09333333333333334	inf	inf	16.524187088012695	inf	11.115880966186523	inf
155	3	1	0	0.06925925925925926	0.0	16.524187088012695	87.81727600097656	inf	-1.0	inf	inf	-1.0	inf	-1.0	inf	inf	-1.0
156	3	1	1	0.06925925925925926	0.0	16.524187088012695	87.81727600097656	inf	inf	inf	0.04148148148148148	0.0637037037037037	inf	inf	inf	10.273767471313477	10.548038482666016
157	3	1	2	0.06925925925925926	0.0	16.524187088012695	87.81727600097656	inf	inf	inf	inf	inf	inf	inf	inf	inf	inf
158	3	1	3	0.06925925925925926	0.0	16.524187088012695	87.81727600097656	inf	inf	inf	inf	0.023750000000000004	inf	inf	inf	inf	20.655170440673828
159	3	1	4	0.06925925925925926	0.0	16.524187088012695	87.81727600097656	0.04	0.05592592592592593	inf	-1.0	-1.0	8.444939613342285	15.828558921813965	inf	-1.0	-1.0
160	3	2	0	0.05592592592592593	0.0	15.828558921813965	87.81727600097656	0.0462962962962963	-1.0	-1.0	-1.0	-1.0	24.4200382232666	-1.0	-1.0	-1.0	-1.0
161	3	2	1	0.05592592592592593	0.0	15.828558921813965	87.81727600097656	0.054814814814814816	-1.0	0.054814814814814816	-1.0	-1.0	9.890246391296387	-1.0	9.692009925842285	-1.0	-1.0
162	3	2	2	0.05592592592592593	0.0	15.828558921813965	87.81727600097656	inf	0.04407407407407407	inf	inf	0.022222222222222223	inf	10.949109077453613	inf	inf	13.011404037475586
163	3	2	3	0.05592592592592593	0.0	15.828558921813965	87.81727600097656	inf	inf	inf	inf	inf	inf	inf	inf	inf	inf
164	3	2	4	0.05592592592592593	0.0	15.828558921813965	87.81727600097656	inf	inf	-1.0	-1.0	inf	inf	inf	-1.0	-1.0	inf
165	3	3	0	0.05592592592592593	0.0	15.828558921813965	87.81727600097656	0.0974074074074074	0.1437037037037037	0.06814814814814815	inf	-1.0	13.951026916503906	12.432503700256348	10.066781044006348	inf	-1.0
166	3	3	1	0.05592592592592593	0.0	15.828558921813965	87.81727600097656	0.044444444444444446	-1.0	0.0690625	-1.0	-1.0	8.864906311035156	-1.0	10.063762664794922	-1.0	-1.0
167	3	3	2	0.05592592592592593	0.0	15.828558921813965	87.81727600097656	inf	inf	inf	inf	inf	inf	inf	inf	inf	inf
168	3	3	3	0.05592592592592593	0.0	15.828558921813965	87.81727600097656	0.20296296296296298	-1.0	inf	-1.0	-1.0	15.4185209274292	-1.0	inf	-1.0	-1.0
169	3	3	4	0.05592592592592593	0.0	15.828558921813965	87.81727600097656	0.06333333333333334	inf	-1.0	inf	-1.0	17.79100799560547	inf	-1.0	inf	-1.0
170	3	4	0	0.09333333333333334	0.04	11.115880966186523	8.444939613342285	-1.0	0.11148148148148147	-1.0	-1.0	0.12407407407407407	-1.0	13.994224548339844	-1.0	-1.0	16.796497344970703
171	3	4	1	0.09333333333333334	0.04	11.115880966186523	8.444939613342285	0.04148148148148148	-1.0	-1.0	-1.0	-1.0	24.651498794555664	-1.0	-1.0	-1.0	-1.0
172	3	4	2	0.09333333333333334	0.04	11.115880966186523	8.444939613342285	inf	0.03777777777777778	inf	0.016111111111111114	0.016111111111111114	inf	16.723127365112305	inf	69.8707275390625	50.55791091918945
173	3	4	3	0.09333333333333334	0.04	11.115880966186523	8.444939613342285	inf	0.15481481481481482	-1.0	-1.0	-1.0	inf	19.953372955322266	-1.0	-1.0	-1.0
174	3	4	4	0.09333333333333334	0.04	11.115880966186523	8.444939613342285	inf	inf	inf	inf	0.06666666666666667	inf	inf	inf	inf	14.324758529663086
175	3	5	0	0.09333333333333334	0.0	11.115880966186523	87.81727600097656	0.06592592592592593	0.1048148148148148	inf	-1.0	-1.0	11.36479377746582	13.973359107971191	inf	-1.0	-1.0
176	3	5	1	0.09333333333333334	0.0	11.115880966186523	87.81727600097656	inf	inf	0.06814814814814815	0.038518518518518514	inf	inf	inf	10.066781044006348	13.31120491027832	inf
177	3	5	2	0.09333333333333334	0.0	11.115880966186523	87.81727600097656	inf	0.043333333333333335	0.04	inf	inf	inf	29.216093063354492	29.30086898803711	inf	inf
178	3	5	3	0.09333333333333334	0.0	11.115880966186523	87.81727600097656	inf	inf	inf	inf	inf	inf	inf	inf	inf	inf
179	3	5	4	0.09333333333333334	0.0	11.115880966186523	87.81727600097656	inf	inf	inf	inf	inf	inf	inf	inf	inf	inf
180	3	6	0	0.04	0.05592592592592593	8.444939613342285	15.828558921813965	-1.0	-1.0	inf	-1.0	inf	-1.0	-1.0	inf	-1.0	inf
181	3	6	1	0.04	0.05592592592592593	8.444939613342285	15.828558921813965	inf	inf	inf	-1.0	inf	inf	inf	inf	-1.0	inf
182	3	6	2	0.04	0.05592592592592593	8.444939613342285	15.828558921813965	inf	inf	inf	inf	0.035555555555555556	inf	inf	inf	inf	27.565143585205078
183	3	6	3	0.04	0.05592592592592593	8.444939613342285	15.828558921813965	inf	inf	inf	inf	inf	inf	inf	inf	inf	inf
184	3	6	4	0.04	0.05592592592592593	8.444939613342285	15.828558921813965	inf	inf	inf	inf	inf	inf	inf	inf	inf	inf
185	3	7	0	0.0	0.04	87.81727600097656	8.444939613342285	inf	0.07481481481481482	-1.0	-1.0	-1.0	inf	14.313758850097656	-1.0	-1.0	-1.0
186	3	7	1	0.0	0.04	87.81727600097656	8.444939613342285	inf	0.08	-1.0	inf	inf	inf	10.758174896240234	-1.0	inf	inf
187	3	7	2	0.0	0.04	87.81727600097656	8.444939613342285	inf	inf	inf	0.061111111111111116	inf	inf	inf	inf	8.671748161315918	inf
188	3	7	3	0.0	0.04	87.81727600097656	8.444939613342285	inf	inf	inf	0.1811111111111111	inf	inf	inf	inf	32.90635299682617	inf
189	3	7	4	0.0	0.04	87.81727600097656	8.444939613342285	0.0788888888888889	0.05148148148148148	0.07222222222222223	0.0788888888888889	inf	7.818353176116943	23.49560546875	9.59007453918457	9.402717590332031	inf
190	3	8	0	0.07222222222222223	0.06925925925925926	9.59007453918457	16.524187088012695	inf	-1.0	inf	-1.0	-1.0	inf	-1.0	inf	-1.0	-1.0
191	3	8	1	0.07222222222222223	0.06925925925925926	9.59007453918457	16.524187088012695	0.044444444444444446	0.042222222222222223	inf	inf	-1.0	10.896787643432617	11.911486625671387	inf	inf	-1.0
192	3	8	2	0.07222222222222223	0.06925925925925926	9.59007453918457	16.524187088012695	inf	inf	inf	inf	0.0537037037037037	inf	inf	inf	inf	19.39213752746582
193	3	8	3	0.07222222222222223	0.06925925925925926	9.59007453918457	16.524187088012695	inf	inf	inf	inf	inf	inf	inf	inf	inf	inf
194	3	8	4	0.07222222222222223	0.06925925925925926	9.59007453918457	16.524187088012695	0.0788888888888889	0.05148148148148148	inf	inf	inf	10.542811393737793	23.127174377441406	inf	inf	inf
195	3	9	0	0.05592592592592593	0.0788888888888889	15.828558921813965	9.402717590332031	inf	0.09814814814814815	inf	-1.0	-1.0	inf	16.018733978271484	inf	-1.0	-1.0
196	3	9	1	0.05592592592592593	0.0788888888888889	15.828558921813965	9.402717590332031	0.05111111111111111	inf	inf	inf	inf	11.03839111328125	inf	inf	inf	inf
197	3	9	2	0.05592592592592593	0.0788888888888889	15.828558921813965	9.402717590332031	0.04888888888888889	inf	inf	inf	inf	13.642098426818848	inf	inf	inf	inf
198	3	9	3	0.05592592592592593	0.0788888888888889	15.828558921813965	9.402717590332031	inf	inf	inf	inf	inf	inf	inf	inf	inf	inf
199	3	9	4	0.05592592592592593	0.0788888888888889	15.828558921813965	9.402717590332031	inf	inf	0.08	inf	0.07333333333333332	inf	inf	10.761125564575195	inf	8.60189437866211
