	reset_island_iter	improve_iter	island	program_1_hamming_score	program_2_hamming_score	program_1_neural_score	program_2_neural_score	output_program_1_hamming_score	output_program_2_hamming_score	output_program_3_hamming_score	output_program_4_hamming_score	output_program_5_hamming_score	output_program_1_neural_score	output_program_2_neural_score	output_program_3_neural_score	output_program_4_neural_score	output_program_5_neural_score
0	0	0	0	0.3945833333333333	0.6791666666666667	8.68893051147461	9.649069786071777	0.36895833333333333	-1.0	-1.0	0.3910416666666667	inf	5.580656051635742	-1.0	-1.0	9.964794158935547	inf
1	0	0	1	0.3945833333333333	0.6791666666666667	8.68893051147461	9.649069786071777	0.25958333333333333	0.278125	0.33708333333333335	inf	inf	11.028936386108398	9.854131698608398	11.553180694580078	inf	inf
2	0	0	2	0.3945833333333333	0.6791666666666667	8.68893051147461	9.649069786071777	0.34145833333333336	-1.0	-1.0	-1.0	0.3372916666666666	11.393538475036621	-1.0	-1.0	-1.0	29.574934005737305
3	0	0	3	0.3945833333333333	0.6791666666666667	8.68893051147461	9.649069786071777	0.3372916666666666	inf	inf			29.574934005737305	inf	inf		
4	0	0	4	0.3945833333333333	0.6791666666666667	8.68893051147461	9.649069786071777	inf	0.17666666666666667	inf	0.254375	-1.0	inf	8.379365921020508	inf	15.767889976501465	-1.0
5	0	1	0	0.17666666666666667	0.3945833333333333	8.379365921020508	8.68893051147461	inf	inf	inf	inf	inf	inf	inf	inf	inf	inf
6	0	1	1	0.17666666666666667	0.3945833333333333	8.379365921020508	8.68893051147461	inf	inf	-1.0	-1.0	-1.0	inf	inf	-1.0	-1.0	-1.0
7	0	1	2	0.17666666666666667	0.3945833333333333	8.379365921020508	8.68893051147461	0.15937500000000002	0.4166666666666667	-1.0	-1.0	0.41479166666666667	7.722407817840576	14.503668785095215	-1.0	-1.0	45.95976638793945
8	0	1	3	0.17666666666666667	0.3945833333333333	8.379365921020508	8.68893051147461	inf	-1.0	-1.0	0.213125	0.15937500000000002	inf	-1.0	-1.0	6.077081680297852	7.722407817840576
9	0	1	4	0.17666666666666667	0.3945833333333333	8.379365921020508	8.68893051147461	0.3372916666666666	inf	-1.0	0.38479166666666664	-1.0	29.574934005737305	inf	-1.0	29.40696144104004	-1.0
10	0	2	0	0.17666666666666667	0.6791666666666667	8.379365921020508	9.649069786071777	0.36833333333333335	0.37083333333333335	0.5566666666666666	0.4347916666666667	inf	12.598334312438965	7.687812328338623	18.13752555847168	17.382965087890625	inf
11	0	2	1	0.17666666666666667	0.6791666666666667	8.379365921020508	9.649069786071777	0.3372916666666666					29.574934005737305				
12	0	2	2	0.17666666666666667	0.6791666666666667	8.379365921020508	9.649069786071777	0.3402083333333333	-1.0	0.3072916666666667	0.29854166666666665	0.3020833333333333	14.295759201049805	-1.0	21.815288543701172	10.571244239807129	23.82208251953125
13	0	2	3	0.17666666666666667	0.6791666666666667	8.379365921020508	9.649069786071777	0.0					0.0				
