	reset_island_iter	improve_iter	island	program_1_hamming_score	program_2_hamming_score	program_1_neural_score	program_2_neural_score	output_program_1_hamming_score	output_program_2_hamming_score	output_program_3_hamming_score	output_program_4_hamming_score	output_program_5_hamming_score	output_program_1_neural_score	output_program_2_neural_score	output_program_3_neural_score	output_program_4_neural_score	output_program_5_neural_score
0	0	0	0	0.05102040816326531	0.04081632653061224	20.42746925354004	7.711007595062256	0.4489795918367347	-1.0	inf	0.41836734693877553	inf	18.29535484313965	-1.0	inf	18.998071670532227	inf
1	0	0	1	0.05102040816326531	0.04081632653061224	20.42746925354004	7.711007595062256	inf	inf	0.26530612244897955	0.9489795918367347	-1.0	inf	inf	29.218830108642578	54.59348678588867	-1.0
2	0	0	2	0.05102040816326531	0.04081632653061224	20.42746925354004	7.711007595062256	inf	inf	inf	inf	0.10204081632653061	inf	inf	inf	inf	13.42219352722168
3	0	0	3	0.05102040816326531	0.04081632653061224	20.42746925354004	7.711007595062256	0.061224489795918366	0.07142857142857142	0.13265306122448978	0.10204081632653061	0.22448979591836737	3.971712827682495	3.804389715194702	13.481904983520508	13.386199951171875	15.384186744689941
4	0	0	4	0.05102040816326531	0.04081632653061224	20.42746925354004	7.711007595062256	inf	0.23469387755102042	inf	inf	inf	inf	17.694246292114258	inf	inf	inf
5	0	1	0	0.04081632653061224	0.23469387755102042	7.711007595062256	17.694246292114258	inf	-1.0	0.20408163265306123	inf	inf	inf	-1.0	55.307491302490234	inf	inf
6	0	1	1	0.04081632653061224	0.23469387755102042	7.711007595062256	17.694246292114258	inf	0.2857142857142857	inf	inf	0.05102040816326531	inf	28.250947952270508	inf	inf	14.839132308959961
7	0	1	2	0.04081632653061224	0.23469387755102042	7.711007595062256	17.694246292114258	-1.0	-1.0	-1.0	inf	-1.0	-1.0	-1.0	-1.0	inf	-1.0
8	0	1	3	0.04081632653061224	0.23469387755102042	7.711007595062256	17.694246292114258	0.061224489795918366	inf	0.10204081632653061	-1.0		7.968539714813232	inf	21.12254524230957	-1.0	
9	0	1	4	0.04081632653061224	0.23469387755102042	7.711007595062256	17.694246292114258	0.17346938775510204	inf	0.7551020408163265	0.9489795918367347	0.13265306122448978	7.020805358886719	inf	28.459152221679688	54.59348678588867	6.638612270355225
10	0	2	0	0.04081632653061224	0.23469387755102042	7.711007595062256	17.694246292114258	-1.0	-1.0	0.33673469387755106	-1.0	inf	-1.0	-1.0	7.772878646850586	-1.0	inf
11	0	2	1	0.04081632653061224	0.23469387755102042	7.711007595062256	17.694246292114258	inf	inf	inf	inf	0.13265306122448978	inf	inf	inf	inf	8.54227352142334
12	0	2	2	0.04081632653061224	0.23469387755102042	7.711007595062256	17.694246292114258	inf	inf	inf	inf	inf	inf	inf	inf	inf	inf
13	0	2	3	0.04081632653061224	0.23469387755102042	7.711007595062256	17.694246292114258	inf	inf	0.05102040816326531	0.20408163265306123	0.15306122448979592	inf	inf	8.904767036437988	13.787014961242676	12.818071365356445
14	0	2	4	0.04081632653061224	0.23469387755102042	7.711007595062256	17.694246292114258	inf	-1.0	inf	0.24489795918367346	-1.0	inf	-1.0	inf	8.811006546020508	-1.0
15	0	3	0	0.23469387755102042	0.04081632653061224	17.694246292114258	7.711007595062256	inf	0.3469387755102041	inf	-1.0	0.20408163265306123	inf	29.86505126953125	inf	-1.0	16.03192901611328
16	0	3	1	0.23469387755102042	0.04081632653061224	17.694246292114258	7.711007595062256	inf	inf	-1.0	inf	inf	inf	inf	-1.0	inf	inf
17	0	3	2	0.23469387755102042	0.04081632653061224	17.694246292114258	7.711007595062256	inf	inf	inf	inf	inf	inf	inf	inf	inf	inf
18	0	3	3	0.23469387755102042	0.04081632653061224	17.694246292114258	7.711007595062256	inf	0.5408163265306123	inf	inf	-1.0	inf	14.518538475036621	inf	inf	-1.0
19	0	3	4	0.23469387755102042	0.04081632653061224	17.694246292114258	7.711007595062256	0.061224489795918366	inf	-1.0	inf	inf	7.968539714813232	inf	-1.0	inf	inf
20	0	4	0	0.04081632653061224	0.24489795918367346	7.711007595062256	8.811006546020508	0.25510204081632654	inf	-1.0	-1.0	-1.0	41.18880844116211	inf	-1.0	-1.0	-1.0
21	0	4	1	0.04081632653061224	0.24489795918367346	7.711007595062256	8.811006546020508	inf	inf	inf	inf	inf	inf	inf	inf	inf	inf
22	0	4	2	0.04081632653061224	0.24489795918367346	7.711007595062256	8.811006546020508	inf	inf	inf	inf	inf	inf	inf	inf	inf	inf
23	0	4	3	0.04081632653061224	0.24489795918367346	7.711007595062256	8.811006546020508	-1.0	-1.0	inf	0.13265306122448978	-1.0	-1.0	-1.0	inf	4.786056995391846	-1.0
24	0	4	4	0.04081632653061224	0.24489795918367346	7.711007595062256	8.811006546020508	-1.0	inf	0.05102040816326531	-1.0	inf	-1.0	inf	14.839132308959961	-1.0	inf
25	0	5	0	0.13265306122448978	0.05102040816326531	6.638612270355225	20.42746925354004	inf	inf	inf	0.08163265306122448	0.14285714285714285	inf	inf	inf	5.185690879821777	15.482730865478516
26	0	5	1	0.13265306122448978	0.05102040816326531	6.638612270355225	20.42746925354004	inf	-1.0	-1.0	inf	-1.0	inf	-1.0	-1.0	inf	-1.0
27	0	5	2	0.13265306122448978	0.05102040816326531	6.638612270355225	20.42746925354004	-1.0	-1.0	-1.0	-1.0	-1.0	-1.0	-1.0	-1.0	-1.0	-1.0
28	0	5	3	0.13265306122448978	0.05102040816326531	6.638612270355225	20.42746925354004	inf	0.11224489795918366	0.05102040816326531	-1.0	inf	inf	6.832586288452148	14.839132308959961	-1.0	inf
29	0	5	4	0.13265306122448978	0.05102040816326531	6.638612270355225	20.42746925354004	inf	-1.0	inf	-1.0	0.15306122448979592	inf	-1.0	inf	-1.0	8.601179122924805
30	0	6	0	0.23469387755102042	0.15306122448979592	17.694246292114258	8.601179122924805	0.08163265306122448	inf	inf	0.05102040816326531	inf	6.1983795166015625	inf	inf	8.723219871520996	inf
31	0	6	1	0.23469387755102042	0.15306122448979592	17.694246292114258	8.601179122924805	inf	inf	inf	-1.0	inf	inf	inf	inf	-1.0	inf
32	0	6	2	0.23469387755102042	0.15306122448979592	17.694246292114258	8.601179122924805	0.41836734693877553	0.26530612244897955	0.05102040816326531	-1.0	-1.0	15.747147560119629	29.218830108642578	14.839132308959961	-1.0	-1.0
33	0	6	3	0.23469387755102042	0.15306122448979592	17.694246292114258	8.601179122924805	inf	inf	0.2142857142857143	0.030612244897959183	-1.0	inf	inf	6.298995018005371	8.890478134155273	-1.0
34	0	6	4	0.23469387755102042	0.15306122448979592	17.694246292114258	8.601179122924805	-1.0	inf	inf	inf	inf	-1.0	inf	inf	inf	inf
35	0	7	0	0.17346938775510204	0.061224489795918366	7.020805358886719	7.968539714813232	inf	inf	inf	inf	0.12244897959183673	inf	inf	inf	inf	5.610886096954346
36	0	7	1	0.17346938775510204	0.061224489795918366	7.020805358886719	7.968539714813232	inf	inf	-1.0	inf	-1.0	inf	inf	-1.0	inf	-1.0
37	0	7	2	0.17346938775510204	0.061224489795918366	7.020805358886719	7.968539714813232	0.0					0.0				
