	reset_island_iter	improve_iter	island	program_1_hamming_score	program_2_hamming_score	program_1_neural_score	program_2_neural_score	output_program_1_hamming_score	output_program_2_hamming_score	output_program_3_hamming_score	output_program_4_hamming_score	output_program_5_hamming_score	output_program_1_neural_score	output_program_2_neural_score	output_program_3_neural_score	output_program_4_neural_score	output_program_5_neural_score
0	0	0	0	38.333333333333336	9.333333333333334	8.026361465454102	7.448146820068359	3.6666666666666665	-1.0	-1.0	inf	-1.0	8.425642967224121	-1.0	-1.0	inf	-1.0
1	0	0	1	38.333333333333336	9.333333333333334	8.026361465454102	7.448146820068359	4.666666666666667	-1.0	-1.0	-1.0	-1.0	18.116300582885742	-1.0	-1.0	-1.0	-1.0
2	0	0	2	38.333333333333336	9.333333333333334	8.026361465454102	7.448146820068359	4.0	3.6666666666666665	-1.0	-1.0	7.0	5.053926467895508	8.425642967224121	-1.0	-1.0	15.772405624389648
3	0	0	3	38.333333333333336	9.333333333333334	8.026361465454102	7.448146820068359	3.6666666666666665	inf	-1.0	inf	inf	8.425642967224121	inf	-1.0	inf	inf
4	0	0	4	38.333333333333336	9.333333333333334	8.026361465454102	7.448146820068359	4.666666666666667	13.0	13.0	12.0	inf	18.116300582885742	17.65777587890625	46.34116744995117	8.524867057800293	inf
5	0	1	0	9.333333333333334	12.0	7.448146820068359	8.524867057800293	inf	inf	inf	-1.0	12.0	inf	inf	inf	-1.0	17.774118423461914
6	0	1	1	9.333333333333334	12.0	7.448146820068359	8.524867057800293	inf	inf	inf	inf	-1.0	inf	inf	inf	inf	-1.0
7	0	1	2	9.333333333333334	12.0	7.448146820068359	8.524867057800293	4.666666666666667	-1.0	inf	-1.0	-1.0	18.116300582885742	-1.0	inf	-1.0	-1.0
8	0	1	3	9.333333333333334	12.0	7.448146820068359	8.524867057800293	inf	4.666666666666667	inf	13.0	12.0	inf	18.116300582885742	inf	46.34116744995117	17.774118423461914
9	0	1	4	9.333333333333334	12.0	7.448146820068359	8.524867057800293	3.6666666666666665	inf	-1.0	-1.0	inf	8.425642967224121	inf	-1.0	-1.0	inf
10	0	2	0	9.333333333333334	3.6666666666666665	7.448146820068359	8.425642967224121	inf	inf	-1.0	inf	inf	inf	inf	-1.0	inf	inf
11	0	2	1	9.333333333333334	3.6666666666666665	7.448146820068359	8.425642967224121	inf	inf	inf	inf	inf	inf	inf	inf	inf	inf
12	0	2	2	9.333333333333334	3.6666666666666665	7.448146820068359	8.425642967224121	-1.0	-1.0	4.333333333333333	inf	inf	-1.0	-1.0	4.783607482910156	inf	inf
13	0	2	3	9.333333333333334	3.6666666666666665	7.448146820068359	8.425642967224121	inf	-1.0	inf	inf	inf	inf	-1.0	inf	inf	inf
14	0	2	4	9.333333333333334	3.6666666666666665	7.448146820068359	8.425642967224121	inf	-1.0	-1.0	-1.0	-1.0	inf	-1.0	-1.0	-1.0	-1.0
15	0	3	0	9.333333333333334	12.0	7.448146820068359	8.524867057800293	inf	inf	inf	inf	inf	inf	inf	inf	inf	inf
16	0	3	1	9.333333333333334	12.0	7.448146820068359	8.524867057800293	inf	inf	inf	-1.0	inf	inf	inf	inf	-1.0	inf
17	0	3	2	9.333333333333334	12.0	7.448146820068359	8.524867057800293	inf	3.3333333333333335	inf	79.66666666666667	-1.0	inf	9.456278800964355	inf	28.134599685668945	-1.0
18	0	3	3	9.333333333333334	12.0	7.448146820068359	8.524867057800293	inf	-1.0	inf	inf	-1.0	inf	-1.0	inf	inf	-1.0
19	0	3	4	9.333333333333334	12.0	7.448146820068359	8.524867057800293	-1.0	8.333333333333334	-1.0	-1.0	inf	-1.0	9.647470474243164	-1.0	-1.0	inf
20	0	4	0	9.333333333333334	38.333333333333336	7.448146820068359	8.026361465454102	inf	inf	inf	inf	inf	inf	inf	inf	inf	inf
21	0	4	1	9.333333333333334	38.333333333333336	7.448146820068359	8.026361465454102	inf	inf	inf	inf	3.6666666666666665	inf	inf	inf	inf	8.425642967224121
22	0	4	2	9.333333333333334	38.333333333333336	7.448146820068359	8.026361465454102	-1.0	-1.0	inf	13.0	-1.0	-1.0	-1.0	inf	17.65777587890625	-1.0
23	0	4	3	9.333333333333334	38.333333333333336	7.448146820068359	8.026361465454102	inf	-1.0	-1.0	-1.0	62.0	inf	-1.0	-1.0	-1.0	28.066320419311523
24	0	4	4	9.333333333333334	38.333333333333336	7.448146820068359	8.026361465454102	-1.0	-1.0	-1.0	-1.0	-1.0	-1.0	-1.0	-1.0	-1.0	-1.0
25	0	5	0	38.333333333333336	9.333333333333334	8.026361465454102	7.448146820068359	inf	inf	inf	inf	inf	inf	inf	inf	inf	inf
26	0	5	1	38.333333333333336	9.333333333333334	8.026361465454102	7.448146820068359	inf	inf	-1.0	inf	inf	inf	inf	-1.0	inf	inf
27	0	5	2	38.333333333333336	9.333333333333334	8.026361465454102	7.448146820068359	-1.0	-1.0	-1.0	-1.0	inf	-1.0	-1.0	-1.0	-1.0	inf
28	0	5	3	38.333333333333336	9.333333333333334	8.026361465454102	7.448146820068359	inf	67.0	13.0	-1.0	-1.0	inf	100.90117645263672	17.65777587890625	-1.0	-1.0
29	0	5	4	38.333333333333336	9.333333333333334	8.026361465454102	7.448146820068359	inf	inf	22.333333333333332	-1.0	inf	inf	inf	42.673301696777344	-1.0	inf
30	0	6	0	38.333333333333336	3.6666666666666665	8.026361465454102	8.425642967224121	inf	inf	inf	inf	inf	inf	inf	inf	inf	inf
31	0	6	1	38.333333333333336	3.6666666666666665	8.026361465454102	8.425642967224121	inf	inf	inf	inf	-1.0	inf	inf	inf	inf	-1.0
32	0	6	2	38.333333333333336	3.6666666666666665	8.026361465454102	8.425642967224121	inf	-1.0	inf	25.0	inf	inf	-1.0	inf	14.513589859008789	inf
33	0	6	3	38.333333333333336	3.6666666666666665	8.026361465454102	8.425642967224121	inf	inf	-1.0	inf	-1.0	inf	inf	-1.0	inf	-1.0
34	0	6	4	38.333333333333336	3.6666666666666665	8.026361465454102	8.425642967224121	-1.0	inf	-1.0	-1.0	-1.0	-1.0	inf	-1.0	-1.0	-1.0
35	0	7	0	9.333333333333334	12.0	7.448146820068359	8.524867057800293	inf	inf	inf	inf	inf	inf	inf	inf	inf	inf
36	0	7	1	9.333333333333334	12.0	7.448146820068359	8.524867057800293	inf	inf	inf	inf	-1.0	inf	inf	inf	inf	-1.0
37	0	7	2	9.333333333333334	12.0	7.448146820068359	8.524867057800293	inf	2.6666666666666665	-1.0	inf	-1.0	inf	6.164834022521973	-1.0	inf	-1.0
38	0	7	3	9.333333333333334	12.0	7.448146820068359	8.524867057800293	inf	inf	inf	3.3333333333333335	44.666666666666664	inf	inf	inf	9.456278800964355	35.96485137939453
39	0	7	4	9.333333333333334	12.0	7.448146820068359	8.524867057800293	-1.0	inf	-1.0	-1.0	-1.0	-1.0	inf	-1.0	-1.0	-1.0
40	0	8	0	9.333333333333334	12.0	7.448146820068359	8.524867057800293	inf	inf	inf	inf	inf	inf	inf	inf	inf	inf
41	0	8	1	9.333333333333334	12.0	7.448146820068359	8.524867057800293	inf	5.666666666666667	inf	inf	8.0	inf	9.053630828857422	inf	inf	9.145390510559082
42	0	8	2	9.333333333333334	12.0	7.448146820068359	8.524867057800293	inf	-1.0	12.333333333333334	11.0	inf	inf	-1.0	6.965709209442139	19.175006866455078	inf
43	0	8	3	9.333333333333334	12.0	7.448146820068359	8.524867057800293	inf	-1.0	inf	-1.0	inf	inf	-1.0	inf	-1.0	inf
44	0	8	4	9.333333333333334	12.0	7.448146820068359	8.524867057800293	-1.0	-1.0	-1.0	-1.0	inf	-1.0	-1.0	-1.0	-1.0	inf
45	0	9	0	38.333333333333336	9.333333333333334	8.026361465454102	7.448146820068359	-1.0	inf	inf	inf	inf	-1.0	inf	inf	inf	inf
46	0	9	1	38.333333333333336	9.333333333333334	8.026361465454102	7.448146820068359	inf	inf	-1.0	inf	-1.0	inf	inf	-1.0	inf	-1.0
47	0	9	2	38.333333333333336	9.333333333333334	8.026361465454102	7.448146820068359	-1.0	inf	-1.0	inf	-1.0	-1.0	inf	-1.0	inf	-1.0
48	0	9	3	38.333333333333336	9.333333333333334	8.026361465454102	7.448146820068359	inf	-1.0	16.0	12.333333333333334	12.0	inf	-1.0	27.243078231811523	29.46612548828125	8.524867057800293
49	0	9	4	38.333333333333336	9.333333333333334	8.026361465454102	7.448146820068359	-1.0					-1.0				
50	1	0	0	8.0	12.333333333333334	6.896877288818359	6.965709209442139	-1.0	inf	inf	inf	3.6666666666666665	-1.0	inf	inf	inf	8.425642967224121
51	1	0	1	8.0	12.333333333333334	6.896877288818359	6.965709209442139	9.333333333333334	-1.0	-1.0	9.333333333333334	-1.0	15.799287796020508	-1.0	-1.0	16.295543670654297	-1.0
52	1	0	2	8.0	12.333333333333334	6.896877288818359	6.965709209442139	13.0	10.333333333333334	-1.0	4.666666666666667	-1.0	17.65777587890625	16.955421447753906	-1.0	18.116300582885742	-1.0
53	1	0	3	8.0	12.333333333333334	6.896877288818359	6.965709209442139	3.6666666666666665	inf	-1.0	inf	13.0	8.425642967224121	inf	-1.0	inf	17.65777587890625
54	1	0	4	8.0	12.333333333333334	6.896877288818359	6.965709209442139	3.6666666666666665	13.0	-1.0	-1.0	inf	8.425642967224121	17.65777587890625	-1.0	-1.0	inf
55	1	1	0	12.333333333333334	8.0	6.965709209442139	6.896877288818359	inf	inf	-1.0	inf	inf	inf	inf	-1.0	inf	inf
56	1	1	1	12.333333333333334	8.0	6.965709209442139	6.896877288818359	4.666666666666667	-1.0	-1.0	-1.0	-1.0	18.116300582885742	-1.0	-1.0	-1.0	-1.0
57	1	1	2	12.333333333333334	8.0	6.965709209442139	6.896877288818359	inf					inf				
58	1	1	3	12.333333333333334	8.0	6.965709209442139	6.896877288818359	inf	inf	-1.0	-1.0	-1.0	inf	inf	-1.0	-1.0	-1.0
59	1	1	4	12.333333333333334	8.0	6.965709209442139	6.896877288818359	inf	-1.0	12.333333333333334	inf	-1.0	inf	-1.0	7.832517623901367	inf	-1.0
60	1	2	0	3.6666666666666665	12.333333333333334	8.425642967224121	7.832517623901367	inf	inf	inf	inf	inf	inf	inf	inf	inf	inf
61	1	2	1	3.6666666666666665	12.333333333333334	8.425642967224121	7.832517623901367	-1.0	-1.0	-1.0	-1.0	13.0	-1.0	-1.0	-1.0	-1.0	46.34116744995117
62	1	2	2	3.6666666666666665	12.333333333333334	8.425642967224121	7.832517623901367	inf	-1.0	inf	-1.0	-1.0	inf	-1.0	inf	-1.0	-1.0
63	1	2	3	3.6666666666666665	12.333333333333334	8.425642967224121	7.832517623901367	-1.0	-1.0	inf	-1.0	-1.0	-1.0	-1.0	inf	-1.0	-1.0
64	1	2	4	3.6666666666666665	12.333333333333334	8.425642967224121	7.832517623901367	-1.0	inf	inf	-1.0	-1.0	-1.0	inf	inf	-1.0	-1.0
65	1	3	0	8.0	12.333333333333334	6.896877288818359	6.965709209442139	inf	inf	inf	inf	-1.0	inf	inf	inf	inf	-1.0
66	1	3	1	8.0	12.333333333333334	6.896877288818359	6.965709209442139	-1.0	-1.0	-1.0	-1.0	7.333333333333333	-1.0	-1.0	-1.0	-1.0	8.16773509979248
67	1	3	2	8.0	12.333333333333334	6.896877288818359	6.965709209442139	-1.0	inf	inf	-1.0	inf	-1.0	inf	inf	-1.0	inf
68	1	3	3	8.0	12.333333333333334	6.896877288818359	6.965709209442139	inf	inf	-1.0	-1.0	-1.0	inf	inf	-1.0	-1.0	-1.0
69	1	3	4	8.0	12.333333333333334	6.896877288818359	6.965709209442139	inf	inf	4.666666666666667	inf	-1.0	inf	inf	18.116300582885742	inf	-1.0
70	1	4	0	8.0	12.333333333333334	6.896877288818359	7.832517623901367	inf	inf	20.333333333333332	inf	-1.0	inf	inf	16.988039016723633	inf	-1.0
71	1	4	1	8.0	12.333333333333334	6.896877288818359	7.832517623901367	-1.0	-1.0	-1.0	-1.0	-1.0	-1.0	-1.0	-1.0	-1.0	-1.0
72	1	4	2	8.0	12.333333333333334	6.896877288818359	7.832517623901367	inf	inf	inf	inf	inf	inf	inf	inf	inf	inf
73	1	4	3	8.0	12.333333333333334	6.896877288818359	7.832517623901367	inf	inf	-1.0	-1.0	-1.0	inf	inf	-1.0	-1.0	-1.0
74	1	4	4	8.0	12.333333333333334	6.896877288818359	7.832517623901367	inf	inf	-1.0	inf	inf	inf	inf	-1.0	inf	inf
75	1	5	0	8.0	12.333333333333334	6.896877288818359	6.965709209442139	inf	inf	inf	-1.0	inf	inf	inf	inf	-1.0	inf
76	1	5	1	8.0	12.333333333333334	6.896877288818359	6.965709209442139	-1.0	-1.0	5.0	-1.0	-1.0	-1.0	-1.0	17.79532241821289	-1.0	-1.0
77	1	5	2	8.0	12.333333333333334	6.896877288818359	6.965709209442139	inf	inf	inf	inf	inf	inf	inf	inf	inf	inf
78	1	5	3	8.0	12.333333333333334	6.896877288818359	6.965709209442139	inf	12.666666666666666	inf	-1.0	inf	inf	17.45032501220703	inf	-1.0	inf
79	1	5	4	8.0	12.333333333333334	6.896877288818359	6.965709209442139	inf	-1.0	inf	16.666666666666668	-1.0	inf	-1.0	inf	9.75399112701416	-1.0
80	1	6	0	12.333333333333334	12.333333333333334	7.832517623901367	6.965709209442139	inf	inf	inf	-1.0	inf	inf	inf	inf	-1.0	inf
81	1	6	1	12.333333333333334	12.333333333333334	7.832517623901367	6.965709209442139	-1.0	-1.0	-1.0	-1.0	-1.0	-1.0	-1.0	-1.0	-1.0	-1.0
82	1	6	2	12.333333333333334	12.333333333333334	7.832517623901367	6.965709209442139	-1.0	-1.0	-1.0	inf	inf	-1.0	-1.0	-1.0	inf	inf
83	1	6	3	12.333333333333334	12.333333333333334	7.832517623901367	6.965709209442139	inf	inf	inf	inf	inf	inf	inf	inf	inf	inf
84	1	6	4	12.333333333333334	12.333333333333334	7.832517623901367	6.965709209442139	inf	inf	3.3333333333333335	-1.0	-1.0	inf	inf	9.456278800964355	-1.0	-1.0
85	1	7	0	3.6666666666666665	8.0	8.425642967224121	6.896877288818359	inf	inf	-1.0	inf	-1.0	inf	inf	-1.0	inf	-1.0
86	1	7	1	3.6666666666666665	8.0	8.425642967224121	6.896877288818359	-1.0	-1.0	-1.0	-1.0	inf	-1.0	-1.0	-1.0	-1.0	inf
87	1	7	2	3.6666666666666665	8.0	8.425642967224121	6.896877288818359	inf	inf	inf	inf	inf	inf	inf	inf	inf	inf
88	1	7	3	3.6666666666666665	8.0	8.425642967224121	6.896877288818359	inf	inf	inf	inf	inf	inf	inf	inf	inf	inf
89	1	7	4	3.6666666666666665	8.0	8.425642967224121	6.896877288818359	-1.0	inf	inf	-1.0	-1.0	-1.0	inf	inf	-1.0	-1.0
90	1	8	0	8.0	12.333333333333334	6.896877288818359	6.965709209442139	inf	inf	inf	-1.0	-1.0	inf	inf	inf	-1.0	-1.0
91	1	8	1	8.0	12.333333333333334	6.896877288818359	6.965709209442139	-1.0	5.333333333333333	-1.0	-1.0	-1.0	-1.0	17.80124855041504	-1.0	-1.0	-1.0
92	1	8	2	8.0	12.333333333333334	6.896877288818359	6.965709209442139	inf	inf	inf	inf	-1.0	inf	inf	inf	inf	-1.0
93	1	8	3	8.0	12.333333333333334	6.896877288818359	6.965709209442139	inf	inf	inf	inf	inf	inf	inf	inf	inf	inf
94	1	8	4	8.0	12.333333333333334	6.896877288818359	6.965709209442139	inf	inf	11.333333333333334	-1.0	inf	inf	inf	29.060361862182617	-1.0	inf
95	1	9	0	12.333333333333334	3.6666666666666665	6.965709209442139	8.425642967224121	inf	inf	inf	-1.0	-1.0	inf	inf	inf	-1.0	-1.0
96	1	9	1	12.333333333333334	3.6666666666666665	6.965709209442139	8.425642967224121	-1.0	-1.0	-1.0	-1.0	-1.0	-1.0	-1.0	-1.0	-1.0	-1.0
97	1	9	2	12.333333333333334	3.6666666666666665	6.965709209442139	8.425642967224121	inf	inf	inf	inf	inf	inf	inf	inf	inf	inf
98	1	9	3	12.333333333333334	3.6666666666666665	6.965709209442139	8.425642967224121	-1.0	-1.0	3.0	inf	inf	-1.0	-1.0	5.502689838409424	inf	inf
99	1	9	4	12.333333333333334	3.6666666666666665	6.965709209442139	8.425642967224121	-1.0	-1.0	20.666666666666668	-1.0	-1.0	-1.0	-1.0	18.193851470947266	-1.0	-1.0
100	2	0	0	20.0	20.0	6.515233993530273	6.515233993530273	inf	33.666666666666664	29.333333333333332	30.0	23.666666666666668	inf	13.379018783569336	6.162319660186768	13.837470054626465	30.552846908569336
101	2	0	1	20.0	20.0	6.515233993530273	6.515233993530273	16.0	17.0				32.917640686035156	27.812726974487305			
102	2	0	2	20.0	20.0	6.515233993530273	6.515233993530273	13.0	15.666666666666666	14.333333333333334	19.0	-1.0	46.34116744995117	30.54584503173828	34.038761138916016	6.620041847229004	-1.0
103	2	0	3	20.0	20.0	6.515233993530273	6.515233993530273	19.0	20.0	18.666666666666668	20.333333333333332	-1.0	5.681560516357422	6.515233993530273	5.604379653930664	9.32380485534668	-1.0
104	2	0	4	20.0	20.0	6.515233993530273	6.515233993530273	53.0	53.666666666666664	44.0	32.666666666666664	-1.0	14.296493530273438	16.01639175415039	30.53086280822754	21.86963653564453	-1.0
105	2	1	0	20.0	20.0	6.515233993530273	6.515233993530273	inf	inf	inf	-1.0	inf	inf	inf	inf	-1.0	inf
106	2	1	1	20.0	20.0	6.515233993530273	6.515233993530273	44.333333333333336	26.0	-1.0	-1.0	70.33333333333333	46.33189010620117	5.946164608001709	-1.0	-1.0	46.36761474609375
107	2	1	2	20.0	20.0	6.515233993530273	6.515233993530273	inf	inf	68.0	inf	61.0	inf	inf	38.672096252441406	inf	24.490461349487305
108	2	1	3	20.0	20.0	6.515233993530273	6.515233993530273	-1.0	-1.0	-1.0	-1.0	-1.0	-1.0	-1.0	-1.0	-1.0	-1.0
109	2	1	4	20.0	20.0	6.515233993530273	6.515233993530273	27.333333333333332	26.0	inf	26.666666666666668	21.0	7.254862308502197	5.946164608001709	inf	17.19976234436035	7.547162055969238
110	2	2	0	26.0	20.0	5.946164608001709	6.515233993530273	inf	inf	-1.0	inf	inf	inf	inf	-1.0	inf	inf
111	2	2	1	26.0	20.0	5.946164608001709	6.515233993530273	inf	-1.0	-1.0	-1.0	-1.0	inf	-1.0	-1.0	-1.0	-1.0
112	2	2	2	26.0	20.0	5.946164608001709	6.515233993530273	inf	inf	inf	inf	inf	inf	inf	inf	inf	inf
113	2	2	3	26.0	20.0	5.946164608001709	6.515233993530273	inf	-1.0	36.0	-1.0	inf	inf	-1.0	22.56317138671875	-1.0	inf
114	2	2	4	26.0	20.0	5.946164608001709	6.515233993530273	14.333333333333334	13.0	28.333333333333332	36.333333333333336	27.0	40.81224060058594	46.34116744995117	6.861298561096191	8.499853134155273	7.689460754394531
115	2	3	0	26.0	20.0	5.946164608001709	6.515233993530273	inf	inf	inf	inf	31.666666666666668	inf	inf	inf	inf	11.075947761535645
116	2	3	1	26.0	20.0	5.946164608001709	6.515233993530273	inf	20.0	-1.0	-1.0	-1.0	inf	6.372260570526123	-1.0	-1.0	-1.0
117	2	3	2	26.0	20.0	5.946164608001709	6.515233993530273	inf	inf	inf	inf	inf	inf	inf	inf	inf	inf
118	2	3	3	26.0	20.0	5.946164608001709	6.515233993530273	inf	-1.0	inf	-1.0	53.0	inf	-1.0	inf	-1.0	18.020248413085938
119	2	3	4	26.0	20.0	5.946164608001709	6.515233993530273	24.666666666666668	-1.0	-1.0	26.0	-1.0	7.219952583312988	-1.0	-1.0	7.521511554718018	-1.0
120	2	4	0	27.333333333333332	20.0	7.254862308502197	6.515233993530273	32.0	inf	-1.0	inf	-1.0	10.760542869567871	inf	-1.0	inf	-1.0
121	2	4	1	27.333333333333332	20.0	7.254862308502197	6.515233993530273	-1.0	26.666666666666668	-1.0	-1.0	-1.0	-1.0	20.52846908569336	-1.0	-1.0	-1.0
122	2	4	2	27.333333333333332	20.0	7.254862308502197	6.515233993530273	inf	inf	20.0	-1.0	44.0	inf	inf	6.515233993530273	-1.0	30.53086280822754
123	2	4	3	27.333333333333332	20.0	7.254862308502197	6.515233993530273	30.0	27.333333333333332	inf	26.0	30.333333333333332	16.1661319732666	7.254862308502197	inf	5.946164608001709	16.530258178710938
124	2	4	4	27.333333333333332	20.0	7.254862308502197	6.515233993530273	inf	-1.0	26.0	-1.0	26.666666666666668	inf	-1.0	9.472298622131348	-1.0	20.52846908569336
125	2	5	0	26.0	27.0	5.946164608001709	7.689460754394531	inf	inf	inf	20.333333333333332	inf	inf	inf	inf	20.520139694213867	inf
126	2	5	1	26.0	27.0	5.946164608001709	7.689460754394531	-1.0	-1.0	-1.0	inf	-1.0	-1.0	-1.0	-1.0	inf	-1.0
127	2	5	2	26.0	27.0	5.946164608001709	7.689460754394531	inf	-1.0	inf	-1.0	52.333333333333336	inf	-1.0	inf	-1.0	17.71966552734375
128	2	5	3	26.0	27.0	5.946164608001709	7.689460754394531	26.0	-1.0	46.666666666666664	-1.0	-1.0	11.580774307250977	-1.0	11.727947235107422	-1.0	-1.0
129	2	5	4	26.0	27.0	5.946164608001709	7.689460754394531	18.666666666666668	18.666666666666668	25.333333333333332	13.333333333333334	20.0	10.713316917419434	7.140097141265869	19.889013290405273	10.796059608459473	12.498047828674316
130	2	6	0	18.666666666666668	20.0	10.713316917419434	6.515233993530273	-1.0	inf	inf	inf	inf	-1.0	inf	inf	inf	inf
131	2	6	1	18.666666666666668	20.0	10.713316917419434	6.515233993530273	inf	-1.0	-1.0	-1.0	-1.0	inf	-1.0	-1.0	-1.0	-1.0
132	2	6	2	18.666666666666668	20.0	10.713316917419434	6.515233993530273	inf	37.0	42.666666666666664	44.333333333333336	inf	inf	22.049060821533203	32.122432708740234	23.651569366455078	inf
133	2	6	3	18.666666666666668	20.0	10.713316917419434	6.515233993530273	-1.0	inf	inf	-1.0	19.0	-1.0	inf	inf	-1.0	6.909633636474609
134	2	6	4	18.666666666666668	20.0	10.713316917419434	6.515233993530273	13.0	-1.0	inf	27.333333333333332	inf	28.197633743286133	-1.0	inf	16.08156394958496	inf
135	2	7	0	27.333333333333332	24.666666666666668	7.254862308502197	7.219952583312988	34.0	inf	-1.0	inf	inf	5.805298328399658	inf	-1.0	inf	inf
136	2	7	1	27.333333333333332	24.666666666666668	7.254862308502197	7.219952583312988	inf	inf	18.666666666666668	16.333333333333332	15.0	inf	inf	24.12767219543457	34.158145904541016	36.74592590332031
137	2	7	2	27.333333333333332	24.666666666666668	7.254862308502197	7.219952583312988	inf	inf	23.0	38.333333333333336	inf	inf	inf	16.40467071533203	22.059537887573242	inf
138	2	7	3	27.333333333333332	24.666666666666668	7.254862308502197	7.219952583312988	-1.0	inf	-1.0	-1.0	-1.0	-1.0	inf	-1.0	-1.0	-1.0
139	2	7	4	27.333333333333332	24.666666666666668	7.254862308502197	7.219952583312988	inf	inf	34.0	inf	inf	inf	inf	11.128894805908203	inf	inf
140	2	8	0	20.0	21.0	6.515233993530273	7.547162055969238	inf	-1.0	33.0	inf	inf	inf	-1.0	7.050155162811279	inf	inf
141	2	8	1	20.0	21.0	6.515233993530273	7.547162055969238	inf	inf	-1.0	19.0	-1.0	inf	inf	-1.0	6.909633636474609	-1.0
142	2	8	2	20.0	21.0	6.515233993530273	7.547162055969238	inf	inf	inf	24.666666666666668	inf	inf	inf	inf	10.35186767578125	inf
143	2	8	3	20.0	21.0	6.515233993530273	7.547162055969238	inf	inf	-1.0	inf	18.666666666666668	inf	inf	-1.0	inf	5.710826873779297
144	2	8	4	20.0	21.0	6.515233993530273	7.547162055969238	inf	25.333333333333332	21.333333333333332	33.666666666666664	13.0	inf	23.458742141723633	19.750551223754883	7.480080604553223	23.386661529541016
145	2	9	0	20.0	33.666666666666664	6.515233993530273	7.480080604553223	inf	25.333333333333332	-1.0	inf	inf	inf	8.62474536895752	-1.0	inf	inf
146	2	9	1	20.0	33.666666666666664	6.515233993530273	7.480080604553223	inf	inf	inf	16.333333333333332	-1.0	inf	inf	inf	33.746803283691406	-1.0
147	2	9	2	20.0	33.666666666666664	6.515233993530273	7.480080604553223	inf	34.333333333333336	inf	inf	inf	inf	25.177940368652344	inf	inf	inf
148	2	9	3	20.0	33.666666666666664	6.515233993530273	7.480080604553223	inf	-1.0	-1.0	19.0	-1.0	inf	-1.0	-1.0	5.884684085845947	-1.0
149	2	9	4	20.0	33.666666666666664	6.515233993530273	7.480080604553223	inf	inf	13.0	inf	inf	inf	inf	24.613595962524414	inf	inf
