	reset_island_iter	improve_iter	island	program_1_hamming_score	program_2_hamming_score	program_1_neural_score	program_2_neural_score	output_program_1_hamming_score	output_program_2_hamming_score	output_program_3_hamming_score	output_program_4_hamming_score	output_program_5_hamming_score	output_program_1_neural_score	output_program_2_neural_score	output_program_3_neural_score	output_program_4_neural_score	output_program_5_neural_score
0	0	0	0	6.0	4.666666666666667	4.053976535797119	4.336638927459717	inf	inf	inf	3.3333333333333335	inf	inf	inf	inf	7.213125705718994	inf
1	0	0	1	6.0	4.666666666666667	4.053976535797119	4.336638927459717	inf	3.3333333333333335	6.333333333333333	inf	-1.0	inf	7.213125705718994	12.020661354064941	inf	-1.0
2	0	0	2	6.0	4.666666666666667	4.053976535797119	4.336638927459717	4.333333333333333	2.3333333333333335	3.6666666666666665	1.6666666666666667	2.3333333333333335	5.408821105957031	4.78980016708374	5.6268415451049805	3.668868064880371	3.9579355716705322
3	0	0	3	6.0	4.666666666666667	4.053976535797119	4.336638927459717	inf	inf	3.0	3.3333333333333335	3.6666666666666665	inf	inf	4.544030666351318	7.213125705718994	5.652643203735352
4	0	0	4	6.0	4.666666666666667	4.053976535797119	4.336638927459717	inf	inf	4.0	2.6666666666666665	4.0	inf	inf	10.739168167114258	3.3130598068237305	4.720499038696289
5	0	1	0	2.6666666666666665	4.666666666666667	3.3130598068237305	4.336638927459717	inf	-1.0	inf	4.666666666666667	inf	inf	-1.0	inf	7.992147445678711	inf
6	0	1	1	2.6666666666666665	4.666666666666667	3.3130598068237305	4.336638927459717	3.0	inf	-1.0	inf	21.333333333333332	6.17191743850708	inf	-1.0	inf	24.459583282470703
7	0	1	2	2.6666666666666665	4.666666666666667	3.3130598068237305	4.336638927459717	-1.0	inf	inf	3.6666666666666665	-1.0	-1.0	inf	inf	9.603103637695312	-1.0
8	0	1	3	2.6666666666666665	4.666666666666667	3.3130598068237305	4.336638927459717	4.333333333333333	3.0	3.3333333333333335	-1.0	-1.0	10.377419471740723	6.508584976196289	6.440596580505371	-1.0	-1.0
9	0	1	4	2.6666666666666665	4.666666666666667	3.3130598068237305	4.336638927459717	3.6666666666666665	3.3333333333333335	2.0	4.333333333333333	1.0	4.176209449768066	7.213125705718994	2.8246309757232666	6.613271236419678	1.9277849197387695
10	0	2	0	1.0	2.6666666666666665	1.9277849197387695	3.3130598068237305	inf	inf	inf	inf	3.6666666666666665	inf	inf	inf	inf	8.902512550354004
11	0	2	1	1.0	2.6666666666666665	1.9277849197387695	3.3130598068237305	inf	inf	-1.0	3.0	inf	inf	inf	-1.0	7.209361553192139	inf
12	0	2	2	1.0	2.6666666666666665	1.9277849197387695	3.3130598068237305	-1.0	inf	-1.0	inf	4.0	-1.0	inf	-1.0	inf	4.486257076263428
13	0	2	3	1.0	2.6666666666666665	1.9277849197387695	3.3130598068237305	-1.0	3.0	2.6666666666666665	-1.0	inf	-1.0	3.2898311614990234	3.038383960723877	-1.0	inf
14	0	2	4	1.0	2.6666666666666665	1.9277849197387695	3.3130598068237305	0.6666666666666666	4.0	2.3333333333333335	inf	0.0	1.948117971420288	5.673986911773682	5.074329853057861	inf	0.0
