	reset_island_iter	improve_iter	island	program_1_hamming_score	program_2_hamming_score	program_1_neural_score	program_2_neural_score	output_program_1_hamming_score	output_program_2_hamming_score	output_program_3_hamming_score	output_program_4_hamming_score	output_program_5_hamming_score	output_program_1_neural_score	output_program_2_neural_score	output_program_3_neural_score	output_program_4_neural_score	output_program_5_neural_score
0	0	0	0	0.07703703703703704	0.07407407407407407	11.598150253295898	11.732270240783691	inf	0.06222222222222223	0.06222222222222223	0.07111111111111111	inf	inf	20.47589683532715	16.572397232055664	14.920587539672852	inf
1	0	0	1	0.07703703703703704	0.07407407407407407	11.598150253295898	11.732270240783691	0.05777777777777778	0.05777777777777778	0.04148148148148148	0.06814814814814815	0.06814814814814815	16.01152992248535	15.738147735595703	30.17706298828125	15.842083930969238	20.269363403320312
2	0	0	2	0.07703703703703704	0.07407407407407407	11.598150253295898	11.732270240783691	0.04	0.0651851851851852	inf	-1.0	0.07555555555555556	9.010116577148438	11.474966049194336	inf	-1.0	11.625855445861816
3	0	0	3	0.07703703703703704	0.07407407407407407	11.598150253295898	11.732270240783691	0.04148148148148148	-1.0	-1.0	0.04148148148148148	0.07407407407407407	32.480674743652344	-1.0	-1.0	32.597511291503906	17.707656860351562
4	0	0	4	0.07703703703703704	0.07407407407407407	11.598150253295898	11.732270240783691	inf	0.05037037037037037	0.05037037037037037	inf	0.045925925925925926	inf	25.56339454650879	25.55400276184082	inf	25.90303611755371
5	0	1	0	0.07703703703703704	0.07407407407407407	11.598150253295898	11.732270240783691	0.04148148148148148	0.05925925925925926	0.05925925925925926	-1.0	0.05925925925925926	31.807785034179688	25.596094131469727	25.766441345214844	-1.0	26.553789138793945
6	0	1	1	0.07703703703703704	0.07407407407407407	11.598150253295898	11.732270240783691	0.0637037037037037	0.06222222222222223	0.06222222222222223	0.06074074074074074	inf	18.166128158569336	17.728248596191406	17.73288345336914	18.32004737854004	inf
7	0	1	2	0.07703703703703704	0.07407407407407407	11.598150253295898	11.732270240783691	inf	inf	0.09333333333333332	inf	-1.0	inf	inf	11.526798248291016	inf	-1.0
8	0	1	3	0.07703703703703704	0.07407407407407407	11.598150253295898	11.732270240783691	0.056296296296296296	0.054814814814814816	-1.0			17.211549758911133	15.358784675598145	-1.0		
9	0	1	4	0.07703703703703704	0.07407407407407407	11.598150253295898	11.732270240783691	inf	0.044444444444444446	0.04148148148148148	0.06962962962962964	0.0651851851851852	inf	27.572851181030273	30.00737762451172	17.227962493896484	18.173391342163086
10	0	2	0	0.07703703703703704	0.07407407407407407	11.598150253295898	11.732270240783691	0.04148148148148148	0.04148148148148148	0.07407407407407407	0.06962962962962964	-1.0	33.423404693603516	33.504817962646484	17.622180938720703	16.682823181152344	-1.0
11	0	2	1	0.07703703703703704	0.07407407407407407	11.598150253295898	11.732270240783691	inf	inf	-1.0	-1.0	-1.0	inf	inf	-1.0	-1.0	-1.0
12	0	2	2	0.07703703703703704	0.07407407407407407	11.598150253295898	11.732270240783691	inf	inf	0.07407407407407407	inf	inf	inf	inf	18.25873374938965	inf	inf
13	0	2	3	0.07703703703703704	0.07407407407407407	11.598150253295898	11.732270240783691	inf	0.07111111111111111	-1.0	0.07407407407407407	-1.0	inf	14.509223937988281	-1.0	14.80180835723877	-1.0
14	0	2	4	0.07703703703703704	0.07407407407407407	11.598150253295898	11.732270240783691	inf	inf	inf	inf	inf	inf	inf	inf	inf	inf
15	0	3	0	0.07703703703703704	0.07407407407407407	11.598150253295898	11.732270240783691	0.08740740740740742	inf	0.07555555555555556	0.05185185185185185	0.035555555555555556	23.216449737548828	inf	13.789770126342773	18.278827667236328	17.645421981811523
16	0	3	1	0.07703703703703704	0.07407407407407407	11.598150253295898	11.732270240783691	0.05333333333333334	0.05333333333333334	0.056296296296296296	inf	0.04296296296296296	18.169239044189453	18.390913009643555	17.635700225830078	inf	20.596208572387695
17	0	3	2	0.07703703703703704	0.07407407407407407	11.598150253295898	11.732270240783691	inf	0.035555555555555556	inf	inf	-1.0	inf	29.1352481842041	inf	inf	-1.0
18	0	3	3	0.07703703703703704	0.07407407407407407	11.598150253295898	11.732270240783691	0.05925925925925926	0.04296296296296296	0.05925925925925926	inf	inf	25.592870712280273	31.374502182006836	25.596094131469727	inf	inf
19	0	3	4	0.07703703703703704	0.07407407407407407	11.598150253295898	11.732270240783691	inf	inf	inf	inf	inf	inf	inf	inf	inf	inf
20	0	4	0	0.07703703703703704	0.07407407407407407	11.598150253295898	11.732270240783691	0.056296296296296296	0.037037037037037035	0.03407407407407407	0.038518518518518514	inf	9.710077285766602	5.5879807472229	5.467913627624512	6.225196361541748	inf
21	0	4	1	0.07703703703703704	0.07407407407407407	11.598150253295898	11.732270240783691	inf	0.06074074074074074	0.04148148148148148	-1.0	0.06666666666666667	inf	16.630645751953125	31.853899002075195	-1.0	16.04227066040039
22	0	4	2	0.07703703703703704	0.07407407407407407	11.598150253295898	11.732270240783691	inf	inf	inf	0.05925925925925926	inf	inf	inf	inf	17.195627212524414	inf
23	0	4	3	0.07703703703703704	0.07407407407407407	11.598150253295898	11.732270240783691	-1.0	inf	-1.0	0.3333333333333333	-1.0	-1.0	inf	-1.0	101.61186218261719	-1.0
24	0	4	4	0.07703703703703704	0.07407407407407407	11.598150253295898	11.732270240783691	inf	inf	inf	inf	inf	inf	inf	inf	inf	inf
25	0	5	0	0.07407407407407407	0.07703703703703704	11.732270240783691	11.598150253295898	-1.0	-1.0	0.038518518518518514	inf	inf	-1.0	-1.0	5.944499492645264	inf	inf
26	0	5	1	0.07407407407407407	0.07703703703703704	11.732270240783691	11.598150253295898	0.047407407407407405	inf	inf	inf	inf	13.83972454071045	inf	inf	inf	inf
27	0	5	2	0.07407407407407407	0.07703703703703704	11.732270240783691	11.598150253295898	inf	0.05925925925925926	inf	-1.0	0.06074074074074074	inf	19.049392700195312	inf	-1.0	18.475496292114258
28	0	5	3	0.07407407407407407	0.07703703703703704	11.732270240783691	11.598150253295898	inf	inf	inf	inf	inf	inf	inf	inf	inf	inf
29	0	5	4	0.07407407407407407	0.07703703703703704	11.732270240783691	11.598150253295898	0.06962962962962964	inf	inf	inf	0.056296296296296296	16.609485626220703	inf	inf	inf	17.211549758911133
30	0	6	0	0.07407407407407407	0.07703703703703704	11.732270240783691	11.598150253295898	0.038518518518518514	inf	inf	0.04	0.044444444444444446	7.841683864593506	inf	inf	6.893454074859619	20.942604064941406
31	0	6	1	0.07407407407407407	0.07703703703703704	11.732270240783691	11.598150253295898	inf	inf	inf	inf	inf	inf	inf	inf	inf	inf
32	0	6	2	0.07407407407407407	0.07703703703703704	11.732270240783691	11.598150253295898	inf	inf	inf	inf	inf	inf	inf	inf	inf	inf
33	0	6	3	0.07407407407407407	0.07703703703703704	11.732270240783691	11.598150253295898	0.05925925925925926	0.05925925925925926	0.05925925925925926	inf	inf	26.472217559814453	26.46743392944336	26.5131778717041	inf	inf
34	0	6	4	0.07407407407407407	0.07703703703703704	11.732270240783691	11.598150253295898	inf	inf	inf	inf	inf	inf	inf	inf	inf	inf
35	0	7	0	0.07703703703703704	0.07407407407407407	11.598150253295898	11.732270240783691	0.038518518518518514	-1.0	-1.0	-1.0	inf	7.101872444152832	-1.0	-1.0	-1.0	inf
36	0	7	1	0.07703703703703704	0.07407407407407407	11.598150253295898	11.732270240783691	inf	inf	0.056296296296296296	inf	inf	inf	inf	16.715017318725586	inf	inf
37	0	7	2	0.07703703703703704	0.07407407407407407	11.598150253295898	11.732270240783691	inf	inf	inf	inf	inf	inf	inf	inf	inf	inf
38	0	7	3	0.07703703703703704	0.07407407407407407	11.598150253295898	11.732270240783691	0.06222222222222223	0.06222222222222223	inf	0.06518518518518518	-1.0	20.596050262451172	16.572397232055664	inf	21.617412567138672	-1.0
39	0	7	4	0.07703703703703704	0.07407407407407407	11.598150253295898	11.732270240783691	inf	0.0651851851851852	inf	inf	inf	inf	15.747457504272461	inf	inf	inf
40	0	8	0	0.07703703703703704	0.07407407407407407	11.598150253295898	11.732270240783691	0.03259259259259259	0.037037037037037035	-1.0	0.037037037037037035	-1.0	7.30256986618042	6.50446081161499	-1.0	7.326889991760254	-1.0
41	0	8	1	0.07703703703703704	0.07407407407407407	11.598150253295898	11.732270240783691	inf	0.02962962962962963	0.056296296296296296	-1.0	inf	inf	5.6659932136535645	16.03096580505371	-1.0	inf
42	0	8	2	0.07703703703703704	0.07407407407407407	11.598150253295898	11.732270240783691	inf	inf	inf	inf	inf	inf	inf	inf	inf	inf
43	0	8	3	0.07703703703703704	0.07407407407407407	11.598150253295898	11.732270240783691	inf	0.07111111111111111	0.037037037037037035	inf	0.0637037037037037	inf	14.920587539672852	35.72529220581055	inf	19.141921997070312
44	0	8	4	0.07703703703703704	0.07407407407407407	11.598150253295898	11.732270240783691	0.06962962962962964	-1.0	-1.0	inf	-1.0	17.162437438964844	-1.0	-1.0	inf	-1.0
45	0	9	0	0.07703703703703704	0.07407407407407407	11.598150253295898	11.732270240783691	0.037037037037037035	-1.0	-1.0	-1.0	-1.0	29.15854263305664	-1.0	-1.0	-1.0	-1.0
46	0	9	1	0.07703703703703704	0.07407407407407407	11.598150253295898	11.732270240783691	inf	0.04888888888888889	0.05333333333333334	inf	inf	inf	19.797714233398438	17.92601776123047	inf	inf
47	0	9	2	0.07703703703703704	0.07407407407407407	11.598150253295898	11.732270240783691	inf	inf	inf	inf	inf	inf	inf	inf	inf	inf
48	0	9	3	0.07703703703703704	0.07407407407407407	11.598150253295898	11.732270240783691	inf	inf	inf	0.07111111111111111	-1.0	inf	inf	inf	16.583253860473633	-1.0
49	0	9	4	0.07703703703703704	0.07407407407407407	11.598150253295898	11.732270240783691	inf	0.06074074074074074	0.07777777777777778	0.054814814814814816	0.07653061224489797	inf	18.1663818359375	25.05816078186035	17.16820526123047	19.70240592956543
50	1	0	0	0.037037037037037035	0.03259259259259259	7.326889991760254	7.30256986618042	-1.0	0.04	inf	-1.0	0.04148148148148148	-1.0	6.252063274383545	inf	-1.0	7.551911354064941
51	1	0	1	0.037037037037037035	0.03259259259259259	7.326889991760254	7.30256986618042	inf	0.04888888888888889	0.035555555555555556	inf	-1.0	inf	7.373167037963867	9.049766540527344	inf	-1.0
52	1	0	2	0.037037037037037035	0.03259259259259259	7.326889991760254	7.30256986618042	inf	inf	0.044444444444444446	inf	inf	inf	inf	7.395127296447754	inf	inf
53	1	0	3	0.037037037037037035	0.03259259259259259	7.326889991760254	7.30256986618042	-1.0	0.038518518518518514	-1.0	-1.0	inf	-1.0	7.6907830238342285	-1.0	-1.0	inf
54	1	0	4	0.037037037037037035	0.03259259259259259	7.326889991760254	7.30256986618042	-1.0	0.03407407407407407	-1.0	inf	-1.0	-1.0	6.206501007080078	-1.0	inf	-1.0
55	1	1	0	0.03407407407407407	0.03259259259259259	6.206501007080078	7.30256986618042	0.04148148148148148	0.04888888888888889	0.04148148148148148	0.04148148148148148	0.044444444444444446	7.190549850463867	7.341657638549805	10.035673141479492	6.083276271820068	6.810629367828369
56	1	1	1	0.03407407407407407	0.03259259259259259	6.206501007080078	7.30256986618042	0.04148148148148148	-1.0	0.05333333333333334	0.05333333333333334	-1.0	8.795135498046875	-1.0	9.006111145019531	8.836487770080566	-1.0
57	1	1	2	0.03407407407407407	0.03259259259259259	6.206501007080078	7.30256986618042	0.037037037037037035	0.037037037037037035	0.06666666666666667	inf	0.047407407407407405	5.955285549163818	6.700232982635498	13.161212921142578	inf	11.650642395019531
58	1	1	3	0.03407407407407407	0.03259259259259259	6.206501007080078	7.30256986618042	-1.0	-1.0	-1.0	0.038518518518518514	inf	-1.0	-1.0	-1.0	7.841683864593506	inf
59	1	1	4	0.03407407407407407	0.03259259259259259	6.206501007080078	7.30256986618042	-1.0	inf	0.034074074074074076	0.031111111111111107	0.38222222222222224	-1.0	inf	27.430139541625977	14.810162544250488	45.753536224365234
60	1	2	0	0.03407407407407407	0.03259259259259259	6.206501007080078	7.30256986618042	0.06074074074074074	-1.0	inf	-1.0	inf	18.1663818359375	-1.0	inf	-1.0	inf
61	1	2	1	0.03407407407407407	0.03259259259259259	6.206501007080078	7.30256986618042	0.017777777777777778	-1.0	-1.0	inf	-1.0	4.634464263916016	-1.0	-1.0	inf	-1.0
62	1	2	2	0.03407407407407407	0.03259259259259259	6.206501007080078	7.30256986618042	0.03407407407407407	0.03407407407407407	0.037037037037037035	-1.0	-1.0	19.101806640625	19.84505271911621	13.067983627319336	-1.0	-1.0
63	1	2	3	0.03407407407407407	0.03259259259259259	6.206501007080078	7.30256986618042	-1.0	-1.0	0.04148148148148148	inf	-1.0	-1.0	-1.0	7.551911354064941	inf	-1.0
64	1	2	4	0.03407407407407407	0.03259259259259259	6.206501007080078	7.30256986618042	-1.0	0.038518518518518514	-1.0	-1.0	0.035555555555555556	-1.0	7.8361029624938965	-1.0	-1.0	6.79145622253418
65	1	3	0	0.03259259259259259	0.038518518518518514	7.30256986618042	7.8361029624938965	0.03407407407407407	0.054814814814814816	0.04	-1.0	0.038518518518518514	6.206501007080078	20.358787536621094	22.101577758789062	-1.0	7.101872444152832
66	1	3	1	0.03259259259259259	0.038518518518518514	7.30256986618042	7.8361029624938965	0.04148148148148148	0.031111111111111114	inf	0.05777777777777778	-1.0	14.088621139526367	4.047334671020508	inf	11.029294967651367	-1.0
67	1	3	2	0.03259259259259259	0.038518518518518514	7.30256986618042	7.8361029624938965	0.04148148148148148	0.037037037037037035	0.05185185185185185	-1.0	0.044444444444444446	7.775631427764893	7.043685436248779	10.150038719177246	-1.0	7.581288814544678
68	1	3	3	0.03259259259259259	0.038518518518518514	7.30256986618042	7.8361029624938965	0.035555555555555556	0.03259259259259259	-1.0	-1.0	-1.0	7.346261024475098	13.982234954833984	-1.0	-1.0	-1.0
69	1	3	4	0.03259259259259259	0.038518518518518514	7.30256986618042	7.8361029624938965	0.037037037037037035	-1.0	0.05777777777777778	inf	-1.0	6.50446081161499	-1.0	9.200090408325195	inf	-1.0
70	1	4	0	0.037037037037037035	0.03407407407407407	7.326889991760254	6.206501007080078	inf	0.02962962962962963	inf	inf	inf	inf	25.565521240234375	inf	inf	inf
71	1	4	1	0.037037037037037035	0.03407407407407407	7.326889991760254	6.206501007080078	-1.0	-1.0	inf	-1.0	inf	-1.0	-1.0	inf	-1.0	inf
72	1	4	2	0.037037037037037035	0.03407407407407407	7.326889991760254	6.206501007080078	inf	0.04296296296296296	0.04	0.04148148148148148	0.04148148148148148	inf	6.574522018432617	5.7418084144592285	11.19587516784668	6.141812801361084
73	1	4	3	0.037037037037037035	0.03407407407407407	7.326889991760254	6.206501007080078	0.06074074074074074	-1.0	-1.0	-1.0	0.035555555555555556	20.480117797851562	-1.0	-1.0	-1.0	7.692367076873779
74	1	4	4	0.037037037037037035	0.03407407407407407	7.326889991760254	6.206501007080078	-1.0	-1.0	-1.0	-1.0	-1.0	-1.0	-1.0	-1.0	-1.0	-1.0
75	1	5	0	0.05777777777777778	0.038518518518518514	9.200090408325195	7.8361029624938965	-1.0	inf	0.035555555555555556	inf	0.03703703703703704	-1.0	inf	5.296567440032959	inf	22.074169158935547
76	1	5	1	0.05777777777777778	0.038518518518518514	9.200090408325195	7.8361029624938965	-1.0	0.014814814814814815	-1.0	-1.0	-1.0	-1.0	3.2397592067718506	-1.0	-1.0	-1.0
77	1	5	2	0.05777777777777778	0.038518518518518514	9.200090408325195	7.8361029624938965	0.037037037037037035	-1.0	-1.0	-1.0	-1.0	5.5879807472229	-1.0	-1.0	-1.0	-1.0
78	1	5	3	0.05777777777777778	0.038518518518518514	9.200090408325195	7.8361029624938965	-1.0	inf	-1.0	-1.0	-1.0	-1.0	inf	-1.0	-1.0	-1.0
79	1	5	4	0.05777777777777778	0.038518518518518514	9.200090408325195	7.8361029624938965	-1.0	inf	-1.0	inf	inf	-1.0	inf	-1.0	inf	inf
80	1	6	0	0.03259259259259259	0.03407407407407407	7.30256986618042	6.206501007080078	-1.0	inf	inf	-1.0	0.056296296296296296	-1.0	inf	inf	-1.0	17.211549758911133
81	1	6	1	0.03259259259259259	0.03407407407407407	7.30256986618042	6.206501007080078	0.017777777777777778	0.014814814814814815	0.02666666666666667	0.04148148148148148	inf	4.671010971069336	4.051706314086914	4.4331512451171875	12.579678535461426	inf
82	1	6	2	0.03259259259259259	0.03407407407407407	7.30256986618042	6.206501007080078	0.03259259259259259	0.03259259259259259	0.035555555555555556	inf	0.04296296296296296	6.715681076049805	6.120073318481445	6.699150085449219	inf	7.366206169128418
83	1	6	3	0.03259259259259259	0.03407407407407407	7.30256986618042	6.206501007080078	-1.0	inf	-1.0	-1.0	0.05777777777777778	-1.0	inf	-1.0	-1.0	11.4967041015625
84	1	6	4	0.03259259259259259	0.03407407407407407	7.30256986618042	6.206501007080078	-1.0	inf	0.031111111111111107	inf	inf	-1.0	inf	13.993034362792969	inf	inf
85	1	7	0	0.03407407407407407	0.037037037037037035	6.206501007080078	6.50446081161499	0.04296296296296296	inf	inf	0.04	inf	17.809656143188477	inf	inf	20.692153930664062	inf
86	1	7	1	0.03407407407407407	0.037037037037037035	6.206501007080078	6.50446081161499	inf	inf	inf	inf	inf	inf	inf	inf	inf	inf
87	1	7	2	0.03407407407407407	0.037037037037037035	6.206501007080078	6.50446081161499	0.037037037037037035	-1.0	0.038518518518518514	0.038518518518518514	-1.0	6.2941131591796875	-1.0	6.317729473114014	6.777878284454346	-1.0
88	1	7	3	0.03407407407407407	0.037037037037037035	6.206501007080078	6.50446081161499	inf	0.04888888888888889	0.04148148148148148	0.047407407407407405	-1.0	inf	13.388315200805664	7.146126747131348	24.058834075927734	-1.0
89	1	7	4	0.03407407407407407	0.037037037037037035	6.206501007080078	6.50446081161499	-1.0	inf	-1.0	-1.0	inf	-1.0	inf	-1.0	-1.0	inf
90	1	8	0	0.03407407407407407	0.035555555555555556	6.206501007080078	6.79145622253418	0.028148148148148148	-1.0	inf	inf	inf	27.038259506225586	-1.0	inf	inf	inf
91	1	8	1	0.03407407407407407	0.035555555555555556	6.206501007080078	6.79145622253418	inf	inf	inf	inf	inf	inf	inf	inf	inf	inf
92	1	8	2	0.03407407407407407	0.035555555555555556	6.206501007080078	6.79145622253418	0.05037037037037037	-1.0	0.04	0.05185185185185185	-1.0	14.005692481994629	-1.0	5.4265055656433105	14.114946365356445	-1.0
93	1	8	3	0.03407407407407407	0.035555555555555556	6.206501007080078	6.79145622253418	-1.0	inf	-1.0	-1.0	-1.0	-1.0	inf	-1.0	-1.0	-1.0
94	1	8	4	0.03407407407407407	0.035555555555555556	6.206501007080078	6.79145622253418	-1.0	inf	-1.0	inf	-1.0	-1.0	inf	-1.0	inf	-1.0
95	1	9	0	0.03407407407407407	0.037037037037037035	6.206501007080078	6.50446081161499	0.02962962962962963	-1.0	-1.0	0.06074074074074074	0.031111111111111114	26.045169830322266	-1.0	-1.0	17.271469116210938	21.72073745727539
96	1	9	1	0.03407407407407407	0.037037037037037035	6.206501007080078	6.50446081161499	inf	inf	inf	inf	inf	inf	inf	inf	inf	inf
97	1	9	2	0.03407407407407407	0.037037037037037035	6.206501007080078	6.50446081161499	0.038518518518518514	-1.0	inf	-1.0	-1.0	6.65988826751709	-1.0	inf	-1.0	-1.0
98	1	9	3	0.03407407407407407	0.037037037037037035	6.206501007080078	6.50446081161499	inf	-1.0	inf	inf	-1.0	inf	-1.0	inf	inf	-1.0
99	1	9	4	0.03407407407407407	0.037037037037037035	6.206501007080078	6.50446081161499	-1.0	0.035555555555555556	inf	inf	-1.0	-1.0	5.98721170425415	inf	inf	-1.0
100	2	0	0	0.04	0.04	5.4265055656433105	5.4265055656433105	0.04296296296296296	inf	inf	inf	-1.0	28.13382339477539	inf	inf	inf	-1.0
101	2	0	1	0.04	0.04	5.4265055656433105	5.4265055656433105	inf	inf	inf	inf	inf	inf	inf	inf	inf	inf
102	2	0	2	0.04	0.04	5.4265055656433105	5.4265055656433105	inf	inf	inf	0.04296296296296296	inf	inf	inf	inf	7.942912578582764	inf
103	2	0	3	0.04	0.04	5.4265055656433105	5.4265055656433105	0.05185185185185185	inf				6.283444881439209	inf			
104	2	0	4	0.04	0.04	5.4265055656433105	5.4265055656433105	0.04888888888888889	0.05037037037037037	-1.0	0.04888888888888889	0.04888888888888889	10.074662208557129	11.179014205932617	-1.0	8.863789558410645	9.534439086914062
105	2	1	0	0.04	0.04888888888888889	5.4265055656433105	8.863789558410645	inf	0.045925925925925926	inf	0.037037037037037035	inf	inf	6.458118915557861	inf	35.72529220581055	inf
106	2	1	1	0.04	0.04888888888888889	5.4265055656433105	8.863789558410645	inf	inf	0.04296296296296296	inf	0.047407407407407405	inf	inf	5.719420909881592	inf	7.752880096435547
107	2	1	2	0.04	0.04888888888888889	5.4265055656433105	8.863789558410645	inf	0.04148148148148148	inf	inf	inf	inf	10.495697975158691	inf	inf	inf
108	2	1	3	0.04	0.04888888888888889	5.4265055656433105	8.863789558410645	0.044444444444444446	0.04888888888888889	0.047407407407407405	0.044444444444444446	0.05037037037037037	5.947109222412109	8.46964168548584	10.762126922607422	6.724113941192627	8.592596054077148
109	2	1	4	0.04	0.04888888888888889	5.4265055656433105	8.863789558410645	0.04296296296296296	0.06518518518518518	0.06518518518518518	0.04148148148148148	0.06666666666666667	5.686445713043213	17.314041137695312	18.29747200012207	5.8959126472473145	17.788780212402344
110	2	2	0	0.04	0.04	5.4265055656433105	5.4265055656433105	inf	inf	-1.0	-1.0	0.04	inf	inf	-1.0	-1.0	5.4265055656433105
111	2	2	1	0.04	0.04	5.4265055656433105	5.4265055656433105	inf	0.047407407407407405	0.047407407407407405	0.044444444444444446	0.04296296296296296	inf	8.286161422729492	7.353359222412109	5.41355562210083	5.5525407791137695
112	2	2	2	0.04	0.04	5.4265055656433105	5.4265055656433105	0.04	-1.0	inf	-1.0	-1.0	8.71874713897705	-1.0	inf	-1.0	-1.0
113	2	2	3	0.04	0.04	5.4265055656433105	5.4265055656433105	inf	0.05629629629629629	0.062222222222222213	0.045925925925925926	-1.0	inf	14.066662788391113	12.84630298614502	7.833514213562012	-1.0
114	2	2	4	0.04	0.04	5.4265055656433105	5.4265055656433105	0.04	-1.0	0.038518518518518514	-1.0	-1.0	10.467141151428223	-1.0	9.566325187683105	-1.0	-1.0
115	2	3	0	0.04296296296296296	0.04	5.686445713043213	5.4265055656433105	inf	-1.0	-1.0	-1.0	-1.0	inf	-1.0	-1.0	-1.0	-1.0
116	2	3	1	0.04296296296296296	0.04	5.686445713043213	5.4265055656433105	inf	inf	inf	-1.0	0.047407407407407405	inf	inf	inf	-1.0	14.928794860839844
117	2	3	2	0.04296296296296296	0.04	5.686445713043213	5.4265055656433105	inf	inf	-1.0	inf	inf	inf	inf	-1.0	inf	inf
118	2	3	3	0.04296296296296296	0.04	5.686445713043213	5.4265055656433105	0.04	0.037037037037037035	0.047407407407407405	0.037037037037037035	0.05037037037037037	6.044690132141113	6.051821231842041	10.846845626831055	20.53714370727539	10.602431297302246
119	2	3	4	0.04296296296296296	0.04	5.686445713043213	5.4265055656433105	0.06962962962962964	0.04296296296296296	inf	0.047407407407407405	0.047407407407407405	20.782625198364258	7.266514778137207	inf	8.679558753967285	10.744688987731934
120	2	4	0	0.04	0.04	5.4265055656433105	5.4265055656433105	inf	inf	-1.0	-1.0	-1.0	inf	inf	-1.0	-1.0	-1.0
121	2	4	1	0.04	0.04	5.4265055656433105	5.4265055656433105	inf	0.044444444444444446	-1.0	inf	inf	inf	18.003856658935547	-1.0	inf	inf
122	2	4	2	0.04	0.04	5.4265055656433105	5.4265055656433105	inf	inf	inf	inf	inf	inf	inf	inf	inf	inf
123	2	4	3	0.04	0.04	5.4265055656433105	5.4265055656433105	0.038518518518518514	0.04	inf	inf	0.04148148148148148	12.944975852966309	6.986966133117676	inf	inf	5.657429218292236
124	2	4	4	0.04	0.04	5.4265055656433105	5.4265055656433105	0.04888888888888889	0.045925925925925926	0.047407407407407405	-1.0	0.038518518518518514	8.533974647521973	8.387704849243164	8.125359535217285	-1.0	6.962414264678955
125	2	5	0	0.04296296296296296	0.04	5.686445713043213	5.4265055656433105	inf	inf	-1.0	-1.0	-1.0	inf	inf	-1.0	-1.0	-1.0
126	2	5	1	0.04296296296296296	0.04	5.686445713043213	5.4265055656433105	inf	inf	inf	inf	inf	inf	inf	inf	inf	inf
127	2	5	2	0.04296296296296296	0.04	5.686445713043213	5.4265055656433105	inf	inf	inf	inf	inf	inf	inf	inf	inf	inf
128	2	5	3	0.04296296296296296	0.04	5.686445713043213	5.4265055656433105	0.056296296296296296	inf	-1.0	0.04148148148148148	0.045925925925925926	13.952716827392578	inf	-1.0	8.499155044555664	7.230380535125732
129	2	5	4	0.04296296296296296	0.04	5.686445713043213	5.4265055656433105	0.11555555555555556	0.11555555555555556	0.11703703703703705	0.10666666666666667	-1.0	27.631967544555664	24.713356018066406	29.365633010864258	25.813919067382812	-1.0
130	2	6	0	0.04148148148148148	0.04	5.8959126472473145	5.4265055656433105	inf	inf	-1.0	-1.0	-1.0	inf	inf	-1.0	-1.0	-1.0
131	2	6	1	0.04148148148148148	0.04	5.8959126472473145	5.4265055656433105	inf	0.04148148148148148	0.044444444444444446	-1.0	inf	inf	22.410648345947266	7.257168769836426	-1.0	inf
132	2	6	2	0.04148148148148148	0.04	5.8959126472473145	5.4265055656433105	inf	0.04296296296296296	inf	inf	inf	inf	8.43547248840332	inf	inf	inf
133	2	6	3	0.04148148148148148	0.04	5.8959126472473145	5.4265055656433105	inf	inf	inf	0.056296296296296296	inf	inf	inf	inf	13.821488380432129	inf
134	2	6	4	0.04148148148148148	0.04	5.8959126472473145	5.4265055656433105	0.04148148148148148	0.04	-1.0	0.04	-1.0	5.81143856048584	5.784215927124023	-1.0	5.6998291015625	-1.0
135	2	7	0	0.04296296296296296	0.04	5.686445713043213	5.6998291015625	inf	0.06814814814814814	-1.0	-1.0	-1.0	inf	6.479482173919678	-1.0	-1.0	-1.0
136	2	7	1	0.04296296296296296	0.04	5.686445713043213	5.6998291015625	-1.0					-1.0				
137	2	7	2	0.04296296296296296	0.04	5.686445713043213	5.6998291015625	0.04296296296296296	inf	0.04148148148148148	inf	inf	6.177469730377197	inf	5.7077836990356445	inf	inf
138	2	7	3	0.04296296296296296	0.04	5.686445713043213	5.6998291015625	-1.0	inf	-1.0	-1.0	0.04148148148148148	-1.0	inf	-1.0	-1.0	5.234981536865234
139	2	7	4	0.04296296296296296	0.04	5.686445713043213	5.6998291015625	0.045925925925925926	0.044444444444444446	0.04296296296296296	0.04148148148148148	-1.0	7.407118797302246	6.0239787101745605	5.769766807556152	5.2897539138793945	-1.0
140	2	8	0	0.04148148148148148	0.04	5.2897539138793945	5.4265055656433105	inf					inf				
141	2	8	1	0.04148148148148148	0.04	5.2897539138793945	5.4265055656433105	0.04296296296296296	0.04148148148148148	0.04	0.04296296296296296	0.04148148148148148	5.832433700561523	5.362785339355469	5.3447675704956055	5.581303119659424	5.622285842895508
142	2	8	2	0.04148148148148148	0.04	5.2897539138793945	5.4265055656433105	inf	inf	inf	inf	inf	inf	inf	inf	inf	inf
143	2	8	3	0.04148148148148148	0.04	5.2897539138793945	5.4265055656433105	inf	0.037037037037037035	-1.0	inf	inf	inf	5.395986557006836	-1.0	inf	inf
144	2	8	4	0.04148148148148148	0.04	5.2897539138793945	5.4265055656433105	0.038518518518518514	0.05037037037037037	0.044444444444444446	0.05037037037037037	-1.0	5.691323280334473	6.4775710105896	5.2075629234313965	7.258803367614746	-1.0
145	2	9	0	0.04296296296296296	0.044444444444444446	5.686445713043213	6.0239787101745605	inf	0.044444444444444446	inf	inf	-1.0	inf	6.081858158111572	inf	inf	-1.0
146	2	9	1	0.04296296296296296	0.044444444444444446	5.686445713043213	6.0239787101745605	-1.0	-1.0	-1.0	-1.0	-1.0	-1.0	-1.0	-1.0	-1.0	-1.0
147	2	9	2	0.04296296296296296	0.044444444444444446	5.686445713043213	6.0239787101745605	inf	inf	inf	inf	inf	inf	inf	inf	inf	inf
148	2	9	3	0.04296296296296296	0.044444444444444446	5.686445713043213	6.0239787101745605	inf	inf	inf	inf	inf	inf	inf	inf	inf	inf
149	2	9	4	0.04296296296296296	0.044444444444444446	5.686445713043213	6.0239787101745605	0.044444444444444446	0.05185185185185185	0.05185185185185185	0.044444444444444446	-1.0	6.564726829528809	9.037778854370117	7.091012954711914	6.850444793701172	-1.0
