	reset_island_iter	improve_iter	island	program_1_hamming_score	program_2_hamming_score	program_1_neural_score	program_2_neural_score	output_program_1_hamming_score	output_program_2_hamming_score	output_program_3_hamming_score	output_program_4_hamming_score	output_program_5_hamming_score	output_program_1_neural_score	output_program_2_neural_score	output_program_3_neural_score	output_program_4_neural_score	output_program_5_neural_score
0	0	0	0	24.0	24.0	3.884535074234009	3.884535074234009	23.333333333333332	21.333333333333332	-1.0	25.333333333333332	inf	4.871346473693848	4.316336154937744	-1.0	4.736572265625	inf
1	0	0	1	24.0	24.0	3.884535074234009	3.884535074234009	21.333333333333332	-1.0				4.316336154937744	-1.0			
2	0	0	2	24.0	24.0	3.884535074234009	3.884535074234009	23.333333333333332	-1.0	-1.0	21.333333333333332	-1.0	4.871346473693848	-1.0	-1.0	4.316336154937744	-1.0
3	0	0	3	24.0	24.0	3.884535074234009	3.884535074234009	21.333333333333332	-1.0	-1.0	23.333333333333332	-1.0	4.316336154937744	-1.0	-1.0	4.871346473693848	-1.0
4	0	0	4	24.0	24.0	3.884535074234009	3.884535074234009	23.333333333333332	-1.0	-1.0	25.333333333333332	-1.0	4.871346473693848	-1.0	-1.0	4.534427165985107	-1.0
5	0	1	0	24.0	24.0	3.884535074234009	3.884535074234009	-1.0	-1.0	-1.0	-1.0	-1.0	-1.0	-1.0	-1.0	-1.0	-1.0
6	0	1	1	24.0	24.0	3.884535074234009	3.884535074234009	23.333333333333332	-1.0	-1.0	-1.0	-1.0	4.871346473693848	-1.0	-1.0	-1.0	-1.0
7	0	1	2	24.0	24.0	3.884535074234009	3.884535074234009	25.333333333333332	25.333333333333332	-1.0	-1.0	-1.0	4.736572265625	4.534427165985107	-1.0	-1.0	-1.0
8	0	1	3	24.0	24.0	3.884535074234009	3.884535074234009	19.333333333333332	-1.0	18.666666666666668	-1.0	-1.0	4.475606918334961	-1.0	4.290050506591797	-1.0	-1.0
9	0	1	4	24.0	24.0	3.884535074234009	3.884535074234009	-1.0	-1.0	-1.0			-1.0	-1.0	-1.0		
10	0	2	0	24.0	23.333333333333332	3.884535074234009	4.871346473693848	24.333333333333332	-1.0	23.333333333333332	23.666666666666668	-1.0	5.4540910720825195	-1.0	5.8385114669799805	5.906763553619385	-1.0
11	0	2	1	24.0	23.333333333333332	3.884535074234009	4.871346473693848	22.0	20.333333333333332	20.0	22.333333333333332	21.333333333333332	18.038799285888672	32.46058654785156	4.886279106140137	12.404309272766113	5.057775497436523
12	0	2	2	24.0	23.333333333333332	3.884535074234009	4.871346473693848	-1.0	-1.0	-1.0	-1.0	inf	-1.0	-1.0	-1.0	-1.0	inf
13	0	2	3	24.0	23.333333333333332	3.884535074234009	4.871346473693848	13.333333333333334	inf	-1.0	-1.0	-1.0	3.7982044219970703	inf	-1.0	-1.0	-1.0
14	0	2	4	24.0	23.333333333333332	3.884535074234009	4.871346473693848	-1.0					-1.0				
15	0	3	0	23.333333333333332	24.0	4.871346473693848	3.884535074234009	25.333333333333332	23.666666666666668	-1.0	-1.0	inf	6.588991641998291	6.072519302368164	-1.0	-1.0	inf
16	0	3	1	23.333333333333332	24.0	4.871346473693848	3.884535074234009	-1.0	-1.0	-1.0	25.333333333333332	inf	-1.0	-1.0	-1.0	4.534427165985107	inf
17	0	3	2	23.333333333333332	24.0	4.871346473693848	3.884535074234009	-1.0	-1.0	inf	0.0		-1.0	-1.0	inf	0.0	
