	reset_island_iter	improve_iter	island	program_1_hamming_score	program_2_hamming_score	program_1_neural_score	program_2_neural_score	output_program_1_hamming_score	output_program_2_hamming_score	output_program_3_hamming_score	output_program_4_hamming_score	output_program_5_hamming_score	output_program_1_neural_score	output_program_2_neural_score	output_program_3_neural_score	output_program_4_neural_score	output_program_5_neural_score
0	0	0	0	14.0	14.0	3.997621536254883	3.829855442047119	inf	inf	inf	inf	inf	inf	inf	inf	inf	inf
1	0	0	1	14.0	14.0	3.997621536254883	3.829855442047119	inf	inf	inf	inf	118.25	inf	inf	inf	inf	32.23358154296875
2	0	0	2	14.0	14.0	3.997621536254883	3.829855442047119	7.75	inf	inf	inf	inf	2.022606611251831	inf	inf	inf	inf
3	0	0	3	14.0	14.0	3.997621536254883	3.829855442047119	inf	8.25	9.25	-1.0	-1.0	inf	2.08437180519104	1.9595396518707275	-1.0	-1.0
4	0	0	4	14.0	14.0	3.997621536254883	3.829855442047119	7.75	8.25	-1.0	-1.0	-1.0	2.6935691833496094	2.5792131423950195	-1.0	-1.0	-1.0
5	0	1	0	7.75	8.25	2.6935691833496094	2.5792131423950195	inf	inf	inf	inf	inf	inf	inf	inf	inf	inf
6	0	1	1	7.75	8.25	2.6935691833496094	2.5792131423950195	inf	inf	211.5	3.0	2.0	inf	inf	24.326160430908203	1.1420520544052124	0.9746953248977661
7	0	1	2	7.75	8.25	2.6935691833496094	2.5792131423950195	9.25	inf	inf	inf	inf	2.018467426300049	inf	inf	inf	inf
8	0	1	3	7.75	8.25	2.6935691833496094	2.5792131423950195	inf	inf	inf	inf	inf	inf	inf	inf	inf	inf
9	0	1	4	7.75	8.25	2.6935691833496094	2.5792131423950195	14.0	10.5	inf			1.7264715433120728	1.9967283010482788	inf		
10	0	2	0	7.75	8.25	2.6935691833496094	2.5792131423950195	inf	inf	inf	inf	inf	inf	inf	inf	inf	inf
11	0	2	1	7.75	8.25	2.6935691833496094	2.5792131423950195	-1.0	-1.0	inf	-1.0	inf	-1.0	-1.0	inf	-1.0	inf
12	0	2	2	7.75	8.25	2.6935691833496094	2.5792131423950195	inf	inf	inf	9.25	inf	inf	inf	inf	2.103116035461426	inf
13	0	2	3	7.75	8.25	2.6935691833496094	2.5792131423950195	inf	inf	inf	7.5	inf	inf	inf	inf	2.8143231868743896	inf
14	0	2	4	7.75	8.25	2.6935691833496094	2.5792131423950195	inf	inf	inf	7.75	inf	inf	inf	inf	1.6005955934524536	inf
15	0	3	0	7.75	8.25	1.6005955934524536	2.5792131423950195	inf	inf	inf	inf	inf	inf	inf	inf	inf	inf
16	0	3	1	7.75	8.25	1.6005955934524536	2.5792131423950195	-1.0	-1.0	4.25	inf	inf	-1.0	-1.0	1.2933837175369263	inf	inf
17	0	3	2	7.75	8.25	1.6005955934524536	2.5792131423950195	inf	3.0	0.0			inf	1.0164687633514404	0.0		
