	reset_island_iter	improve_iter	island	program_1_hamming_score	program_2_hamming_score	program_1_neural_score	program_2_neural_score	output_program_1_hamming_score	output_program_2_hamming_score	output_program_3_hamming_score	output_program_4_hamming_score	output_program_5_hamming_score	output_program_1_neural_score	output_program_2_neural_score	output_program_3_neural_score	output_program_4_neural_score	output_program_5_neural_score
0	0	0	0	1.6666666666666667	1.6666666666666667	6.3212971687316895	6.3212971687316895	-1.0	-1.0	-1.0	-1.0	inf	-1.0	-1.0	-1.0	-1.0	inf
1	0	0	1	1.6666666666666667	1.6666666666666667	6.3212971687316895	6.3212971687316895	inf	3.6666666666666665	-1.0	-1.0	-1.0	inf	6.74968147277832	-1.0	-1.0	-1.0
2	0	0	2	1.6666666666666667	1.6666666666666667	6.3212971687316895	6.3212971687316895	8.666666666666666	inf	6.0	inf	4.666666666666667	16.167171478271484	inf	12.957486152648926	inf	8.743586540222168
3	0	0	3	1.6666666666666667	1.6666666666666667	6.3212971687316895	6.3212971687316895	2.6666666666666665	inf	2.6666666666666665	-1.0	inf	2.1430978775024414	inf	1.8178973197937012	-1.0	inf
4	0	0	4	1.6666666666666667	1.6666666666666667	6.3212971687316895	6.3212971687316895	4.333333333333333	4.666666666666667	-1.0	-1.0	-1.0	4.786250591278076	6.691204071044922	-1.0	-1.0	-1.0
5	0	1	0	1.6666666666666667	1.6666666666666667	6.3212971687316895	6.3212971687316895	inf	-1.0	-1.0	-1.0	-1.0	inf	-1.0	-1.0	-1.0	-1.0
6	0	1	1	1.6666666666666667	1.6666666666666667	6.3212971687316895	6.3212971687316895	4.333333333333333	-1.0	inf	-1.0	inf	3.572683095932007	-1.0	inf	-1.0	inf
7	0	1	2	1.6666666666666667	1.6666666666666667	6.3212971687316895	6.3212971687316895	inf	3.6666666666666665	inf	-1.0	4.666666666666667	inf	5.303943634033203	inf	-1.0	8.904308319091797
8	0	1	3	1.6666666666666667	1.6666666666666667	6.3212971687316895	6.3212971687316895	8.333333333333334	-1.0	-1.0	-1.0	-1.0	10.990041732788086	-1.0	-1.0	-1.0	-1.0
9	0	1	4	1.6666666666666667	1.6666666666666667	6.3212971687316895	6.3212971687316895	7.0	-1.0	-1.0	-1.0	-1.0	18.20989990234375	-1.0	-1.0	-1.0	-1.0
10	0	2	0	1.6666666666666667	1.6666666666666667	6.3212971687316895	6.3212971687316895	inf	-1.0	-1.0	-1.0	-1.0	inf	-1.0	-1.0	-1.0	-1.0
11	0	2	1	1.6666666666666667	1.6666666666666667	6.3212971687316895	6.3212971687316895	inf	7.0	4.333333333333333	inf	-1.0	inf	12.023011207580566	5.281364917755127	inf	-1.0
12	0	2	2	1.6666666666666667	1.6666666666666667	6.3212971687316895	6.3212971687316895	inf	-1.0	12.0	inf	-1.0	inf	-1.0	34.88671875	inf	-1.0
13	0	2	3	1.6666666666666667	1.6666666666666667	6.3212971687316895	6.3212971687316895	1.6666666666666667	-1.0	-1.0	-1.0	10.0	3.0836069583892822	-1.0	-1.0	-1.0	36.0919303894043
14	0	2	4	1.6666666666666667	1.6666666666666667	6.3212971687316895	6.3212971687316895	inf	inf	-1.0	inf	inf	inf	inf	-1.0	inf	inf
15	0	3	0	1.6666666666666667	1.6666666666666667	6.3212971687316895	6.3212971687316895	inf	5.666666666666667	-1.0	inf	inf	inf	10.893068313598633	-1.0	inf	inf
16	0	3	1	1.6666666666666667	1.6666666666666667	6.3212971687316895	6.3212971687316895	inf	inf	16.333333333333332	-1.0	inf	inf	inf	14.882229804992676	-1.0	inf
17	0	3	2	1.6666666666666667	1.6666666666666667	6.3212971687316895	6.3212971687316895	inf	-1.0	-1.0	-1.0	-1.0	inf	-1.0	-1.0	-1.0	-1.0
18	0	3	3	1.6666666666666667	1.6666666666666667	6.3212971687316895	6.3212971687316895	-1.0	3.0	2.3333333333333335	3.0	2.6666666666666665	-1.0	3.2465200424194336	1.8079519271850586	3.340456247329712	2.608325958251953
19	0	3	4	1.6666666666666667	1.6666666666666667	6.3212971687316895	6.3212971687316895	3.0	3.0	-1.0	3.6666666666666665	-1.0	6.180586338043213	5.166885852813721	-1.0	6.74968147277832	-1.0
20	0	4	0	1.6666666666666667	3.6666666666666665	6.3212971687316895	6.74968147277832	-1.0	2.6666666666666665	inf	-1.0	inf	-1.0	5.475551128387451	inf	-1.0	inf
21	0	4	1	1.6666666666666667	3.6666666666666665	6.3212971687316895	6.74968147277832	inf	inf	inf	inf	inf	inf	inf	inf	inf	inf
22	0	4	2	1.6666666666666667	3.6666666666666665	6.3212971687316895	6.74968147277832	inf	-1.0	-1.0	-1.0	-1.0	inf	-1.0	-1.0	-1.0	-1.0
23	0	4	3	1.6666666666666667	3.6666666666666665	6.3212971687316895	6.74968147277832	2.3333333333333335	-1.0	-1.0	-1.0	-1.0	2.375492572784424	-1.0	-1.0	-1.0	-1.0
24	0	4	4	1.6666666666666667	3.6666666666666665	6.3212971687316895	6.74968147277832	7.0	8.333333333333334	-1.0	8.333333333333334	13.333333333333334	11.457401275634766	14.364627838134766	-1.0	12.944355010986328	17.767444610595703
25	0	5	0	3.6666666666666665	1.6666666666666667	6.74968147277832	6.3212971687316895	-1.0	inf	inf	-1.0	-1.0	-1.0	inf	inf	-1.0	-1.0
26	0	5	1	3.6666666666666665	1.6666666666666667	6.74968147277832	6.3212971687316895	6.333333333333333	4.333333333333333	6.0	-1.0	6.666666666666667	14.788352012634277	5.462796211242676	13.239572525024414	-1.0	15.082168579101562
27	0	5	2	3.6666666666666665	1.6666666666666667	6.74968147277832	6.3212971687316895	inf	-1.0	inf	inf	-1.0	inf	-1.0	inf	inf	-1.0
28	0	5	3	3.6666666666666665	1.6666666666666667	6.74968147277832	6.3212971687316895	-1.0	-1.0	-1.0	-1.0	-1.0	-1.0	-1.0	-1.0	-1.0	-1.0
29	0	5	4	3.6666666666666665	1.6666666666666667	6.74968147277832	6.3212971687316895	inf	5.0	inf	inf	inf	inf	5.253438472747803	inf	inf	inf
30	0	6	0	4.333333333333333	3.0	4.786250591278076	6.180586338043213	3.6666666666666665	-1.0	5.0	-1.0	2.3333333333333335	2.453045129776001	-1.0	8.47265911102295	-1.0	1.939075231552124
31	0	6	1	4.333333333333333	3.0	4.786250591278076	6.180586338043213	inf	inf	4.333333333333333	-1.0	-1.0	inf	inf	4.7209391593933105	-1.0	-1.0
32	0	6	2	4.333333333333333	3.0	4.786250591278076	6.180586338043213	inf	inf	inf	inf	inf	inf	inf	inf	inf	inf
33	0	6	3	4.333333333333333	3.0	4.786250591278076	6.180586338043213	-1.0	2.0	-1.0	-1.0	-1.0	-1.0	2.8801519870758057	-1.0	-1.0	-1.0
34	0	6	4	4.333333333333333	3.0	4.786250591278076	6.180586338043213	5.0	inf	-1.0	3.3333333333333335	inf	4.583652019500732	inf	-1.0	6.2402262687683105	inf
35	0	7	0	3.0	3.3333333333333335	6.180586338043213	6.2402262687683105	5.0	-1.0	inf	inf	inf	5.253438472747803	-1.0	inf	inf	inf
36	0	7	1	3.0	3.3333333333333335	6.180586338043213	6.2402262687683105	inf	inf	inf	inf	inf	inf	inf	inf	inf	inf
37	0	7	2	3.0	3.3333333333333335	6.180586338043213	6.2402262687683105	inf	-1.0	3.6666666666666665	-1.0	-1.0	inf	-1.0	4.8115739822387695	-1.0	-1.0
38	0	7	3	3.0	3.3333333333333335	6.180586338043213	6.2402262687683105	2.3333333333333335	3.0	3.0	-1.0	3.0	2.38419508934021	2.3627431392669678	2.927294969558716	-1.0	2.62261700630188
39	0	7	4	3.0	3.3333333333333335	6.180586338043213	6.2402262687683105	inf	inf	13.333333333333334	-1.0	inf	inf	inf	32.97380447387695	-1.0	inf
40	0	8	0	1.6666666666666667	1.6666666666666667	6.3212971687316895	6.3212971687316895	-1.0	-1.0	inf	-1.0	-1.0	-1.0	-1.0	inf	-1.0	-1.0
41	0	8	1	1.6666666666666667	1.6666666666666667	6.3212971687316895	6.3212971687316895	inf	inf	-1.0	-1.0	inf	inf	inf	-1.0	-1.0	inf
42	0	8	2	1.6666666666666667	1.6666666666666667	6.3212971687316895	6.3212971687316895	inf	-1.0	-1.0	3.6666666666666665	-1.0	inf	-1.0	-1.0	5.597432613372803	-1.0
43	0	8	3	1.6666666666666667	1.6666666666666667	6.3212971687316895	6.3212971687316895	1.3333333333333333	3.0	-1.0	-1.0	-1.0	1.3493893146514893	2.388911247253418	-1.0	-1.0	-1.0
44	0	8	4	1.6666666666666667	1.6666666666666667	6.3212971687316895	6.3212971687316895	inf	inf	inf	-1.0	inf	inf	inf	inf	-1.0	inf
45	0	9	0	1.6666666666666667	3.0	6.3212971687316895	5.166885852813721	inf	inf	inf	inf	-1.0	inf	inf	inf	inf	-1.0
46	0	9	1	1.6666666666666667	3.0	6.3212971687316895	5.166885852813721	inf	inf	inf	inf	inf	inf	inf	inf	inf	inf
47	0	9	2	1.6666666666666667	3.0	6.3212971687316895	5.166885852813721	inf	inf	inf	-1.0	-1.0	inf	inf	inf	-1.0	-1.0
48	0	9	3	1.6666666666666667	3.0	6.3212971687316895	5.166885852813721	-1.0	-1.0	2.3333333333333335	-1.0	-1.0	-1.0	-1.0	1.5873265266418457	-1.0	-1.0
49	0	9	4	1.6666666666666667	3.0	6.3212971687316895	5.166885852813721	inf	inf	-1.0	-1.0	inf	inf	inf	-1.0	-1.0	inf
50	1	0	0	1.6666666666666667	1.6666666666666667	6.3212971687316895	6.3212971687316895	-1.0	2.3333333333333335	-1.0	-1.0	-1.0	-1.0	2.0903360843658447	-1.0	-1.0	-1.0
51	1	0	1	1.6666666666666667	1.6666666666666667	6.3212971687316895	6.3212971687316895	-1.0	2.3333333333333335	3.0	-1.0	3.0	-1.0	3.3110885620117188	3.340456247329712	-1.0	3.2465200424194336
52	1	0	2	1.6666666666666667	1.6666666666666667	6.3212971687316895	6.3212971687316895	inf	inf	4.333333333333333	6.666666666666667	4.333333333333333	inf	inf	4.7209391593933105	7.466974258422852	5.284114837646484
53	1	0	3	1.6666666666666667	1.6666666666666667	6.3212971687316895	6.3212971687316895	3.3333333333333335	inf	inf	-1.0	-1.0	4.971517086029053	inf	inf	-1.0	-1.0
54	1	0	4	1.6666666666666667	1.6666666666666667	6.3212971687316895	6.3212971687316895	4.333333333333333	-1.0	-1.0	10.0	inf	5.281364917755127	-1.0	-1.0	27.676525115966797	inf
55	1	1	0	1.6666666666666667	1.6666666666666667	6.3212971687316895	6.3212971687316895	-1.0	-1.0	-1.0	-1.0	-1.0	-1.0	-1.0	-1.0	-1.0	-1.0
56	1	1	1	1.6666666666666667	1.6666666666666667	6.3212971687316895	6.3212971687316895	5.0	4.333333333333333	inf	-1.0	5.0	5.253438472747803	5.64250373840332	inf	-1.0	6.74559211730957
57	1	1	2	1.6666666666666667	1.6666666666666667	6.3212971687316895	6.3212971687316895	-1.0	-1.0	inf	-1.0	inf	-1.0	-1.0	inf	-1.0	inf
58	1	1	3	1.6666666666666667	1.6666666666666667	6.3212971687316895	6.3212971687316895	inf	-1.0	inf	8.333333333333334	-1.0	inf	-1.0	inf	10.194511413574219	-1.0
59	1	1	4	1.6666666666666667	1.6666666666666667	6.3212971687316895	6.3212971687316895	-1.0	inf	inf	inf	4.333333333333333	-1.0	inf	inf	inf	7.587162971496582
60	1	2	0	1.6666666666666667	1.6666666666666667	6.3212971687316895	6.3212971687316895	3.6666666666666665	-1.0	-1.0	-1.0	-1.0	2.752535104751587	-1.0	-1.0	-1.0	-1.0
61	1	2	1	1.6666666666666667	1.6666666666666667	6.3212971687316895	6.3212971687316895	inf	inf	inf	inf	inf	inf	inf	inf	inf	inf
62	1	2	2	1.6666666666666667	1.6666666666666667	6.3212971687316895	6.3212971687316895	3.6666666666666665	inf	-1.0	4.333333333333333	inf	4.793045520782471	inf	-1.0	5.281364917755127	inf
63	1	2	3	1.6666666666666667	1.6666666666666667	6.3212971687316895	6.3212971687316895	inf	8.333333333333334	inf	inf	-1.0	inf	10.488216400146484	inf	inf	-1.0
64	1	2	4	1.6666666666666667	1.6666666666666667	6.3212971687316895	6.3212971687316895	inf	inf	inf	-1.0	inf	inf	inf	inf	-1.0	inf
65	1	3	0	1.6666666666666667	1.6666666666666667	6.3212971687316895	6.3212971687316895	-1.0	-1.0	-1.0	-1.0	-1.0	-1.0	-1.0	-1.0	-1.0	-1.0
66	1	3	1	1.6666666666666667	1.6666666666666667	6.3212971687316895	6.3212971687316895	inf	inf	inf	inf	inf	inf	inf	inf	inf	inf
67	1	3	2	1.6666666666666667	1.6666666666666667	6.3212971687316895	6.3212971687316895	inf	3.0	-1.0	inf	-1.0	inf	5.292090892791748	-1.0	inf	-1.0
68	1	3	3	1.6666666666666667	1.6666666666666667	6.3212971687316895	6.3212971687316895	inf	-1.0	inf	-1.0	inf	inf	-1.0	inf	-1.0	inf
69	1	3	4	1.6666666666666667	1.6666666666666667	6.3212971687316895	6.3212971687316895	inf	inf	3.6666666666666665	4.333333333333333	inf	inf	inf	4.793045520782471	4.7209391593933105	inf
70	1	4	0	1.6666666666666667	1.6666666666666667	6.3212971687316895	6.3212971687316895	-1.0	2.3333333333333335	-1.0	-1.0	-1.0	-1.0	2.0161964893341064	-1.0	-1.0	-1.0
71	1	4	1	1.6666666666666667	1.6666666666666667	6.3212971687316895	6.3212971687316895	inf	inf	-1.0	inf	inf	inf	inf	-1.0	inf	inf
72	1	4	2	1.6666666666666667	1.6666666666666667	6.3212971687316895	6.3212971687316895	5.666666666666667	-1.0	-1.0	inf	7.0	7.697693824768066	-1.0	-1.0	inf	12.023011207580566
73	1	4	3	1.6666666666666667	1.6666666666666667	6.3212971687316895	6.3212971687316895	inf	inf	inf	8.333333333333334	inf	inf	inf	inf	10.023782730102539	inf
74	1	4	4	1.6666666666666667	1.6666666666666667	6.3212971687316895	6.3212971687316895	inf	-1.0	inf	inf	inf	inf	-1.0	inf	inf	inf
75	1	5	0	1.6666666666666667	1.6666666666666667	6.3212971687316895	6.3212971687316895	2.3333333333333335	-1.0	-1.0	-1.0	-1.0	2.5856854915618896	-1.0	-1.0	-1.0	-1.0
76	1	5	1	1.6666666666666667	1.6666666666666667	6.3212971687316895	6.3212971687316895	inf	inf	inf	inf	-1.0	inf	inf	inf	inf	-1.0
77	1	5	2	1.6666666666666667	1.6666666666666667	6.3212971687316895	6.3212971687316895	-1.0	inf	3.6666666666666665	inf	4.333333333333333	-1.0	inf	4.713318824768066	inf	5.252317905426025
78	1	5	3	1.6666666666666667	1.6666666666666667	6.3212971687316895	6.3212971687316895	inf	inf	inf	inf	-1.0	inf	inf	inf	inf	-1.0
79	1	5	4	1.6666666666666667	1.6666666666666667	6.3212971687316895	6.3212971687316895	inf	-1.0	inf	inf	inf	inf	-1.0	inf	inf	inf
80	1	6	0	1.6666666666666667	1.6666666666666667	6.3212971687316895	6.3212971687316895	3.6666666666666665	-1.0	0.0	2.3333333333333335	inf	2.5190374851226807	-1.0	0.0	2.434103012084961	inf
81	1	6	1	1.6666666666666667	1.6666666666666667	6.3212971687316895	6.3212971687316895	inf	inf	inf	inf	inf	inf	inf	inf	inf	inf
82	1	6	2	1.6666666666666667	1.6666666666666667	6.3212971687316895	6.3212971687316895	inf	inf	inf	-1.0	-1.0	inf	inf	inf	-1.0	-1.0
83	1	6	3	1.6666666666666667	1.6666666666666667	6.3212971687316895	6.3212971687316895	-1.0	-1.0	-1.0	inf	-1.0	-1.0	-1.0	-1.0	inf	-1.0
84	1	6	4	1.6666666666666667	1.6666666666666667	6.3212971687316895	6.3212971687316895	inf	inf	inf	-1.0	-1.0	inf	inf	inf	-1.0	-1.0
85	1	7	0	1.6666666666666667	1.6666666666666667	6.3212971687316895	6.3212971687316895	-1.0	-1.0	inf	2.0	11.333333333333334	-1.0	-1.0	inf	3.09981632232666	26.544191360473633
86	1	7	1	1.6666666666666667	1.6666666666666667	6.3212971687316895	6.3212971687316895	inf	inf	inf	inf	inf	inf	inf	inf	inf	inf
87	1	7	2	1.6666666666666667	1.6666666666666667	6.3212971687316895	6.3212971687316895	inf	inf	2.3333333333333335	inf	inf	inf	inf	4.82867956161499	inf	inf
88	1	7	3	1.6666666666666667	1.6666666666666667	6.3212971687316895	6.3212971687316895	1.6666666666666667	4.333333333333333	inf	-1.0	2.6666666666666665	1.6544430255889893	4.778379917144775	inf	-1.0	3.2185490131378174
89	1	7	4	1.6666666666666667	1.6666666666666667	6.3212971687316895	6.3212971687316895	inf	inf	inf	-1.0	-1.0	inf	inf	inf	-1.0	-1.0
90	1	8	0	1.6666666666666667	1.6666666666666667	6.3212971687316895	6.3212971687316895	-1.0	-1.0	inf	-1.0	6.666666666666667	-1.0	-1.0	inf	-1.0	8.978829383850098
91	1	8	1	1.6666666666666667	1.6666666666666667	6.3212971687316895	6.3212971687316895	inf	inf	-1.0	inf	inf	inf	inf	-1.0	inf	inf
92	1	8	2	1.6666666666666667	1.6666666666666667	6.3212971687316895	6.3212971687316895	inf	-1.0	inf	-1.0	inf	inf	-1.0	inf	-1.0	inf
93	1	8	3	1.6666666666666667	1.6666666666666667	6.3212971687316895	6.3212971687316895	-1.0	3.0	inf	3.0	-1.0	-1.0	2.1965725421905518	inf	5.823927879333496	-1.0
94	1	8	4	1.6666666666666667	1.6666666666666667	6.3212971687316895	6.3212971687316895	inf	inf	inf	inf	inf	inf	inf	inf	inf	inf
95	1	9	0	3.6666666666666665	1.6666666666666667	4.793045520782471	6.3212971687316895	inf	-1.0	8.333333333333334	8.333333333333334	-1.0	inf	-1.0	12.909771919250488	10.514382362365723	-1.0
96	1	9	1	3.6666666666666665	1.6666666666666667	4.793045520782471	6.3212971687316895	inf	-1.0	inf	-1.0	-1.0	inf	-1.0	inf	-1.0	-1.0
97	1	9	2	3.6666666666666665	1.6666666666666667	4.793045520782471	6.3212971687316895	-1.0	-1.0	-1.0	inf	-1.0	-1.0	-1.0	-1.0	inf	-1.0
98	1	9	3	3.6666666666666665	1.6666666666666667	4.793045520782471	6.3212971687316895	-1.0	-1.0	-1.0	inf	-1.0	-1.0	-1.0	-1.0	inf	-1.0
99	1	9	4	3.6666666666666665	1.6666666666666667	4.793045520782471	6.3212971687316895	inf	-1.0	-1.0	3.6666666666666665	-1.0	inf	-1.0	-1.0	5.348108291625977	-1.0
100	2	0	0	1.6666666666666667	1.6666666666666667	6.3212971687316895	6.3212971687316895	3.0	3.0	-1.0	3.0	-1.0	2.391188383102417	2.240506410598755	-1.0	3.340456247329712	-1.0
101	2	0	1	1.6666666666666667	1.6666666666666667	6.3212971687316895	6.3212971687316895	-1.0	2.6666666666666665	0.6666666666666666	-1.0	3.0	-1.0	4.898824691772461	1.0907323360443115	-1.0	2.388911247253418
102	2	0	2	1.6666666666666667	1.6666666666666667	6.3212971687316895	6.3212971687316895	-1.0	2.3333333333333335	2.3333333333333335	3.0	-1.0	-1.0	1.5873265266418457	1.8079519271850586	3.340456247329712	-1.0
103	2	0	3	1.6666666666666667	1.6666666666666667	6.3212971687316895	6.3212971687316895	4.333333333333333	-1.0	-1.0	-1.0	-1.0	5.252317905426025	-1.0	-1.0	-1.0	-1.0
104	2	0	4	1.6666666666666667	1.6666666666666667	6.3212971687316895	6.3212971687316895	4.333333333333333	3.6666666666666665	3.6666666666666665	3.3333333333333335	-1.0	3.572683095932007	2.453045129776001	2.4094901084899902	6.2402262687683105	-1.0
105	2	1	0	1.6666666666666667	1.6666666666666667	6.3212971687316895	6.3212971687316895	-1.0	-1.0	-1.0	-1.0	2.0	-1.0	-1.0	-1.0	-1.0	2.1646950244903564
106	2	1	1	1.6666666666666667	1.6666666666666667	6.3212971687316895	6.3212971687316895	-1.0	-1.0	-1.0	-1.0	-1.0	-1.0	-1.0	-1.0	-1.0	-1.0
107	2	1	2	1.6666666666666667	1.6666666666666667	6.3212971687316895	6.3212971687316895	-1.0	-1.0	3.0	-1.0	-1.0	-1.0	-1.0	2.653834581375122	-1.0	-1.0
108	2	1	3	1.6666666666666667	1.6666666666666667	6.3212971687316895	6.3212971687316895	-1.0	-1.0	inf	-1.0	-1.0	-1.0	-1.0	inf	-1.0	-1.0
109	2	1	4	1.6666666666666667	1.6666666666666667	6.3212971687316895	6.3212971687316895	8.333333333333334	inf	-1.0	inf	9.0	10.194511413574219	inf	-1.0	inf	13.096895217895508
110	2	2	0	1.6666666666666667	1.6666666666666667	6.3212971687316895	6.3212971687316895	-1.0	inf	inf	6.333333333333333	11.666666666666666	-1.0	inf	inf	10.26298713684082	29.44331932067871
111	2	2	1	1.6666666666666667	1.6666666666666667	6.3212971687316895	6.3212971687316895	1.6666666666666667	3.6666666666666665	-1.0	2.3333333333333335	2.6666666666666665	3.0836069583892822	2.5190374851226807	-1.0	3.289616346359253	2.325709104537964
112	2	2	2	1.6666666666666667	1.6666666666666667	6.3212971687316895	6.3212971687316895	-1.0	-1.0	-1.0	2.0	-1.0	-1.0	-1.0	-1.0	3.09981632232666	-1.0
113	2	2	3	1.6666666666666667	1.6666666666666667	6.3212971687316895	6.3212971687316895	5.0	-1.0	-1.0	inf	-1.0	8.47265911102295	-1.0	-1.0	inf	-1.0
114	2	2	4	1.6666666666666667	1.6666666666666667	6.3212971687316895	6.3212971687316895	inf	-1.0	-1.0	inf	inf	inf	-1.0	-1.0	inf	inf
115	2	3	0	1.6666666666666667	1.6666666666666667	6.3212971687316895	6.3212971687316895	-1.0	inf	-1.0	3.3333333333333335	inf	-1.0	inf	-1.0	7.494738578796387	inf
116	2	3	1	1.6666666666666667	1.6666666666666667	6.3212971687316895	6.3212971687316895	3.0	-1.0	-1.0	inf	-1.0	2.224519968032837	-1.0	-1.0	inf	-1.0
117	2	3	2	1.6666666666666667	1.6666666666666667	6.3212971687316895	6.3212971687316895	4.0	-1.0	-1.0	-1.0	43.666666666666664	3.97064208984375	-1.0	-1.0	-1.0	94.11697387695312
118	2	3	3	1.6666666666666667	1.6666666666666667	6.3212971687316895	6.3212971687316895	inf	-1.0	8.333333333333334	-1.0	inf	inf	-1.0	6.633411407470703	-1.0	inf
119	2	3	4	1.6666666666666667	1.6666666666666667	6.3212971687316895	6.3212971687316895	8.333333333333334	-1.0	inf	-1.0	inf	10.499882698059082	-1.0	inf	-1.0	inf
120	2	4	0	1.6666666666666667	1.6666666666666667	6.3212971687316895	6.3212971687316895	inf	inf	-1.0	-1.0	inf	inf	inf	-1.0	-1.0	inf
121	2	4	1	1.6666666666666667	1.6666666666666667	6.3212971687316895	6.3212971687316895	-1.0	inf	-1.0	2.0	-1.0	-1.0	inf	-1.0	2.3250436782836914	-1.0
122	2	4	2	1.6666666666666667	1.6666666666666667	6.3212971687316895	6.3212971687316895	-1.0	14.333333333333334	-1.0	-1.0	-1.0	-1.0	23.970748901367188	-1.0	-1.0	-1.0
123	2	4	3	1.6666666666666667	1.6666666666666667	6.3212971687316895	6.3212971687316895	inf	-1.0	-1.0	inf	42.0	inf	-1.0	-1.0	inf	94.568115234375
124	2	4	4	1.6666666666666667	1.6666666666666667	6.3212971687316895	6.3212971687316895	-1.0	inf	inf	-1.0	inf	-1.0	inf	inf	-1.0	inf
125	2	5	0	3.6666666666666665	3.3333333333333335	2.4094901084899902	6.2402262687683105	inf	-1.0	-1.0	-1.0	inf	inf	-1.0	-1.0	-1.0	inf
126	2	5	1	3.6666666666666665	3.3333333333333335	2.4094901084899902	6.2402262687683105	3.0	-1.0	-1.0	2.3333333333333335	2.3333333333333335	2.486599922180176	-1.0	-1.0	3.3110885620117188	2.8994083404541016
127	2	5	2	3.6666666666666665	3.3333333333333335	2.4094901084899902	6.2402262687683105	1.6666666666666667	3.0	1.6666666666666667	2.3333333333333335	-1.0	2.3292620182037354	2.1965725421905518	3.8245556354522705	2.0964853763580322	-1.0
128	2	5	3	3.6666666666666665	3.3333333333333335	2.4094901084899902	6.2402262687683105	-1.0	inf	-1.0	7.666666666666667	-1.0	-1.0	inf	-1.0	7.783687591552734	-1.0
129	2	5	4	3.6666666666666665	3.3333333333333335	2.4094901084899902	6.2402262687683105	-1.0	3.6666666666666665	-1.0	-1.0	3.0	-1.0	2.752535104751587	-1.0	-1.0	2.0956408977508545
130	2	6	0	3.6666666666666665	1.6666666666666667	2.453045129776001	6.3212971687316895	inf	inf	0.6666666666666666	inf	-1.0	inf	inf	2.1920764446258545	inf	-1.0
131	2	6	1	3.6666666666666665	1.6666666666666667	2.453045129776001	6.3212971687316895	1.6666666666666667	-1.0	-1.0	-1.0	-1.0	1.9951285123825073	-1.0	-1.0	-1.0	-1.0
132	2	6	2	3.6666666666666665	1.6666666666666667	2.453045129776001	6.3212971687316895	3.6666666666666665	1.6666666666666667	-1.0	-1.0	-1.0	2.4038312435150146	1.4547650814056396	-1.0	-1.0	-1.0
133	2	6	3	3.6666666666666665	1.6666666666666667	2.453045129776001	6.3212971687316895	inf	inf	-1.0	-1.0	inf	inf	inf	-1.0	-1.0	inf
134	2	6	4	3.6666666666666665	1.6666666666666667	2.453045129776001	6.3212971687316895	-1.0	8.333333333333334	8.333333333333334	7.666666666666667	8.333333333333334	-1.0	10.198324203491211	10.82238483428955	6.474306106567383	10.317625999450684
135	2	7	0	3.0	1.6666666666666667	2.0956408977508545	6.3212971687316895	inf	-1.0	-1.0	inf	inf	inf	-1.0	-1.0	inf	inf
136	2	7	1	3.0	1.6666666666666667	2.0956408977508545	6.3212971687316895	3.0	4.0	2.3333333333333335	-1.0	inf	2.084642171859741	3.97064208984375	1.9604840278625488	-1.0	inf
137	2	7	2	3.0	1.6666666666666667	2.0956408977508545	6.3212971687316895	-1.0	-1.0	-1.0	3.0	2.3333333333333335	-1.0	-1.0	-1.0	2.554670810699463	2.375492572784424
138	2	7	3	3.0	1.6666666666666667	2.0956408977508545	6.3212971687316895	-1.0	-1.0	inf	-1.0	inf	-1.0	-1.0	inf	-1.0	inf
139	2	7	4	3.0	1.6666666666666667	2.0956408977508545	6.3212971687316895	inf	inf	inf	3.6666666666666665	-1.0	inf	inf	inf	2.5051021575927734	-1.0
140	2	8	0	3.0	1.6666666666666667	2.0956408977508545	6.3212971687316895	inf	inf	inf	-1.0	inf	inf	inf	inf	-1.0	inf
141	2	8	1	3.0	1.6666666666666667	2.0956408977508545	6.3212971687316895	2.3333333333333335	3.0	-1.0	-1.0	-1.0	1.8079519271850586	3.340456247329712	-1.0	-1.0	-1.0
142	2	8	2	3.0	1.6666666666666667	2.0956408977508545	6.3212971687316895	-1.0	-1.0	-1.0	-1.0	-1.0	-1.0	-1.0	-1.0	-1.0	-1.0
143	2	8	3	3.0	1.6666666666666667	2.0956408977508545	6.3212971687316895	inf	inf	inf	inf	-1.0	inf	inf	inf	inf	-1.0
144	2	8	4	3.0	1.6666666666666667	2.0956408977508545	6.3212971687316895	inf	-1.0	inf	inf	inf	inf	-1.0	inf	inf	inf
145	2	9	0	1.6666666666666667	1.6666666666666667	6.3212971687316895	6.3212971687316895	-1.0	inf	-1.0	-1.0	inf	-1.0	inf	-1.0	-1.0	inf
146	2	9	1	1.6666666666666667	1.6666666666666667	6.3212971687316895	6.3212971687316895	-1.0	-1.0	-1.0	1.6666666666666667	2.3333333333333335	-1.0	-1.0	-1.0	1.7821006774902344	3.1167359352111816
147	2	9	2	1.6666666666666667	1.6666666666666667	6.3212971687316895	6.3212971687316895	3.0	3.0	1.3333333333333333	-1.0	-1.0	2.388911247253418	2.229884624481201	1.416313648223877	-1.0	-1.0
148	2	9	3	1.6666666666666667	1.6666666666666667	6.3212971687316895	6.3212971687316895	inf	inf	inf	inf	-1.0	inf	inf	inf	inf	-1.0
149	2	9	4	1.6666666666666667	1.6666666666666667	6.3212971687316895	6.3212971687316895	-1.0	inf	inf	inf	-1.0	-1.0	inf	inf	inf	-1.0
