	reset_island_iter	improve_iter	island	program_1_hamming_score	program_2_hamming_score	program_1_neural_score	program_2_neural_score	output_program_1_hamming_score	output_program_2_hamming_score	output_program_3_hamming_score	output_program_4_hamming_score	output_program_5_hamming_score	output_program_1_neural_score	output_program_2_neural_score	output_program_3_neural_score	output_program_4_neural_score	output_program_5_neural_score
0	0	0	0	0.05810185185185185	0.05810185185185185	28.832515716552734	30.264741897583008	inf	inf	inf	inf	0.0763888888888889	inf	inf	inf	inf	15.778572082519531
1	0	0	1	0.05810185185185185	0.05810185185185185	28.832515716552734	30.264741897583008	0.16365740740740742	-1.0	0.22893518518518519	-1.0	0.05810185185185185	27.390850067138672	-1.0	25.125112533569336	-1.0	30.264741897583008
2	0	0	2	0.05810185185185185	0.05810185185185185	28.832515716552734	30.264741897583008	0.2828703703703704	0.15	0.7949074074074074	0.0699074074074074	0.05810185185185185	19.358434677124023	17.05219078063965	14.052826881408691	12.407709121704102	30.264741897583008
3	0	0	3	0.05810185185185185	0.05810185185185185	28.832515716552734	30.264741897583008	0.07800925925925926	inf	inf	inf	0.1474537037037037	27.051990509033203	inf	inf	inf	28.793962478637695
4	0	0	4	0.05810185185185185	0.05810185185185185	28.832515716552734	30.264741897583008	inf	0.11990740740740741	0.15185185185185185	0.16365740740740742	inf	inf	16.887300491333008	9.791275024414062	11.675141334533691	inf
5	0	1	0	0.15185185185185185	0.05810185185185185	9.791275024414062	28.832515716552734	inf	inf	0.21782407407407406	inf	inf	inf	inf	18.225765228271484	inf	inf
6	0	1	1	0.15185185185185185	0.05810185185185185	9.791275024414062	28.832515716552734	0.11203703703703703	-1.0	0.2571759259259259	-1.0	-1.0	29.963218688964844	-1.0	24.711284637451172	-1.0	-1.0
7	0	1	2	0.15185185185185185	0.05810185185185185	9.791275024414062	28.832515716552734	0.7664351851851852	0.2446759259259259	0.2986111111111111	0.887962962962963	inf	13.174488067626953	15.529776573181152	17.492582321166992	31.209041595458984	inf
8	0	1	3	0.15185185185185185	0.05810185185185185	9.791275024414062	28.832515716552734	0.05810185185185185	inf	-1.0	-1.0	inf	30.264741897583008	inf	-1.0	-1.0	inf
9	0	1	4	0.15185185185185185	0.05810185185185185	9.791275024414062	28.832515716552734	0.15787037037037038	inf	-1.0	-1.0	inf	11.465635299682617	inf	-1.0	-1.0	inf
10	0	2	0	0.05810185185185185	0.15185185185185185	28.832515716552734	9.791275024414062	inf	inf	0.22662037037037036	inf	inf	inf	inf	18.515422821044922	inf	inf
11	0	2	1	0.05810185185185185	0.15185185185185185	28.832515716552734	9.791275024414062	inf	-1.0	-1.0	-1.0	-1.0	inf	-1.0	-1.0	-1.0	-1.0
12	0	2	2	0.05810185185185185	0.15185185185185185	28.832515716552734	9.791275024414062	0.4511574074074074	0.20046296296296295	0.2828703703703704	inf	0.9418981481481481	42.49833679199219	20.897279739379883	17.00761604309082	inf	59.462440490722656
13	0	2	3	0.05810185185185185	0.15185185185185185	28.832515716552734	9.791275024414062	inf	-1.0	0.11203703703703703	inf	-1.0	inf	-1.0	29.963218688964844	inf	-1.0
14	0	2	4	0.05810185185185185	0.15185185185185185	28.832515716552734	9.791275024414062	inf	inf	-1.0	-1.0	inf	inf	inf	-1.0	-1.0	inf
15	0	3	0	0.16365740740740742	0.11990740740740741	11.675141334533691	16.887300491333008	inf	0.2828703703703704	inf	-1.0	-1.0	inf	19.358434677124023	inf	-1.0	-1.0
16	0	3	1	0.16365740740740742	0.11990740740740741	11.675141334533691	16.887300491333008	inf	inf	0.1474537037037037	inf	-1.0	inf	inf	28.793962478637695	inf	-1.0
17	0	3	2	0.16365740740740742	0.11990740740740741	11.675141334533691	16.887300491333008	-1.0	-1.0	-1.0	0.1462962962962963	0.1474537037037037	-1.0	-1.0	-1.0	16.259855270385742	28.793962478637695
18	0	3	3	0.16365740740740742	0.11990740740740741	11.675141334533691	16.887300491333008	-1.0	-1.0	-1.0	-1.0	inf	-1.0	-1.0	-1.0	-1.0	inf
19	0	3	4	0.16365740740740742	0.11990740740740741	11.675141334533691	16.887300491333008	-1.0	0.08009259259259259	0.11203703703703703	0.06018518518518518	inf	-1.0	12.346359252929688	29.963218688964844	30.1946964263916	inf
20	0	4	0	0.06018518518518518	0.11990740740740741	30.1946964263916	16.887300491333008	inf	-1.0	0.11203703703703703	0.05810185185185185	inf	inf	-1.0	29.963218688964844	30.264741897583008	inf
21	0	4	1	0.06018518518518518	0.11990740740740741	30.1946964263916	16.887300491333008	0.9418981481481481	inf	inf	-1.0	-1.0	59.462440490722656	inf	inf	-1.0	-1.0
22	0	4	2	0.06018518518518518	0.11990740740740741	30.1946964263916	16.887300491333008	-1.0	-1.0	0.2050925925925926	-1.0	-1.0	-1.0	-1.0	26.034286499023438	-1.0	-1.0
23	0	4	3	0.06018518518518518	0.11990740740740741	30.1946964263916	16.887300491333008	-1.0	inf	-1.0	inf	-1.0	-1.0	inf	-1.0	inf	-1.0
24	0	4	4	0.06018518518518518	0.11990740740740741	30.1946964263916	16.887300491333008	-1.0	0.08796296296296297	-1.0	-1.0	-1.0	-1.0	16.514434814453125	-1.0	-1.0	-1.0
25	0	5	0	0.05810185185185185	0.11990740740740741	28.832515716552734	16.887300491333008	inf	0.08009259259259259	0.09004629629629629	0.24351851851851852	-1.0	inf	13.074897766113281	14.718954086303711	16.62213897705078	-1.0
26	0	5	1	0.05810185185185185	0.11990740740740741	28.832515716552734	16.887300491333008	0.2013888888888889	-1.0	0.15555555555555556	-1.0	inf	21.673503875732422	-1.0	28.107379913330078	-1.0	inf
27	0	5	2	0.05810185185185185	0.11990740740740741	28.832515716552734	16.887300491333008	-1.0	-1.0	0.8337962962962964	0.0699074074074074	0.11203703703703703	-1.0	-1.0	19.598405838012695	29.589250564575195	29.963218688964844
28	0	5	3	0.05810185185185185	0.11990740740740741	28.832515716552734	16.887300491333008	-1.0	inf	inf	0.10810185185185187	-1.0	-1.0	inf	inf	29.803321838378906	-1.0
29	0	5	4	0.05810185185185185	0.11990740740740741	28.832515716552734	16.887300491333008	0.08009259259259259	inf	-1.0	0.05810185185185185	-1.0	11.43707275390625	inf	-1.0	21.99284553527832	-1.0
30	0	6	0	0.05810185185185185	0.08796296296296297	21.99284553527832	16.514434814453125	-1.0	0.30300925925925926	-1.0	inf	0.22083333333333333	-1.0	20.50423240661621	-1.0	inf	22.2534122467041
31	0	6	1	0.05810185185185185	0.08796296296296297	21.99284553527832	16.514434814453125	-1.0	-1.0	-1.0	-1.0	0.2828703703703704	-1.0	-1.0	-1.0	-1.0	17.1601505279541
32	0	6	2	0.05810185185185185	0.08796296296296297	21.99284553527832	16.514434814453125	-1.0	0.05393518518518518	0.08958333333333333	-1.0	0.10578703703703704	-1.0	25.90742301940918	19.099821090698242	-1.0	50.44375228881836
33	0	6	3	0.05810185185185185	0.08796296296296297	21.99284553527832	16.514434814453125	-1.0	inf	0.0699074074074074	-1.0	inf	-1.0	inf	12.407709121704102	-1.0	inf
34	0	6	4	0.05810185185185185	0.08796296296296297	21.99284553527832	16.514434814453125	inf	0.05810185185185185	0.29467592592592595	-1.0	0.27708333333333335	inf	29.047529220581055	36.50156021118164	-1.0	35.73836898803711
35	0	7	0	0.11990740740740741	0.05810185185185185	16.887300491333008	30.264741897583008	-1.0	-1.0	-1.0	inf	-1.0	-1.0	-1.0	-1.0	inf	-1.0
36	0	7	1	0.11990740740740741	0.05810185185185185	16.887300491333008	30.264741897583008	-1.0	-1.0	0.1675925925925926	0.07430555555555556	0.11203703703703703	-1.0	-1.0	26.989635467529297	29.749086380004883	58.22380065917969
37	0	7	2	0.11990740740740741	0.05810185185185185	16.887300491333008	30.264741897583008	-1.0	-1.0	0.8368055555555556	inf	0.2013888888888889	-1.0	-1.0	25.316936492919922	inf	21.673503875732422
38	0	7	3	0.11990740740740741	0.05810185185185185	16.887300491333008	30.264741897583008	inf	-1.0	-1.0	inf	-1.0	inf	-1.0	-1.0	inf	-1.0
39	0	7	4	0.11990740740740741	0.05810185185185185	16.887300491333008	30.264741897583008	-1.0	inf	-1.0	-1.0	-1.0	-1.0	inf	-1.0	-1.0	-1.0
40	0	8	0	0.05810185185185185	0.05810185185185185	29.047529220581055	30.264741897583008	-1.0	-1.0	0.07222222222222223	-1.0	-1.0	-1.0	-1.0	29.895954132080078	-1.0	-1.0
41	0	8	1	0.05810185185185185	0.05810185185185185	29.047529220581055	30.264741897583008	inf	-1.0	inf	0.9560185185185185	0.2828703703703704	inf	-1.0	inf	35.602664947509766	19.358434677124023
42	0	8	2	0.05810185185185185	0.05810185185185185	29.047529220581055	30.264741897583008	-1.0	-1.0	-1.0	-1.0	-1.0	-1.0	-1.0	-1.0	-1.0	-1.0
43	0	8	3	0.05810185185185185	0.05810185185185185	29.047529220581055	30.264741897583008	inf	-1.0	inf	-1.0	-1.0	inf	-1.0	inf	-1.0	-1.0
44	0	8	4	0.05810185185185185	0.05810185185185185	29.047529220581055	30.264741897583008	inf					inf				
45	0	9	0	0.11203703703703703	0.29467592592592595	29.963218688964844	36.50156021118164	-1.0	inf	0.22893518518518519	0.1474537037037037	inf	-1.0	inf	25.125112533569336	28.793962478637695	inf
46	0	9	1	0.11203703703703703	0.29467592592592595	29.963218688964844	36.50156021118164	inf	-1.0	-1.0	-1.0	-1.0	inf	-1.0	-1.0	-1.0	-1.0
47	0	9	2	0.11203703703703703	0.29467592592592595	29.963218688964844	36.50156021118164	0.10347222222222223	0.04398148148148148	0.01990740740740741	inf	-1.0	9.664192199707031	20.214107513427734	7.1713080406188965	inf	-1.0
48	0	9	3	0.11203703703703703	0.29467592592592595	29.963218688964844	36.50156021118164	inf	inf	-1.0	-1.0	-1.0	inf	inf	-1.0	-1.0	-1.0
49	0	9	4	0.11203703703703703	0.29467592592592595	29.963218688964844	36.50156021118164	0.3486111111111111	0.3678240740740741	-1.0	0.25555555555555554	-1.0	31.544967651367188	34.353675842285156	-1.0	23.277549743652344	-1.0
50	1	0	0	0.045370370370370366	0.045370370370370366	42.129207611083984	42.129207611083984	0.30300925925925926	0.22662037037037036	0.08009259259259259	0.29467592592592595	inf	20.50423240661621	18.515422821044922	13.074897766113281	19.382291793823242	inf
51	1	0	1	0.045370370370370366	0.045370370370370366	42.129207611083984	42.129207611083984	0.16365740740740742	0.1474537037037037	-1.0	0.8523148148148147	0.887962962962963	27.390850067138672	28.793962478637695	-1.0	17.248397827148438	31.209041595458984
52	1	0	2	0.045370370370370366	0.045370370370370366	42.129207611083984	42.129207611083984	0.05416666666666667	0.06365740740740741	0.056249999999999994	0.05787037037037037	0.08032407407407408	26.859708786010742	22.848304748535156	28.484718322753906	28.264751434326172	17.286266326904297
53	1	0	3	0.045370370370370366	0.045370370370370366	42.129207611083984	42.129207611083984	0.1474537037037037	-1.0	-1.0	0.05810185185185185	-1.0	28.793962478637695	-1.0	-1.0	30.264741897583008	-1.0
54	1	0	4	0.045370370370370366	0.045370370370370366	42.129207611083984	42.129207611083984	0.11203703703703703	-1.0	inf	0.22893518518518519	0.05810185185185185	29.963218688964844	-1.0	inf	25.125112533569336	30.264741897583008
55	1	1	0	0.05810185185185185	0.22893518518518519	30.264741897583008	25.125112533569336	inf	0.05810185185185185	inf	0.20046296296296295	inf	inf	30.264741897583008	inf	20.897279739379883	inf
56	1	1	1	0.05810185185185185	0.22893518518518519	30.264741897583008	25.125112533569336	inf	0.08009259259259259	inf	0.2828703703703704	0.22893518518518519	inf	13.074897766113281	inf	19.358434677124023	25.125112533569336
57	1	1	2	0.05810185185185185	0.22893518518518519	30.264741897583008	25.125112533569336	0.1076388888888889	-1.0	0.11967592592592594	inf	0.11365740740740742	9.875482559204102	-1.0	10.240303993225098	inf	9.913427352905273
58	1	1	3	0.05810185185185185	0.22893518518518519	30.264741897583008	25.125112533569336	-1.0	-1.0	-1.0	inf	-1.0	-1.0	-1.0	-1.0	inf	-1.0
59	1	1	4	0.05810185185185185	0.22893518518518519	30.264741897583008	25.125112533569336	0.27708333333333335	inf	0.1474537037037037	0.1675925925925926	-1.0	24.474082946777344	inf	28.793962478637695	26.989635467529297	-1.0
60	1	2	0	0.045370370370370366	0.22893518518518519	42.129207611083984	25.125112533569336	0.11203703703703703	0.2828703703703704	0.13657407407407407	0.2013888888888889	-1.0	29.963218688964844	19.358434677124023	23.75319480895996	21.673503875732422	-1.0
61	1	2	1	0.045370370370370366	0.22893518518518519	42.129207611083984	25.125112533569336	0.09189814814814815	inf	inf	-1.0	inf	16.573305130004883	inf	inf	-1.0	inf
62	1	2	2	0.045370370370370366	0.22893518518518519	42.129207611083984	25.125112533569336	-1.0	-1.0	-1.0	-1.0	-1.0	-1.0	-1.0	-1.0	-1.0	-1.0
63	1	2	3	0.045370370370370366	0.22893518518518519	42.129207611083984	25.125112533569336	-1.0	-1.0	-1.0	-1.0	-1.0	-1.0	-1.0	-1.0	-1.0	-1.0
64	1	2	4	0.045370370370370366	0.22893518518518519	42.129207611083984	25.125112533569336	inf	-1.0	inf	inf	inf	inf	-1.0	inf	inf	inf
65	1	3	0	0.1675925925925926	0.22893518518518519	26.989635467529297	25.125112533569336	-1.0	inf	-1.0	-1.0	-1.0	-1.0	inf	-1.0	-1.0	-1.0
66	1	3	1	0.1675925925925926	0.22893518518518519	26.989635467529297	25.125112533569336	0.05810185185185185	-1.0	inf	inf	inf	30.264741897583008	-1.0	inf	inf	inf
67	1	3	2	0.1675925925925926	0.22893518518518519	26.989635467529297	25.125112533569336	0.09189814814814815	-1.0	-1.0	0.09791666666666668	-1.0	16.573305130004883	-1.0	-1.0	16.73131561279297	-1.0
68	1	3	3	0.1675925925925926	0.22893518518518519	26.989635467529297	25.125112533569336	0.05393518518518518	0.09791666666666668	-1.0	0.09166666666666667	-1.0	28.79669761657715	10.781635284423828	-1.0	10.322758674621582	-1.0
69	1	3	4	0.1675925925925926	0.22893518518518519	26.989635467529297	25.125112533569336	-1.0	inf	inf	0.13703703703703704	-1.0	-1.0	inf	inf	21.966585159301758	-1.0
70	1	4	0	0.27708333333333335	0.045370370370370366	24.474082946777344	42.129207611083984	inf	-1.0	0.22893518518518519	inf	-1.0	inf	-1.0	25.125112533569336	inf	-1.0
71	1	4	1	0.27708333333333335	0.045370370370370366	24.474082946777344	42.129207611083984	inf	inf	0.9418981481481481	inf	0.09814814814814815	inf	inf	59.462440490722656	inf	16.572587966918945
72	1	4	2	0.27708333333333335	0.045370370370370366	24.474082946777344	42.129207611083984	0.08796296296296297	0.05416666666666667	inf	0.1439814814814815	0.05810185185185185	13.956857681274414	26.79969596862793	inf	16.077167510986328	30.264741897583008
73	1	4	3	0.27708333333333335	0.045370370370370366	24.474082946777344	42.129207611083984	-1.0	inf	inf	inf	inf	-1.0	inf	inf	inf	inf
74	1	4	4	0.27708333333333335	0.045370370370370366	24.474082946777344	42.129207611083984	inf	inf	inf	0.08587962962962964	inf	inf	inf	inf	29.54416847229004	inf
75	1	5	0	0.1474537037037037	0.045370370370370366	28.793962478637695	42.129207611083984	inf	-1.0	-1.0	inf	-1.0	inf	-1.0	-1.0	inf	-1.0
76	1	5	1	0.1474537037037037	0.045370370370370366	28.793962478637695	42.129207611083984	inf	inf	inf	0.14583333333333334	inf	inf	inf	inf	36.66027069091797	inf
77	1	5	2	0.1474537037037037	0.045370370370370366	28.793962478637695	42.129207611083984	0.22893518518518519	-1.0	-1.0	inf	0.1474537037037037	25.125112533569336	-1.0	-1.0	inf	28.793962478637695
78	1	5	3	0.1474537037037037	0.045370370370370366	28.793962478637695	42.129207611083984	inf	inf	-1.0	inf	inf	inf	inf	-1.0	inf	inf
79	1	5	4	0.1474537037037037	0.045370370370370366	28.793962478637695	42.129207611083984	-1.0	inf	inf	-1.0	inf	-1.0	inf	inf	-1.0	inf
80	1	6	0	0.22893518518518519	0.08587962962962964	25.125112533569336	29.54416847229004	-1.0	-1.0	inf	inf	inf	-1.0	-1.0	inf	inf	inf
81	1	6	1	0.22893518518518519	0.08587962962962964	25.125112533569336	29.54416847229004	inf	inf	-1.0	inf	inf	inf	inf	-1.0	inf	inf
82	1	6	2	0.22893518518518519	0.08587962962962964	25.125112533569336	29.54416847229004	0.16365740740740742	0.17569444444444443	-1.0	-1.0	-1.0	27.390850067138672	27.179489135742188	-1.0	-1.0	-1.0
83	1	6	3	0.22893518518518519	0.08587962962962964	25.125112533569336	29.54416847229004	inf	inf	inf	0.07962962962962963	0.09050925925925926	inf	inf	inf	9.193013191223145	9.009652137756348
84	1	6	4	0.22893518518518519	0.08587962962962964	25.125112533569336	29.54416847229004	-1.0	-1.0	-1.0	inf	inf	-1.0	-1.0	-1.0	inf	inf
85	1	7	0	0.045370370370370366	0.08587962962962964	42.129207611083984	29.54416847229004	-1.0	-1.0	inf	-1.0	0.21782407407407406	-1.0	-1.0	inf	-1.0	11.980622291564941
86	1	7	1	0.045370370370370366	0.08587962962962964	42.129207611083984	29.54416847229004	inf	inf	inf	inf	-1.0	inf	inf	inf	inf	-1.0
87	1	7	2	0.045370370370370366	0.08587962962962964	42.129207611083984	29.54416847229004	-1.0	0.07175925925925926	0.036111111111111115	0.06620370370370371	-1.0	-1.0	22.007659912109375	6.697312831878662	24.52727699279785	-1.0
88	1	7	3	0.045370370370370366	0.08587962962962964	42.129207611083984	29.54416847229004	0.13703703703703704	inf	-1.0	-1.0	-1.0	27.64249610900879	inf	-1.0	-1.0	-1.0
89	1	7	4	0.045370370370370366	0.08587962962962964	42.129207611083984	29.54416847229004	-1.0	-1.0	-1.0	-1.0	-1.0	-1.0	-1.0	-1.0	-1.0	-1.0
90	1	8	0	0.22893518518518519	0.045370370370370366	25.125112533569336	42.129207611083984	inf	inf	-1.0	inf	0.15023148148148147	inf	inf	-1.0	inf	20.117900848388672
91	1	8	1	0.22893518518518519	0.045370370370370366	25.125112533569336	42.129207611083984	inf	0.15208333333333335	inf	-1.0	-1.0	inf	35.98947525024414	inf	-1.0	-1.0
92	1	8	2	0.22893518518518519	0.045370370370370366	25.125112533569336	42.129207611083984	0.2828703703703704	-1.0	-1.0	-1.0	-1.0	19.358434677124023	-1.0	-1.0	-1.0	-1.0
93	1	8	3	0.22893518518518519	0.045370370370370366	25.125112533569336	42.129207611083984	0.9377314814814814	inf	inf	inf	-1.0	54.3036994934082	inf	inf	inf	-1.0
94	1	8	4	0.22893518518518519	0.045370370370370366	25.125112533569336	42.129207611083984	0.1252314814814815	inf	0.04953703703703703	0.11226851851851852	-1.0	10.627535820007324	inf	37.92155456542969	16.67161750793457	-1.0
95	1	9	0	0.27708333333333335	0.08587962962962964	24.474082946777344	29.54416847229004	0.16365740740740742	inf	inf	inf	inf	19.57070541381836	inf	inf	inf	inf
96	1	9	1	0.27708333333333335	0.08587962962962964	24.474082946777344	29.54416847229004	0.15601851851851853	0.9398148148148148	0.14375	-1.0	0.15000000000000002	16.236085891723633	32.83565139770508	16.186433792114258	-1.0	16.148073196411133
97	1	9	2	0.27708333333333335	0.08587962962962964	24.474082946777344	29.54416847229004	-1.0	0.14004629629629628	-1.0	-1.0	-1.0	-1.0	17.741756439208984	-1.0	-1.0	-1.0
98	1	9	3	0.27708333333333335	0.08587962962962964	24.474082946777344	29.54416847229004	0.8291666666666666	inf	-1.0	0.09189814814814815	inf	22.616249084472656	inf	-1.0	16.573305130004883	inf
99	1	9	4	0.27708333333333335	0.08587962962962964	24.474082946777344	29.54416847229004	inf	0.16365740740740742	inf	inf	inf	inf	27.390850067138672	inf	inf	inf
100	2	0	0	0.0	0.023148148148148147	83.47469329833984	30.937908172607422	0.16412037037037036	0.11805555555555555	inf	inf	0.11805555555555555	17.462053298950195	50.05649948120117	inf	inf	50.25761413574219
101	2	0	1	0.0	0.023148148148148147	83.47469329833984	30.937908172607422	0.24351851851851852	0.2585648148148148	0.16458333333333333	0.18194444444444446	0.21481481481481482	26.20641326904297	13.79448413848877	17.05392837524414	15.387824058532715	10.484965324401855
102	2	0	2	0.0	0.023148148148148147	83.47469329833984	30.937908172607422	0.16805555555555557	0.08865740740740741	-1.0	-1.0	0.12407407407407407	15.18548583984375	40.9652214050293	-1.0	-1.0	43.2534294128418
103	2	0	3	0.0	0.023148148148148147	83.47469329833984	30.937908172607422	0.17754629629629629	0.17731481481481481	0.3055555555555556	inf	0.2328703703703704	11.93490982055664	11.298076629638672	27.3403263092041	inf	9.861440658569336
104	2	0	4	0.0	0.023148148148148147	83.47469329833984	30.937908172607422	inf	0.1509259259259259	0.16666666666666669	-1.0	0.21782407407407406	inf	18.582660675048828	13.167695045471191	-1.0	24.34665870666504
105	2	1	0	0.0	0.023148148148148147	83.47469329833984	30.937908172607422	inf	-1.0	-1.0	-1.0	-1.0	inf	-1.0	-1.0	-1.0	-1.0
106	2	1	1	0.0	0.023148148148148147	83.47469329833984	30.937908172607422	0.3053240740740741	inf	inf			15.321392059326172	inf	inf		
107	2	1	2	0.0	0.023148148148148147	83.47469329833984	30.937908172607422	0.045370370370370366	inf	0.09212962962962962	inf	-1.0	42.12921142578125	inf	41.569664001464844	inf	-1.0
108	2	1	3	0.0	0.023148148148148147	83.47469329833984	30.937908172607422	inf	0.5581018518518519	inf	0.21620370370370373	0.9398148148148148	inf	15.639455795288086	inf	23.58342933654785	18.84088706970215
109	2	1	4	0.0	0.023148148148148147	83.47469329833984	30.937908172607422	inf	-1.0	-1.0	inf	inf	inf	-1.0	-1.0	inf	inf
110	2	2	0	0.16666666666666669	0.0	13.167695045471191	83.47469329833984	inf	-1.0	inf	inf	0.16203703703703703	inf	-1.0	inf	inf	17.88494873046875
111	2	2	1	0.16666666666666669	0.0	13.167695045471191	83.47469329833984	inf	inf	0.3476851851851852	inf	inf	inf	inf	32.433467864990234	inf	inf
112	2	2	2	0.16666666666666669	0.0	13.167695045471191	83.47469329833984	inf	0.05897435897435897	inf	0.23098290598290597	inf	inf	41.680908203125	inf	14.546151161193848	inf
113	2	2	3	0.16666666666666669	0.0	13.167695045471191	83.47469329833984	0.19282407407407406	0.1509259259259259	inf	inf	-1.0	14.596561431884766	18.582660675048828	inf	inf	-1.0
114	2	2	4	0.16666666666666669	0.0	13.167695045471191	83.47469329833984	-1.0	-1.0	inf	0.18449074074074073	0.18842592592592594	-1.0	-1.0	inf	14.531221389770508	9.886918067932129
115	2	3	0	0.21782407407407406	0.023148148148148147	24.34665870666504	30.937908172607422	0.16412037037037036	inf	-1.0	inf	0.12199074074074075	16.857892990112305	inf	-1.0	inf	47.84660339355469
116	2	3	1	0.21782407407407406	0.023148148148148147	24.34665870666504	30.937908172607422	-1.0	inf	0.3476851851851852	inf	-1.0	-1.0	inf	31.786849975585938	inf	-1.0
117	2	3	2	0.21782407407407406	0.023148148148148147	24.34665870666504	30.937908172607422	inf	0.21574074074074073	-1.0	-1.0	-1.0	inf	10.987211227416992	-1.0	-1.0	-1.0
118	2	3	3	0.21782407407407406	0.023148148148148147	24.34665870666504	30.937908172607422	-1.0	-1.0	inf	0.15300925925925926	inf	-1.0	-1.0	inf	19.094282150268555	inf
119	2	3	4	0.21782407407407406	0.023148148148148147	24.34665870666504	30.937908172607422	0.22060185185185183	-1.0	-1.0	0.21689814814814812	-1.0	28.0592098236084	-1.0	-1.0	27.895540237426758	-1.0
120	2	4	0	0.0	0.21689814814814812	83.47469329833984	27.895540237426758	inf	-1.0	-1.0	inf	-1.0	inf	-1.0	-1.0	inf	-1.0
121	2	4	1	0.0	0.21689814814814812	83.47469329833984	27.895540237426758	inf	inf	0.18032407407407408	inf	inf	inf	inf	15.283345222473145	inf	inf
122	2	4	2	0.0	0.21689814814814812	83.47469329833984	27.895540237426758	inf	inf	inf	inf	inf	inf	inf	inf	inf	inf
123	2	4	3	0.0	0.21689814814814812	83.47469329833984	27.895540237426758	0.18310185185185185	0.17754629629629629	-1.0	0.1375	-1.0	17.30763053894043	15.085091590881348	-1.0	37.84051513671875	-1.0
124	2	4	4	0.0	0.21689814814814812	83.47469329833984	27.895540237426758	0.2150462962962963	0.1902777777777778	-1.0	-1.0	-1.0	27.276681900024414	20.245128631591797	-1.0	-1.0	-1.0
125	2	5	0	0.1902777777777778	0.21689814814814812	20.245128631591797	27.895540237426758	inf	inf	inf	-1.0	inf	inf	inf	inf	-1.0	inf
126	2	5	1	0.1902777777777778	0.21689814814814812	20.245128631591797	27.895540237426758	inf	0.19027777777777777	0.18819444444444444	inf	0.1509259259259259	inf	14.735143661499023	13.326128005981445	inf	18.582660675048828
127	2	5	2	0.1902777777777778	0.21689814814814812	20.245128631591797	27.895540237426758	inf	inf	0.09212962962962962	inf	0.30462962962962964	inf	inf	58.7668342590332	inf	28.11338233947754
128	2	5	3	0.1902777777777778	0.21689814814814812	20.245128631591797	27.895540237426758	0.3162037037037037	0.30637254901960786	0.20875816993464053	0.18909313725490196	inf	26.782855987548828	12.55407428741455	10.515254020690918	11.643680572509766	inf
129	2	5	4	0.1902777777777778	0.21689814814814812	20.245128631591797	27.895540237426758	-1.0	0.15277777777777776	-1.0	-1.0	-1.0	-1.0	14.07640552520752	-1.0	-1.0	-1.0
130	2	6	0	0.1902777777777778	0.0	20.245128631591797	83.47469329833984	inf	inf	inf	inf	-1.0	inf	inf	inf	inf	-1.0
131	2	6	1	0.1902777777777778	0.0	20.245128631591797	83.47469329833984	inf	inf	0.32407407407407407	inf	0.30694444444444446	inf	inf	26.34611701965332	inf	29.678930282592773
132	2	6	2	0.1902777777777778	0.0	20.245128631591797	83.47469329833984	inf	0.23098290598290597	-1.0	-1.0	0.09081196581196581	inf	13.375345230102539	-1.0	-1.0	42.80162811279297
133	2	6	3	0.1902777777777778	0.0	20.245128631591797	83.47469329833984	0.1420343137254902	0.20698529411764705	0.1224264705882353	-1.0	0.11825980392156862	28.798351287841797	11.484943389892578	45.24307632446289	-1.0	45.6298828125
134	2	6	4	0.1902777777777778	0.0	20.245128631591797	83.47469329833984	0.2226851851851852	-1.0	-1.0	0.15300925925925926	0.1509259259259259	27.549135208129883	-1.0	-1.0	17.56023597717285	18.623756408691406
135	2	7	0	0.16666666666666669	0.18842592592592594	13.167695045471191	9.886918067932129	-1.0	0.12407407407407407	inf	0.16203703703703703	-1.0	-1.0	42.095794677734375	inf	17.906885147094727	-1.0
136	2	7	1	0.16666666666666669	0.18842592592592594	13.167695045471191	9.886918067932129	inf	inf	inf	inf	inf	inf	inf	inf	inf	inf
137	2	7	2	0.16666666666666669	0.18842592592592594	13.167695045471191	9.886918067932129	inf	-1.0	inf	inf	-1.0	inf	-1.0	inf	inf	-1.0
138	2	7	3	0.16666666666666669	0.18842592592592594	13.167695045471191	9.886918067932129	0.1877314814814815	0.2136574074074074	inf	-1.0	-1.0	10.225418090820312	14.393153190612793	inf	-1.0	-1.0
139	2	7	4	0.16666666666666669	0.18842592592592594	13.167695045471191	9.886918067932129	0.28240740740740744	0.28240740740740744	0.21689814814814812	0.16759259259259257	-1.0	40.070552825927734	37.42836380004883	27.88205337524414	12.851786613464355	-1.0
140	2	8	0	0.21689814814814812	0.18842592592592594	27.88205337524414	9.886918067932129	inf					inf				
141	2	8	1	0.21689814814814812	0.18842592592592594	27.88205337524414	9.886918067932129	inf	inf	inf	inf	inf	inf	inf	inf	inf	inf
142	2	8	2	0.21689814814814812	0.18842592592592594	27.88205337524414	9.886918067932129	inf	-1.0	inf	inf	inf	inf	-1.0	inf	inf	inf
143	2	8	3	0.21689814814814812	0.18842592592592594	27.88205337524414	9.886918067932129	0.17754629629629629	-1.0	0.14421296296296296	0.1733796296296296	0.17569444444444443	17.680776596069336	-1.0	23.88041877746582	15.78995132446289	15.521661758422852
144	2	8	4	0.21689814814814812	0.18842592592592594	27.88205337524414	9.886918067932129	0.337037037037037	0.34074074074074073	-1.0	0.3226851851851852	0.4872685185185185	43.57176971435547	43.55087661743164	-1.0	42.68000030517578	44.295162200927734
145	2	9	0	0.18842592592592594	0.1509259259259259	9.886918067932129	18.582660675048828	inf	inf	-1.0	-1.0	inf	inf	inf	-1.0	-1.0	inf
146	2	9	1	0.18842592592592594	0.1509259259259259	9.886918067932129	18.582660675048828	inf	inf	inf	inf	inf	inf	inf	inf	inf	inf
147	2	9	2	0.18842592592592594	0.1509259259259259	9.886918067932129	18.582660675048828	inf	0.11203703703703703	inf	inf	-1.0	inf	40.488277435302734	inf	inf	-1.0
148	2	9	3	0.18842592592592594	0.1509259259259259	9.886918067932129	18.582660675048828	-1.0					-1.0				
149	2	9	4	0.18842592592592594	0.1509259259259259	9.886918067932129	18.582660675048828	-1.0	inf	-1.0	0.21412037037037035	-1.0	-1.0	inf	-1.0	17.589872360229492	-1.0
