	reset_island_iter	improve_iter	island	program_1_hamming_score	program_2_hamming_score	program_1_neural_score	program_2_neural_score	output_program_1_hamming_score	output_program_2_hamming_score	output_program_3_hamming_score	output_program_4_hamming_score	output_program_5_hamming_score	output_program_1_neural_score	output_program_2_neural_score	output_program_3_neural_score	output_program_4_neural_score	output_program_5_neural_score
0	0	0	0	77.0	17.0	12.994080543518066	12.934059143066406	-1.0	8.666666666666666	9.666666666666666	-1.0	inf	-1.0	31.7038516998291	36.08921813964844	-1.0	inf
1	0	0	1	77.0	17.0	12.994080543518066	12.934059143066406	9.666666666666666	47.666666666666664	-1.0	-1.0	-1.0	36.08921813964844	16.623260498046875	-1.0	-1.0	-1.0
2	0	0	2	77.0	17.0	12.994080543518066	12.934059143066406	11.666666666666666	17.666666666666668	17.0	12.333333333333334	17.666666666666668	37.52670669555664	42.82007598876953	36.20896911621094	36.087730407714844	42.775211334228516
3	0	0	3	77.0	17.0	12.994080543518066	12.934059143066406	inf	9.666666666666666	47.666666666666664	-1.0	-1.0	inf	36.08921813964844	16.623260498046875	-1.0	-1.0
4	0	0	4	77.0	17.0	12.994080543518066	12.934059143066406	15.0	9.666666666666666	inf	12.666666666666666	14.0	11.484743118286133	36.08921813964844	inf	15.264519691467285	15.984831809997559
5	0	1	0	15.0	17.0	11.484743118286133	12.934059143066406	-1.0	inf	inf	inf	inf	-1.0	inf	inf	inf	inf
6	0	1	1	15.0	17.0	11.484743118286133	12.934059143066406	-1.0	12.0	-1.0	10.333333333333334	-1.0	-1.0	17.773366928100586	-1.0	10.483264923095703	-1.0
7	0	1	2	15.0	17.0	11.484743118286133	12.934059143066406	9.666666666666666	12.333333333333334	-1.0	inf	13.333333333333334	36.08921813964844	17.189823150634766	-1.0	inf	14.032872200012207
8	0	1	3	15.0	17.0	11.484743118286133	12.934059143066406	-1.0	-1.0	13.0	17.666666666666668	85.33333333333333	-1.0	-1.0	11.307640075683594	18.796926498413086	52.015052795410156
9	0	1	4	15.0	17.0	11.484743118286133	12.934059143066406	-1.0	inf	inf	inf	inf	-1.0	inf	inf	inf	inf
10	0	2	0	15.0	77.0	11.484743118286133	12.994080543518066	4.333333333333333	inf	-1.0	inf	-1.0	12.345443725585938	inf	-1.0	inf	-1.0
11	0	2	1	15.0	77.0	11.484743118286133	12.994080543518066	9.666666666666666	11.333333333333334	17.666666666666668	18.333333333333332	inf	12.235849380493164	10.585366249084473	7.064192295074463	11.953654289245605	inf
12	0	2	2	15.0	77.0	11.484743118286133	12.994080543518066	48.0	-1.0	inf	19.666666666666668	inf	16.063386917114258	-1.0	inf	22.552169799804688	inf
13	0	2	3	15.0	77.0	11.484743118286133	12.994080543518066	-1.0	9.0	inf	-1.0	-1.0	-1.0	32.42979431152344	inf	-1.0	-1.0
14	0	2	4	15.0	77.0	11.484743118286133	12.994080543518066	inf	inf	12.666666666666666	inf	inf	inf	inf	13.1607027053833	inf	inf
15	0	3	0	12.666666666666666	15.0	13.1607027053833	11.484743118286133	inf	inf	-1.0	-1.0	inf	inf	inf	-1.0	-1.0	inf
16	0	3	1	12.666666666666666	15.0	13.1607027053833	11.484743118286133	-1.0	13.333333333333334	11.666666666666666	-1.0	-1.0	-1.0	14.032872200012207	23.406415939331055	-1.0	-1.0
17	0	3	2	12.666666666666666	15.0	13.1607027053833	11.484743118286133	12.0	-1.0	14.333333333333334	-1.0	16.333333333333332	21.710952758789062	-1.0	18.41835594177246	-1.0	16.867921829223633
18	0	3	3	12.666666666666666	15.0	13.1607027053833	11.484743118286133	0.0					0.0				
