	reset_island_iter	improve_iter	island	program_1_hamming_score	program_2_hamming_score	program_1_neural_score	program_2_neural_score	output_program_1_hamming_score	output_program_2_hamming_score	output_program_3_hamming_score	output_program_4_hamming_score	output_program_5_hamming_score	output_program_1_neural_score	output_program_2_neural_score	output_program_3_neural_score	output_program_4_neural_score	output_program_5_neural_score
0	0	0	0	30.666666666666668	12.666666666666666	8.219246864318848	8.761463165283203	12.666666666666666	42.0	inf	78.0	-1.0	20.71073341369629	20.717449188232422	inf	80.61906433105469	-1.0
1	0	0	1	30.666666666666668	12.666666666666666	8.219246864318848	8.761463165283203	26.0	21.0	22.0	inf	-1.0	9.894935607910156	5.731721878051758	9.341530799865723	inf	-1.0
2	0	0	2	30.666666666666668	12.666666666666666	8.219246864318848	8.761463165283203	inf	inf	12.333333333333334	11.0	23.0	inf	inf	6.555199146270752	12.340655326843262	9.093306541442871
3	0	0	3	30.666666666666668	12.666666666666666	8.219246864318848	8.761463165283203	inf	inf	21.0	inf	inf	inf	inf	5.731721878051758	inf	inf
4	0	0	4	30.666666666666668	12.666666666666666	8.219246864318848	8.761463165283203	21.0	-1.0	48.666666666666664	69.66666666666667	-1.0	5.731721878051758	-1.0	17.986801147460938	24.669010162353516	-1.0
5	0	1	0	21.0	30.666666666666668	5.731721878051758	8.219246864318848	26.0	-1.0	inf	-1.0	-1.0	9.894935607910156	-1.0	inf	-1.0	-1.0
6	0	1	1	21.0	30.666666666666668	5.731721878051758	8.219246864318848	inf	inf	-1.0	-1.0	27.333333333333332	inf	inf	-1.0	-1.0	18.765840530395508
7	0	1	2	21.0	30.666666666666668	5.731721878051758	8.219246864318848	inf	-1.0	16.333333333333332	50.333333333333336	11.666666666666666	inf	-1.0	4.99915885925293	46.02378845214844	5.130254745483398
8	0	1	3	21.0	30.666666666666668	5.731721878051758	8.219246864318848	inf	inf	-1.0	inf	inf	inf	inf	-1.0	inf	inf
9	0	1	4	21.0	30.666666666666668	5.731721878051758	8.219246864318848	22.0	28.333333333333332	14.666666666666666	46.666666666666664	12.666666666666666	13.843826293945312	9.991028785705566	5.1385931968688965	19.55073356628418	20.71073341369629
10	0	2	0	14.666666666666666	21.0	5.1385931968688965	5.731721878051758	inf	inf	-1.0	inf	-1.0	inf	inf	-1.0	inf	-1.0
11	0	2	1	14.666666666666666	21.0	5.1385931968688965	5.731721878051758	inf	inf	inf	inf	48.666666666666664	inf	inf	inf	inf	17.986801147460938
12	0	2	2	14.666666666666666	21.0	5.1385931968688965	5.731721878051758	-1.0	inf	-1.0	-1.0	40.666666666666664	-1.0	inf	-1.0	-1.0	30.426494598388672
13	0	2	3	14.666666666666666	21.0	5.1385931968688965	5.731721878051758	inf	inf	inf	inf	inf	inf	inf	inf	inf	inf
14	0	2	4	14.666666666666666	21.0	5.1385931968688965	5.731721878051758	26.0	-1.0	-1.0	11.666666666666666	25.333333333333332	9.894935607910156	-1.0	-1.0	5.130254745483398	26.349618911743164
15	0	3	0	14.666666666666666	11.666666666666666	5.1385931968688965	5.130254745483398	inf	inf	21.0	inf	inf	inf	inf	20.04743003845215	inf	inf
16	0	3	1	14.666666666666666	11.666666666666666	5.1385931968688965	5.130254745483398	inf	inf	-1.0	inf	-1.0	inf	inf	-1.0	inf	-1.0
17	0	3	2	14.666666666666666	11.666666666666666	5.1385931968688965	5.130254745483398	-1.0	-1.0	inf	inf	-1.0	-1.0	-1.0	inf	inf	-1.0
18	0	3	3	14.666666666666666	11.666666666666666	5.1385931968688965	5.130254745483398	inf	inf	inf	inf	inf	inf	inf	inf	inf	inf
19	0	3	4	14.666666666666666	11.666666666666666	5.1385931968688965	5.130254745483398	11.333333333333334	inf	10.333333333333334	15.0	10.0	7.041079998016357	inf	7.289355754852295	13.35614013671875	7.595262050628662
20	0	4	0	11.666666666666666	10.333333333333334	5.130254745483398	7.289355754852295	inf	inf	inf	inf	inf	inf	inf	inf	inf	inf
21	0	4	1	11.666666666666666	10.333333333333334	5.130254745483398	7.289355754852295	inf	inf	inf	inf	inf	inf	inf	inf	inf	inf
22	0	4	2	11.666666666666666	10.333333333333334	5.130254745483398	7.289355754852295	inf	-1.0	-1.0	inf	-1.0	inf	-1.0	-1.0	inf	-1.0
23	0	4	3	11.666666666666666	10.333333333333334	5.130254745483398	7.289355754852295	inf	inf	inf	inf	inf	inf	inf	inf	inf	inf
24	0	4	4	11.666666666666666	10.333333333333334	5.130254745483398	7.289355754852295	inf	-1.0	12.333333333333334	inf	21.666666666666668	inf	-1.0	6.555199146270752	inf	4.302850723266602
25	0	5	0	21.666666666666668	11.666666666666666	4.302850723266602	5.130254745483398	inf	inf	inf	inf	inf	inf	inf	inf	inf	inf
26	0	5	1	21.666666666666668	11.666666666666666	4.302850723266602	5.130254745483398	-1.0	-1.0	inf	inf	inf	-1.0	-1.0	inf	inf	inf
27	0	5	2	21.666666666666668	11.666666666666666	4.302850723266602	5.130254745483398	inf	inf	inf	-1.0	inf	inf	inf	inf	-1.0	inf
28	0	5	3	21.666666666666668	11.666666666666666	4.302850723266602	5.130254745483398	inf	inf	inf	inf	inf	inf	inf	inf	inf	inf
29	0	5	4	21.666666666666668	11.666666666666666	4.302850723266602	5.130254745483398	23.666666666666668	-1.0	-1.0	15.0	inf	9.380378723144531	-1.0	-1.0	8.804194450378418	inf
30	0	6	0	11.666666666666666	21.666666666666668	5.130254745483398	4.302850723266602	inf	inf	inf	inf	inf	inf	inf	inf	inf	inf
31	0	6	1	11.666666666666666	21.666666666666668	5.130254745483398	4.302850723266602	inf	inf	-1.0	-1.0	-1.0	inf	inf	-1.0	-1.0	-1.0
32	0	6	2	11.666666666666666	21.666666666666668	5.130254745483398	4.302850723266602	inf	21.0	41.0	24.666666666666668	-1.0	inf	7.63326358795166	8.157526016235352	10.827699661254883	-1.0
33	0	6	3	11.666666666666666	21.666666666666668	5.130254745483398	4.302850723266602	inf	inf	inf	inf	inf	inf	inf	inf	inf	inf
34	0	6	4	11.666666666666666	21.666666666666668	5.130254745483398	4.302850723266602	inf	14.0	-1.0	inf	-1.0	inf	5.2351202964782715	-1.0	inf	-1.0
35	0	7	0	11.666666666666666	21.666666666666668	5.130254745483398	4.302850723266602	inf	-1.0	inf	inf	inf	inf	-1.0	inf	inf	inf
36	0	7	1	11.666666666666666	21.666666666666668	5.130254745483398	4.302850723266602	inf	inf	inf	-1.0	inf	inf	inf	inf	-1.0	inf
37	0	7	2	11.666666666666666	21.666666666666668	5.130254745483398	4.302850723266602	inf	-1.0	-1.0	-1.0	-1.0	inf	-1.0	-1.0	-1.0	-1.0
38	0	7	3	11.666666666666666	21.666666666666668	5.130254745483398	4.302850723266602	inf	inf	inf	inf	inf	inf	inf	inf	inf	inf
39	0	7	4	11.666666666666666	21.666666666666668	5.130254745483398	4.302850723266602	-1.0	-1.0	inf	-1.0	-1.0	-1.0	-1.0	inf	-1.0	-1.0
40	0	8	0	21.0	10.0	5.731721878051758	7.595262050628662	inf	inf	12.333333333333334	inf	inf	inf	inf	7.690417289733887	inf	inf
41	0	8	1	21.0	10.0	5.731721878051758	7.595262050628662	inf	-1.0	inf	inf	42.0	inf	-1.0	inf	inf	81.70159149169922
42	0	8	2	21.0	10.0	5.731721878051758	7.595262050628662	inf	12.666666666666666	42.0	-1.0	36.333333333333336	inf	20.71073341369629	20.717449188232422	-1.0	16.278873443603516
43	0	8	3	21.0	10.0	5.731721878051758	7.595262050628662	inf	inf	inf	inf	inf	inf	inf	inf	inf	inf
44	0	8	4	21.0	10.0	5.731721878051758	7.595262050628662	inf	-1.0	-1.0	-1.0	34.333333333333336	inf	-1.0	-1.0	-1.0	12.049650192260742
45	0	9	0	14.666666666666666	21.666666666666668	5.1385931968688965	4.302850723266602	inf	inf	20.333333333333332	inf	14.0	inf	inf	39.17604064941406	inf	12.730548858642578
46	0	9	1	14.666666666666666	21.666666666666668	5.1385931968688965	4.302850723266602	inf	inf	-1.0	70.33333333333333	-1.0	inf	inf	-1.0	10.447968482971191	-1.0
47	0	9	2	14.666666666666666	21.666666666666668	5.1385931968688965	4.302850723266602	inf	-1.0	inf	-1.0	inf	inf	-1.0	inf	-1.0	inf
48	0	9	3	14.666666666666666	21.666666666666668	5.1385931968688965	4.302850723266602	42.0	inf	-1.0	inf	-1.0	20.717449188232422	inf	-1.0	inf	-1.0
49	0	9	4	14.666666666666666	21.666666666666668	5.1385931968688965	4.302850723266602	inf	-1.0	-1.0	-1.0	inf	inf	-1.0	-1.0	-1.0	inf
50	1	0	0	21.0	47.333333333333336	5.731721878051758	5.316985130310059	11.333333333333334	24.333333333333332	26.0	11.666666666666666	42.0	4.8060221672058105	11.229031562805176	9.894935607910156	5.130254745483398	20.717449188232422
51	1	0	1	21.0	47.333333333333336	5.731721878051758	5.316985130310059	50.333333333333336	inf	12.666666666666666	inf	23.0	46.02378845214844	inf	20.71073341369629	inf	9.093306541442871
52	1	0	2	21.0	47.333333333333336	5.731721878051758	5.316985130310059	10.333333333333334	9.666666666666666	inf	-1.0	26.0	7.025016784667969	4.497903823852539	inf	-1.0	9.894935607910156
53	1	0	3	21.0	47.333333333333336	5.731721878051758	5.316985130310059	-1.0	inf	-1.0	25.666666666666668	26.0	-1.0	inf	-1.0	8.727907180786133	9.894935607910156
54	1	0	4	21.0	47.333333333333336	5.731721878051758	5.316985130310059	inf	inf	inf	inf	inf	inf	inf	inf	inf	inf
55	1	1	0	47.333333333333336	21.0	5.316985130310059	5.731721878051758	-1.0	-1.0	-1.0	15.0	-1.0	-1.0	-1.0	-1.0	8.804194450378418	-1.0
56	1	1	1	47.333333333333336	21.0	5.316985130310059	5.731721878051758	inf	inf	inf	inf	-1.0	inf	inf	inf	inf	-1.0
57	1	1	2	47.333333333333336	21.0	5.316985130310059	5.731721878051758	-1.0	-1.0	inf	13.0	-1.0	-1.0	-1.0	inf	9.188100814819336	-1.0
58	1	1	3	47.333333333333336	21.0	5.316985130310059	5.731721878051758	-1.0	-1.0	inf	-1.0	-1.0	-1.0	-1.0	inf	-1.0	-1.0
59	1	1	4	47.333333333333336	21.0	5.316985130310059	5.731721878051758	17.333333333333332	-1.0	-1.0	42.0	-1.0	9.513598442077637	-1.0	-1.0	20.717449188232422	-1.0
60	1	2	0	21.0	47.333333333333336	5.731721878051758	5.316985130310059	-1.0	12.666666666666666	-1.0	inf	-1.0	-1.0	20.71073341369629	-1.0	inf	-1.0
61	1	2	1	21.0	47.333333333333336	5.731721878051758	5.316985130310059	inf	41.0	inf	inf	inf	inf	8.157526016235352	inf	inf	inf
62	1	2	2	21.0	47.333333333333336	5.731721878051758	5.316985130310059	inf	inf	inf	28.0	31.0	inf	inf	inf	11.904412269592285	12.651155471801758
63	1	2	3	21.0	47.333333333333336	5.731721878051758	5.316985130310059	-1.0	inf	-1.0	inf	-1.0	-1.0	inf	-1.0	inf	-1.0
64	1	2	4	21.0	47.333333333333336	5.731721878051758	5.316985130310059	14.666666666666666	26.0	-1.0	-1.0	-1.0	5.269015789031982	9.894935607910156	-1.0	-1.0	-1.0
65	1	3	0	14.666666666666666	47.333333333333336	5.269015789031982	5.316985130310059	inf	21.0	-1.0	55.333333333333336	-1.0	inf	7.63326358795166	-1.0	23.246910095214844	-1.0
66	1	3	1	14.666666666666666	47.333333333333336	5.269015789031982	5.316985130310059	inf	inf	inf	inf	inf	inf	inf	inf	inf	inf
67	1	3	2	14.666666666666666	47.333333333333336	5.269015789031982	5.316985130310059	inf	inf	inf	inf	29.0	inf	inf	inf	inf	10.366915702819824
68	1	3	3	14.666666666666666	47.333333333333336	5.269015789031982	5.316985130310059	21.0	-1.0	23.0	-1.0	-1.0	5.731721878051758	-1.0	9.093306541442871	-1.0	-1.0
69	1	3	4	14.666666666666666	47.333333333333336	5.269015789031982	5.316985130310059	inf	inf	-1.0	inf	-1.0	inf	inf	-1.0	inf	-1.0
70	1	4	0	21.0	47.333333333333336	5.731721878051758	5.316985130310059	inf	16.666666666666668	-1.0	-1.0	inf	inf	11.326314926147461	-1.0	-1.0	inf
71	1	4	1	21.0	47.333333333333336	5.731721878051758	5.316985130310059	12.666666666666666	inf	inf	-1.0	inf	8.521190643310547	inf	inf	-1.0	inf
72	1	4	2	21.0	47.333333333333336	5.731721878051758	5.316985130310059	inf	inf	inf	-1.0	-1.0	inf	inf	inf	-1.0	-1.0
73	1	4	3	21.0	47.333333333333336	5.731721878051758	5.316985130310059	-1.0	inf	-1.0	-1.0	-1.0	-1.0	inf	-1.0	-1.0	-1.0
74	1	4	4	21.0	47.333333333333336	5.731721878051758	5.316985130310059	inf	-1.0	-1.0	31.333333333333332	22.0	inf	-1.0	-1.0	19.024688720703125	8.433253288269043
75	1	5	0	47.333333333333336	21.0	5.316985130310059	5.731721878051758	inf	-1.0	-1.0	43.333333333333336	-1.0	inf	-1.0	-1.0	27.020404815673828	-1.0
76	1	5	1	47.333333333333336	21.0	5.316985130310059	5.731721878051758	inf	inf	inf	-1.0	inf	inf	inf	inf	-1.0	inf
77	1	5	2	47.333333333333336	21.0	5.316985130310059	5.731721878051758	inf	24.333333333333332	inf	-1.0	inf	inf	11.229031562805176	inf	-1.0	inf
78	1	5	3	47.333333333333336	21.0	5.316985130310059	5.731721878051758	inf	inf	inf	-1.0	10.0	inf	inf	inf	-1.0	12.807490348815918
79	1	5	4	47.333333333333336	21.0	5.316985130310059	5.731721878051758	inf	inf	-1.0	inf	inf	inf	inf	-1.0	inf	inf
80	1	6	0	47.333333333333336	14.666666666666666	5.316985130310059	5.269015789031982	-1.0	inf	-1.0	-1.0	9.666666666666666	-1.0	inf	-1.0	-1.0	9.110301971435547
81	1	6	1	47.333333333333336	14.666666666666666	5.316985130310059	5.269015789031982	inf	inf	inf	inf	-1.0	inf	inf	inf	inf	-1.0
82	1	6	2	47.333333333333336	14.666666666666666	5.316985130310059	5.269015789031982	14.0	inf	inf	inf	-1.0	5.2351202964782715	inf	inf	inf	-1.0
83	1	6	3	47.333333333333336	14.666666666666666	5.316985130310059	5.269015789031982	inf	inf	28.333333333333332	-1.0	inf	inf	inf	9.991028785705566	-1.0	inf
84	1	6	4	47.333333333333336	14.666666666666666	5.316985130310059	5.269015789031982	inf	inf	inf	inf	-1.0	inf	inf	inf	inf	-1.0
85	1	7	0	47.333333333333336	21.0	5.316985130310059	5.731721878051758	-1.0	-1.0	-1.0	4.666666666666667	33.666666666666664	-1.0	-1.0	-1.0	3.981170892715454	9.101324081420898
86	1	7	1	47.333333333333336	21.0	5.316985130310059	5.731721878051758	19.666666666666668	inf	inf	-1.0	inf	12.970427513122559	inf	inf	-1.0	inf
87	1	7	2	47.333333333333336	21.0	5.316985130310059	5.731721878051758	inf	-1.0	inf	-1.0	-1.0	inf	-1.0	inf	-1.0	-1.0
88	1	7	3	47.333333333333336	21.0	5.316985130310059	5.731721878051758	inf	-1.0	-1.0	-1.0	inf	inf	-1.0	-1.0	-1.0	inf
89	1	7	4	47.333333333333336	21.0	5.316985130310059	5.731721878051758	-1.0	inf	-1.0	-1.0	inf	-1.0	inf	-1.0	-1.0	inf
90	1	8	0	47.333333333333336	21.0	5.316985130310059	5.731721878051758	25.0	48.666666666666664	18.0	31.333333333333332	inf	13.018960952758789	6.084399223327637	17.608474731445312	7.125940799713135	inf
91	1	8	1	47.333333333333336	21.0	5.316985130310059	5.731721878051758	25.333333333333332	-1.0	inf	inf	inf	12.327075004577637	-1.0	inf	inf	inf
92	1	8	2	47.333333333333336	21.0	5.316985130310059	5.731721878051758	inf	inf	-1.0	inf	-1.0	inf	inf	-1.0	inf	-1.0
93	1	8	3	47.333333333333336	21.0	5.316985130310059	5.731721878051758	inf	inf	inf	inf	-1.0	inf	inf	inf	inf	-1.0
94	1	8	4	47.333333333333336	21.0	5.316985130310059	5.731721878051758	inf	inf	13.0	-1.0	-1.0	inf	inf	21.01711082458496	-1.0	-1.0
95	1	9	0	47.333333333333336	14.666666666666666	5.316985130310059	5.269015789031982	15.333333333333334	14.333333333333334				12.350257873535156	13.411108016967773			
96	1	9	1	47.333333333333336	14.666666666666666	5.316985130310059	5.269015789031982	-1.0	inf	inf	-1.0	inf	-1.0	inf	inf	-1.0	inf
97	1	9	2	47.333333333333336	14.666666666666666	5.316985130310059	5.269015789031982	inf	-1.0	18.333333333333332	-1.0	-1.0	inf	-1.0	12.50740909576416	-1.0	-1.0
98	1	9	3	47.333333333333336	14.666666666666666	5.316985130310059	5.269015789031982	-1.0	55.333333333333336	inf	inf	44.333333333333336	-1.0	50.576316833496094	inf	inf	38.590667724609375
99	1	9	4	47.333333333333336	14.666666666666666	5.316985130310059	5.269015789031982	inf	inf	inf	inf	5.333333333333333	inf	inf	inf	inf	4.0230207443237305
100	2	0	0	14.666666666666666	14.666666666666666	5.1385931968688965	5.1385931968688965	14.666666666666666	63.0	43.666666666666664	inf	-1.0	5.1385931968688965	70.09236907958984	76.12516021728516	inf	-1.0
101	2	0	1	14.666666666666666	14.666666666666666	5.1385931968688965	5.1385931968688965	25.333333333333332	inf	inf	inf	55.0	16.65423583984375	inf	inf	inf	68.82788848876953
102	2	0	2	14.666666666666666	14.666666666666666	5.1385931968688965	5.1385931968688965	inf	inf	20.0	inf	inf	inf	inf	13.017770767211914	inf	inf
103	2	0	3	14.666666666666666	14.666666666666666	5.1385931968688965	5.1385931968688965	16.0	-1.0	11.333333333333334	inf	14.333333333333334	15.38278865814209	-1.0	5.062530517578125	inf	5.40711784362793
104	2	0	4	14.666666666666666	14.666666666666666	5.1385931968688965	5.1385931968688965	-1.0	inf	inf	-1.0	inf	-1.0	inf	inf	-1.0	inf
105	2	1	0	14.666666666666666	14.666666666666666	5.1385931968688965	5.1385931968688965	-1.0	46.0	-1.0	-1.0	-1.0	-1.0	6.100954532623291	-1.0	-1.0	-1.0
106	2	1	1	14.666666666666666	14.666666666666666	5.1385931968688965	5.1385931968688965	inf	inf	17.666666666666668	25.333333333333332	inf	inf	inf	7.467440605163574	10.727503776550293	inf
107	2	1	2	14.666666666666666	14.666666666666666	5.1385931968688965	5.1385931968688965	inf	inf	inf	17.333333333333332	inf	inf	inf	inf	6.0160980224609375	inf
108	2	1	3	14.666666666666666	14.666666666666666	5.1385931968688965	5.1385931968688965	inf	inf	inf	16.0	-1.0	inf	inf	inf	9.856285095214844	-1.0
109	2	1	4	14.666666666666666	14.666666666666666	5.1385931968688965	5.1385931968688965	34.666666666666664	-1.0	67.33333333333333	inf	inf	23.72229766845703	-1.0	29.958518981933594	inf	inf
110	2	2	0	14.666666666666666	14.666666666666666	5.1385931968688965	5.1385931968688965	-1.0	inf	inf	67.66666666666667	-1.0	-1.0	inf	inf	80.94951629638672	-1.0
111	2	2	1	14.666666666666666	14.666666666666666	5.1385931968688965	5.1385931968688965	inf	inf	inf	inf	inf	inf	inf	inf	inf	inf
112	2	2	2	14.666666666666666	14.666666666666666	5.1385931968688965	5.1385931968688965	inf	inf	inf	inf	19.0	inf	inf	inf	inf	8.187708854675293
113	2	2	3	14.666666666666666	14.666666666666666	5.1385931968688965	5.1385931968688965	41.0	-1.0	46.666666666666664	66.66666666666667	-1.0	9.992071151733398	-1.0	10.148600578308105	66.6543960571289	-1.0
114	2	2	4	14.666666666666666	14.666666666666666	5.1385931968688965	5.1385931968688965	47.0	45.0	inf	27.333333333333332	-1.0	9.684886932373047	11.05247974395752	inf	14.351444244384766	-1.0
115	2	3	0	14.666666666666666	14.666666666666666	5.1385931968688965	5.1385931968688965	58.0	-1.0	-1.0	-1.0	30.666666666666668	18.91385841369629	-1.0	-1.0	-1.0	6.759985446929932
116	2	3	1	14.666666666666666	14.666666666666666	5.1385931968688965	5.1385931968688965	inf	36.0	inf	35.0	46.333333333333336	inf	13.03806209564209	inf	13.477405548095703	12.483843803405762
117	2	3	2	14.666666666666666	14.666666666666666	5.1385931968688965	5.1385931968688965	20.0	-1.0	-1.0	inf	-1.0	8.637909889221191	-1.0	-1.0	inf	-1.0
118	2	3	3	14.666666666666666	14.666666666666666	5.1385931968688965	5.1385931968688965	15.666666666666666	inf	16.0	-1.0	21.666666666666668	6.558115005493164	inf	7.2676167488098145	-1.0	7.960029125213623
119	2	3	4	14.666666666666666	14.666666666666666	5.1385931968688965	5.1385931968688965	40.333333333333336	36.333333333333336	inf	-1.0	56.666666666666664	13.084772109985352	12.03383731842041	inf	-1.0	12.673196792602539
120	2	4	0	14.666666666666666	14.666666666666666	5.1385931968688965	5.1385931968688965	71.0	60.0	45.0	30.666666666666668	45.333333333333336	46.0369873046875	19.914806365966797	10.39099407196045	10.297475814819336	9.910597801208496
121	2	4	1	14.666666666666666	14.666666666666666	5.1385931968688965	5.1385931968688965	inf	22.333333333333332	57.0	46.0	inf	inf	8.838465690612793	12.720640182495117	17.215723037719727	inf
122	2	4	2	14.666666666666666	14.666666666666666	5.1385931968688965	5.1385931968688965	20.0	19.0	14.666666666666666	-1.0	19.333333333333332	5.788002967834473	5.734601974487305	5.1385931968688965	-1.0	5.775144100189209
123	2	4	3	14.666666666666666	14.666666666666666	5.1385931968688965	5.1385931968688965	inf	42.0	47.333333333333336	-1.0	46.0	inf	13.306974411010742	10.644947052001953	-1.0	6.100954532623291
124	2	4	4	14.666666666666666	14.666666666666666	5.1385931968688965	5.1385931968688965	17.0	-1.0	16.0	inf	15.666666666666666	10.812994956970215	-1.0	12.939240455627441	inf	13.122145652770996
125	2	5	0	14.666666666666666	14.666666666666666	5.1385931968688965	5.1385931968688965	18.666666666666668	34.666666666666664	70.0	-1.0	-1.0	5.580460548400879	18.64061737060547	62.688072204589844	-1.0	-1.0
126	2	5	1	14.666666666666666	14.666666666666666	5.1385931968688965	5.1385931968688965	inf	-1.0	56.666666666666664	-1.0	45.333333333333336	inf	-1.0	13.872170448303223	-1.0	9.910597801208496
127	2	5	2	14.666666666666666	14.666666666666666	5.1385931968688965	5.1385931968688965	inf	15.0	16.666666666666668	-1.0	13.0	inf	4.9582977294921875	5.8467116355896	-1.0	5.022909164428711
128	2	5	3	14.666666666666666	14.666666666666666	5.1385931968688965	5.1385931968688965	inf	-1.0	-1.0	inf	inf	inf	-1.0	-1.0	inf	inf
129	2	5	4	14.666666666666666	14.666666666666666	5.1385931968688965	5.1385931968688965	-1.0	40.333333333333336	28.0	44.666666666666664	25.333333333333332	-1.0	8.787952423095703	11.833545684814453	58.141517639160156	13.453330039978027
130	2	6	0	14.666666666666666	14.666666666666666	5.1385931968688965	5.1385931968688965	18.666666666666668	46.333333333333336	-1.0	-1.0	-1.0	7.17344331741333	8.703123092651367	-1.0	-1.0	-1.0
131	2	6	1	14.666666666666666	14.666666666666666	5.1385931968688965	5.1385931968688965	inf	16.333333333333332	51.0	27.0	-1.0	inf	5.573675155639648	10.346004486083984	12.786046981811523	-1.0
132	2	6	2	14.666666666666666	14.666666666666666	5.1385931968688965	5.1385931968688965	29.333333333333332	29.0	inf	inf	49.333333333333336	8.470968246459961	10.80205249786377	inf	inf	35.611717224121094
133	2	6	3	14.666666666666666	14.666666666666666	5.1385931968688965	5.1385931968688965	inf	17.333333333333332	33.666666666666664	-1.0	inf	inf	11.508763313293457	18.07036781311035	-1.0	inf
134	2	6	4	14.666666666666666	14.666666666666666	5.1385931968688965	5.1385931968688965	37.666666666666664	40.0	33.333333333333336	21.333333333333332	45.666666666666664	9.72326374053955	45.946311950683594	16.479494094848633	6.541347980499268	9.498056411743164
135	2	7	0	21.333333333333332	14.666666666666666	6.541347980499268	5.1385931968688965	-1.0	-1.0	23.666666666666668	-1.0	-1.0	-1.0	-1.0	6.3819804191589355	-1.0	-1.0
136	2	7	1	21.333333333333332	14.666666666666666	6.541347980499268	5.1385931968688965	inf	inf	inf	inf	-1.0	inf	inf	inf	inf	-1.0
137	2	7	2	21.333333333333332	14.666666666666666	6.541347980499268	5.1385931968688965	inf	inf	51.333333333333336	inf	30.666666666666668	inf	inf	32.3773193359375	inf	8.928500175476074
138	2	7	3	21.333333333333332	14.666666666666666	6.541347980499268	5.1385931968688965	inf	18.666666666666668	-1.0	-1.0	inf	inf	5.580460548400879	-1.0	-1.0	inf
139	2	7	4	21.333333333333332	14.666666666666666	6.541347980499268	5.1385931968688965	inf	-1.0	19.333333333333332	49.666666666666664	-1.0	inf	-1.0	8.849440574645996	58.72958755493164	-1.0
140	2	8	0	45.666666666666664	19.333333333333332	9.498056411743164	8.849440574645996	inf	21.0	inf	45.666666666666664	inf	inf	7.662365913391113	inf	6.000230312347412	inf
141	2	8	1	45.666666666666664	19.333333333333332	9.498056411743164	8.849440574645996	inf	inf	-1.0	inf	inf	inf	inf	-1.0	inf	inf
142	2	8	2	45.666666666666664	19.333333333333332	9.498056411743164	8.849440574645996	61.333333333333336	-1.0	inf	61.666666666666664	-1.0	39.70732498168945	-1.0	inf	21.841110229492188	-1.0
143	2	8	3	45.666666666666664	19.333333333333332	9.498056411743164	8.849440574645996	21.0	43.0	67.0	-1.0	23.333333333333332	7.785495758056641	19.638525009155273	52.39075469970703	-1.0	6.1606764793396
144	2	8	4	45.666666666666664	19.333333333333332	9.498056411743164	8.849440574645996	17.666666666666668	23.666666666666668	inf	27.0	164.33333333333334	5.729265213012695	12.991762161254883	inf	10.844832420349121	129.5483856201172
145	2	9	0	17.666666666666668	14.666666666666666	5.729265213012695	5.1385931968688965	19.333333333333332	21.666666666666668	21.333333333333332	inf	inf	4.532675743103027	6.099496364593506	5.358182907104492	inf	inf
146	2	9	1	17.666666666666668	14.666666666666666	5.729265213012695	5.1385931968688965	inf	inf	inf	inf	inf	inf	inf	inf	inf	inf
147	2	9	2	17.666666666666668	14.666666666666666	5.729265213012695	5.1385931968688965	inf	inf	inf	inf	44.666666666666664	inf	inf	inf	inf	17.06517219543457
148	2	9	3	17.666666666666668	14.666666666666666	5.729265213012695	5.1385931968688965	16.0	14.666666666666666	-1.0	42.0	-1.0	7.139923572540283	5.1385931968688965	-1.0	12.584298133850098	-1.0
149	2	9	4	17.666666666666668	14.666666666666666	5.729265213012695	5.1385931968688965	31.333333333333332	-1.0	23.333333333333332	31.666666666666668	47.333333333333336	16.820833206176758	-1.0	7.032684803009033	25.53885841369629	6.110123157501221
