	reset_island_iter	improve_iter	island	program_1_hamming_score	program_2_hamming_score	program_1_neural_score	program_2_neural_score	output_program_1_hamming_score	output_program_2_hamming_score	output_program_3_hamming_score	output_program_4_hamming_score	output_program_5_hamming_score	output_program_1_neural_score	output_program_2_neural_score	output_program_3_neural_score	output_program_4_neural_score	output_program_5_neural_score
0	0	0	0	0.07498668101636562	0.08119611165993354	5.768547534942627	15.68120288848877	inf	0.10265630061548428	-1.0	0.20368594505885787	-1.0	inf	3.0244548320770264	-1.0	3.7779083251953125	-1.0
1	0	0	1	0.07498668101636562	0.08119611165993354	5.768547534942627	15.68120288848877	0.2100351514080642	inf	0.2674336794930487	0.2100351514080642	-1.0	6.8521199226379395	inf	9.596680641174316	7.317279815673828	-1.0
2	0	0	2	0.07498668101636562	0.08119611165993354	5.768547534942627	15.68120288848877	0.1050175757040321	0.15752636355604815	0.2454706085503859	inf	-1.0	5.604061126708984	3.512228012084961	13.442801475524902	inf	-1.0
3	0	0	3	0.07498668101636562	0.08119611165993354	5.768547534942627	15.68120288848877	0.07009694078339719	0.1050175757040321	0.07454138522784162	-1.0	0.07454138522784162	2.9293887615203857	4.103895664215088	2.310605049133301	-1.0	2.2374584674835205
4	0	0	4	0.07498668101636562	0.08119611165993354	5.768547534942627	15.68120288848877	0.0900351514080642	0.07416213553504833	-1.0	inf	-1.0	4.1341776847839355	3.217576265335083	-1.0	inf	-1.0
5	0	1	0	0.07498668101636562	0.0900351514080642	5.768547534942627	4.1341776847839355	0.14393387894315537	-1.0	-1.0	-1.0	0.1727644587941434	5.783096790313721	-1.0	-1.0	-1.0	6.904362201690674
6	0	1	1	0.07498668101636562	0.0900351514080642	5.768547534942627	4.1341776847839355	inf	0.1768707482993197	-1.0	inf	inf	inf	34.4578857421875	-1.0	inf	inf
7	0	1	2	0.07498668101636562	0.0900351514080642	5.768547534942627	4.1341776847839355	inf	-1.0	inf	-1.0	-1.0	inf	-1.0	inf	-1.0	-1.0
8	0	1	3	0.07498668101636562	0.0900351514080642	5.768547534942627	4.1341776847839355	0.1050175757040321	-1.0	0.15752636355604815	0.10358900427546067	-1.0	3.100484848022461	-1.0	5.448191165924072	3.1207053661346436	-1.0
9	0	1	4	0.07498668101636562	0.0900351514080642	5.768547534942627	4.1341776847839355	0.10590816728108009	inf	0.10181207784176245	-1.0	-1.0	3.5847017765045166	inf	3.993405342102051	-1.0	-1.0
10	0	2	0	0.07498668101636562	0.07416213553504833	5.768547534942627	3.217576265335083	0.07289229426520706	-1.0	inf	-1.0	0.08926117790681798	2.2269794940948486	-1.0	inf	-1.0	6.760000228881836
11	0	2	1	0.07498668101636562	0.07416213553504833	5.768547534942627	3.217576265335083	0.1050175757040321	-1.0	-1.0	0.12255863699277428	-1.0	3.5893714427948	-1.0	-1.0	5.288090705871582	-1.0
12	0	2	2	0.07498668101636562	0.07416213553504833	5.768547534942627	3.217576265335083	inf	inf	-1.0	-1.0	-1.0	inf	inf	-1.0	-1.0	-1.0
13	0	2	3	0.07498668101636562	0.07416213553504833	5.768547534942627	3.217576265335083	-1.0	-1.0	-1.0	-1.0	-1.0	-1.0	-1.0	-1.0	-1.0	-1.0
14	0	2	4	0.07498668101636562	0.07416213553504833	5.768547534942627	3.217576265335083	0.08686054823346102	0.1050175757040321	-1.0	0.09574943712234993	-1.0	3.3427820205688477	3.5893714427948	-1.0	3.5395331382751465	-1.0
15	0	3	0	0.08119611165993354	0.10590816728108009	15.68120288848877	3.5847017765045166	-1.0	-1.0	0.09694201490119857	-1.0	inf	-1.0	-1.0	3.077620506286621	-1.0	inf
16	0	3	1	0.08119611165993354	0.10590816728108009	15.68120288848877	3.5847017765045166	0.2100351514080642	0.2100351514080642	inf	0.28577612863327145	0.15892404029695312	7.278511047363281	6.934238433837891	inf	32.68086242675781	3.1950862407684326
17	0	3	2	0.08119611165993354	0.10590816728108009	15.68120288848877	3.5847017765045166	inf	inf	-1.0	inf	-1.0	inf	inf	-1.0	inf	-1.0
18	0	3	3	0.08119611165993354	0.10590816728108009	15.68120288848877	3.5847017765045166	-1.0	-1.0	-1.0	-1.0	-1.0	-1.0	-1.0	-1.0	-1.0	-1.0
19	0	3	4	0.08119611165993354	0.10590816728108009	15.68120288848877	3.5847017765045166	inf	0.1050175757040321	0.09165334768303228	0.1050175757040321	0.05250878785201605	inf	4.948243141174316	4.103043556213379	3.205888509750366	6.199549674987793
20	0	4	0	0.1050175757040321	0.0900351514080642	4.948243141174316	4.1341776847839355	-1.0	-1.0	-1.0	-1.0	0.15516508846750035	-1.0	-1.0	-1.0	-1.0	7.400384902954102
21	0	4	1	0.1050175757040321	0.0900351514080642	4.948243141174316	4.1341776847839355	0.19098753236044516	-1.0	-1.0	inf	-1.0	5.45706844329834	-1.0	-1.0	inf	-1.0
22	0	4	2	0.1050175757040321	0.0900351514080642	4.948243141174316	4.1341776847839355	inf	inf	inf	inf	inf	inf	inf	inf	inf	inf
23	0	4	3	0.1050175757040321	0.0900351514080642	4.948243141174316	4.1341776847839355	-1.0	-1.0	0.12260572863541323	-1.0	-1.0	-1.0	-1.0	5.748047828674316	-1.0	-1.0
24	0	4	4	0.1050175757040321	0.0900351514080642	4.948243141174316	4.1341776847839355	inf	0.1050175757040321	inf	-1.0	inf	inf	4.885365009307861	inf	-1.0	inf
25	0	5	0	0.1050175757040321	0.10181207784176245	3.205888509750366	3.993405342102051	-1.0	-1.0	-1.0	0.05250878785201605	-1.0	-1.0	-1.0	-1.0	6.199549674987793	-1.0
26	0	5	1	0.1050175757040321	0.10181207784176245	3.205888509750366	3.993405342102051	0.1442625566558776	0.1442625566558776	-1.0	0.15752636355604815	0.11435176038144498	6.962287425994873	6.407216548919678	-1.0	7.7108612060546875	6.8647637367248535
27	0	5	2	0.1050175757040321	0.10181207784176245	3.205888509750366	3.993405342102051	-1.0	-1.0	0.14165334768303225	-1.0	-1.0	-1.0	-1.0	6.574571132659912	-1.0	-1.0
28	0	5	3	0.1050175757040321	0.10181207784176245	3.205888509750366	3.993405342102051	-1.0	-1.0	-1.0	-1.0	-1.0	-1.0	-1.0	-1.0	-1.0	-1.0
29	0	5	4	0.1050175757040321	0.10181207784176245	3.205888509750366	3.993405342102051	inf	-1.0	0.1050175757040321	inf	0.1050175757040321	inf	-1.0	3.9931671619415283	inf	5.604061126708984
30	0	6	0	0.09165334768303228	0.0900351514080642	4.103043556213379	4.1341776847839355	-1.0	inf	-1.0	inf	inf	-1.0	inf	-1.0	inf	inf
31	0	6	1	0.09165334768303228	0.0900351514080642	4.103043556213379	4.1341776847839355	0.173844675217588	0.17133588736557195	-1.0	inf	inf	3.48862361907959	4.26539421081543	-1.0	inf	inf
32	0	6	2	0.09165334768303228	0.0900351514080642	4.103043556213379	4.1341776847839355	-1.0	0.06374773443419084	-1.0	0.15752636355604815	-1.0	-1.0	4.497310161590576	-1.0	3.5695159435272217	-1.0
33	0	6	3	0.09165334768303228	0.0900351514080642	4.103043556213379	4.1341776847839355	-1.0	0.05250878785201605	0.12705017307985766	0.1050175757040321	-1.0	-1.0	6.199549674987793	6.265324115753174	3.5893714427948	-1.0
34	0	6	4	0.09165334768303228	0.0900351514080642	4.103043556213379	4.1341776847839355	-1.0	-1.0	0.12606689743981023	-1.0	-1.0	-1.0	-1.0	4.614117622375488	-1.0	-1.0
35	0	7	0	0.1050175757040321	0.08119611165993354	4.885365009307861	15.68120288848877	-1.0	inf	inf	-1.0	-1.0	-1.0	inf	inf	-1.0	-1.0
36	0	7	1	0.1050175757040321	0.08119611165993354	4.885365009307861	15.68120288848877	-1.0	-1.0	0.14108795348127443	-1.0	inf	-1.0	-1.0	5.201451301574707	-1.0	inf
37	0	7	2	0.1050175757040321	0.08119611165993354	4.885365009307861	15.68120288848877	-1.0	-1.0	-1.0	inf	-1.0	-1.0	-1.0	-1.0	inf	-1.0
38	0	7	3	0.1050175757040321	0.08119611165993354	4.885365009307861	15.68120288848877	-1.0	-1.0	-1.0	-1.0	-1.0	-1.0	-1.0	-1.0	-1.0	-1.0
39	0	7	4	0.1050175757040321	0.08119611165993354	4.885365009307861	15.68120288848877	0.03009694078339718	-1.0	-1.0	-1.0	-1.0	2.3039252758026123	-1.0	-1.0	-1.0	-1.0
40	0	8	0	0.10181207784176245	0.1050175757040321	3.993405342102051	3.9931671619415283	0.14101842704811166	0.17828911966203245	-1.0	inf	-1.0	7.250349521636963	5.477839946746826	-1.0	inf	-1.0
41	0	8	1	0.10181207784176245	0.1050175757040321	3.993405342102051	3.9931671619415283	0.1050175757040321	-1.0	inf	-1.0	-1.0	13.787177085876465	-1.0	inf	-1.0	-1.0
42	0	8	2	0.10181207784176245	0.1050175757040321	3.993405342102051	3.9931671619415283	inf	inf	inf	inf	0.15752636355604815	inf	inf	inf	inf	5.669195652008057
43	0	8	3	0.10181207784176245	0.1050175757040321	3.993405342102051	3.9931671619415283	-1.0	-1.0	0.1050175757040321	-1.0	-1.0	-1.0	-1.0	4.889221668243408	-1.0	-1.0
44	0	8	4	0.10181207784176245	0.1050175757040321	3.993405342102051	3.9931671619415283	-1.0	0.08914455983101623	0.08200170268815908	-1.0	0.10590816728108009	-1.0	2.821565628051758	3.5704429149627686	-1.0	4.208302021026611
45	0	9	0	0.10181207784176245	0.1050175757040321	3.993405342102051	3.5893714427948	inf	inf	inf	inf	inf	inf	inf	inf	inf	inf
46	0	9	1	0.10181207784176245	0.1050175757040321	3.993405342102051	3.5893714427948	inf	-1.0	inf	-1.0	0.12089059157704796	inf	-1.0	inf	-1.0	11.692222595214844
47	0	9	2	0.10181207784176245	0.1050175757040321	3.993405342102051	3.5893714427948	inf	inf	-1.0	inf	inf	inf	inf	-1.0	inf	inf
48	0	9	3	0.10181207784176245	0.1050175757040321	3.993405342102051	3.5893714427948	-1.0	0.15752636355604815	-1.0	-1.0	-1.0	-1.0	5.91291618347168	-1.0	-1.0	-1.0
49	0	9	4	0.10181207784176245	0.1050175757040321	3.993405342102051	3.5893714427948	0.10265630061548428	-1.0	-1.0	-1.0	0.1111771572068418	3.0244548320770264	-1.0	-1.0	-1.0	6.93529748916626
50	1	0	0	0.06374773443419084	0.05250878785201605	4.497310161590576	6.199549674987793	0.12586953553558378	-1.0	0.11317112283717105	0.17955896093187373	-1.0	6.641892910003662	-1.0	7.602484703063965	3.7133727073669434	-1.0
51	1	0	1	0.06374773443419084	0.05250878785201605	4.497310161590576	6.199549674987793	-1.0	-1.0	-1.0	0.13511451648742928	-1.0	-1.0	-1.0	-1.0	2.828510046005249	-1.0
52	1	0	2	0.06374773443419084	0.05250878785201605	4.497310161590576	6.199549674987793	0.1050175757040321	0.09549376618022258	-1.0	-1.0	0.07035609206295663	3.9931671619415283	3.7552289962768555	-1.0	-1.0	5.156170845031738
53	1	0	3	0.06374773443419084	0.05250878785201605	4.497310161590576	6.199549674987793	-1.0	-1.0	-1.0	-1.0	-1.0	-1.0	-1.0	-1.0	-1.0	-1.0
54	1	0	4	0.06374773443419084	0.05250878785201605	4.497310161590576	6.199549674987793	-1.0	0.05130847301533758	0.0			-1.0	3.226008176803589	0.0		
