	reset_island_iter	improve_iter	island	program_1_hamming_score	program_2_hamming_score	program_1_neural_score	program_2_neural_score	output_program_1_hamming_score	output_program_2_hamming_score	output_program_3_hamming_score	output_program_4_hamming_score	output_program_5_hamming_score	output_program_1_neural_score	output_program_2_neural_score	output_program_3_neural_score	output_program_4_neural_score	output_program_5_neural_score
0	0	0	0	26.333333333333332	26.333333333333332	8.51614761352539	8.51614761352539	14.333333333333334	inf	-1.0	-1.0	100.0	7.115880012512207	inf	-1.0	-1.0	6.92561149597168
1	0	0	1	26.333333333333332	26.333333333333332	8.51614761352539	8.51614761352539	22.333333333333332	21.333333333333332	24.333333333333332	inf	20.0	3.357839584350586	3.2230799198150635	5.000894069671631	inf	3.3780603408813477
2	0	0	2	26.333333333333332	26.333333333333332	8.51614761352539	8.51614761352539	24.0	inf	-1.0	12.0	inf	5.303865909576416	inf	-1.0	5.099396705627441	inf
3	0	0	3	26.333333333333332	26.333333333333332	8.51614761352539	8.51614761352539	9.666666666666666	inf	inf	inf	inf	2.8768973350524902	inf	inf	inf	inf
4	0	0	4	26.333333333333332	26.333333333333332	8.51614761352539	8.51614761352539	26.333333333333332	14.333333333333334	-1.0	-1.0	-1.0	73.97813415527344	7.115880012512207	-1.0	-1.0	-1.0
5	0	1	0	14.333333333333334	26.333333333333332	7.115880012512207	8.51614761352539	inf	-1.0	-1.0	inf	-1.0	inf	-1.0	-1.0	inf	-1.0
6	0	1	1	14.333333333333334	26.333333333333332	7.115880012512207	8.51614761352539	20.0	inf	inf	26.333333333333332	inf	2.9870481491088867	inf	inf	3.362967014312744	inf
7	0	1	2	14.333333333333334	26.333333333333332	7.115880012512207	8.51614761352539	-1.0	inf	-1.0	-1.0	21.666666666666668	-1.0	inf	-1.0	-1.0	3.870922327041626
8	0	1	3	14.333333333333334	26.333333333333332	7.115880012512207	8.51614761352539	inf	inf	inf	8.333333333333334	inf	inf	inf	inf	3.2751736640930176	inf
9	0	1	4	14.333333333333334	26.333333333333332	7.115880012512207	8.51614761352539	19.333333333333332	19.666666666666668	-1.0	inf	-1.0	4.094858646392822	6.459475994110107	-1.0	inf	-1.0
10	0	2	0	14.333333333333334	19.333333333333332	7.115880012512207	4.094858646392822	-1.0	-1.0	85.66666666666667	-1.0	-1.0	-1.0	-1.0	5.523282527923584	-1.0	-1.0
11	0	2	1	14.333333333333334	19.333333333333332	7.115880012512207	4.094858646392822	-1.0	inf	inf	inf	-1.0	-1.0	inf	inf	inf	-1.0
12	0	2	2	14.333333333333334	19.333333333333332	7.115880012512207	4.094858646392822	-1.0	-1.0	-1.0	-1.0	-1.0	-1.0	-1.0	-1.0	-1.0	-1.0
13	0	2	3	14.333333333333334	19.333333333333332	7.115880012512207	4.094858646392822	-1.0	-1.0	11.666666666666666	inf	inf	-1.0	-1.0	2.5273401737213135	inf	inf
14	0	2	4	14.333333333333334	19.333333333333332	7.115880012512207	4.094858646392822	15.333333333333334	-1.0	-1.0	-1.0	13.666666666666666	2.7702951431274414	-1.0	-1.0	-1.0	4.080903053283691
15	0	3	0	14.333333333333334	13.666666666666666	7.115880012512207	4.080903053283691	26.333333333333332	97.0	-1.0	26.333333333333332	-1.0	7.282248497009277	6.112212657928467	-1.0	8.51614761352539	-1.0
16	0	3	1	14.333333333333334	13.666666666666666	7.115880012512207	4.080903053283691	inf	inf	19.333333333333332	inf	21.333333333333332	inf	inf	2.667764902114868	inf	3.443974256515503
17	0	3	2	14.333333333333334	13.666666666666666	7.115880012512207	4.080903053283691	26.333333333333332	-1.0	-1.0	-1.0	-1.0	39.58349609375	-1.0	-1.0	-1.0	-1.0
18	0	3	3	14.333333333333334	13.666666666666666	7.115880012512207	4.080903053283691	inf	inf	inf	-1.0	inf	inf	inf	inf	-1.0	inf
19	0	3	4	14.333333333333334	13.666666666666666	7.115880012512207	4.080903053283691	14.0	25.333333333333332	164.33333333333334	-1.0	16.0	3.9945178031921387	53.68826675415039	34.894569396972656	-1.0	15.960676193237305
20	0	4	0	15.333333333333334	14.0	2.7702951431274414	3.9945178031921387	10.666666666666666	-1.0	9.666666666666666	18.666666666666668	inf	3.1965012550354004	-1.0	3.1791019439697266	3.6718528270721436	inf
21	0	4	1	15.333333333333334	14.0	2.7702951431274414	3.9945178031921387	15.0	inf	20.0	-1.0	-1.0	2.375532865524292	inf	4.243994235992432	-1.0	-1.0
22	0	4	2	15.333333333333334	14.0	2.7702951431274414	3.9945178031921387	26.333333333333332	inf	26.333333333333332	inf	-1.0	8.51614761352539	inf	40.3338623046875	inf	-1.0
23	0	4	3	15.333333333333334	14.0	2.7702951431274414	3.9945178031921387	inf	-1.0	-1.0	12.0	inf	inf	-1.0	-1.0	5.099396705627441	inf
24	0	4	4	15.333333333333334	14.0	2.7702951431274414	3.9945178031921387	14.0	-1.0	24.0	15.0	-1.0	5.7037272453308105	-1.0	5.989437103271484	4.326076507568359	-1.0
25	0	5	0	14.333333333333334	15.333333333333334	7.115880012512207	2.7702951431274414	-1.0	12.0	inf	-1.0	-1.0	-1.0	3.444490909576416	inf	-1.0	-1.0
26	0	5	1	14.333333333333334	15.333333333333334	7.115880012512207	2.7702951431274414	24.0	-1.0	-1.0	inf	inf	5.47410249710083	-1.0	-1.0	inf	inf
27	0	5	2	14.333333333333334	15.333333333333334	7.115880012512207	2.7702951431274414	-1.0	-1.0	100.0	inf	-1.0	-1.0	-1.0	9.47609806060791	inf	-1.0
28	0	5	3	14.333333333333334	15.333333333333334	7.115880012512207	2.7702951431274414	inf	inf	inf	-1.0	inf	inf	inf	inf	-1.0	inf
29	0	5	4	14.333333333333334	15.333333333333334	7.115880012512207	2.7702951431274414	89.0	-1.0	-1.0	91.0	20.0	34.35980987548828	-1.0	-1.0	25.386329650878906	5.19500732421875
30	0	6	0	14.0	13.666666666666666	5.7037272453308105	4.080903053283691	9.0	8.666666666666666	8.666666666666666	11.333333333333334	inf	2.7296342849731445	2.2283012866973877	1.8902918100357056	5.382091522216797	inf
31	0	6	1	14.0	13.666666666666666	5.7037272453308105	4.080903053283691	-1.0	-1.0	22.333333333333332	-1.0	-1.0	-1.0	-1.0	6.367857933044434	-1.0	-1.0
32	0	6	2	14.0	13.666666666666666	5.7037272453308105	4.080903053283691	-1.0	-1.0	inf	inf	inf	-1.0	-1.0	inf	inf	inf
33	0	6	3	14.0	13.666666666666666	5.7037272453308105	4.080903053283691	12.666666666666666	-1.0	inf	-1.0	inf	3.6170971393585205	-1.0	inf	-1.0	inf
34	0	6	4	14.0	13.666666666666666	5.7037272453308105	4.080903053283691	14.0	-1.0	-1.0	-1.0	-1.0	3.3023080825805664	-1.0	-1.0	-1.0	-1.0
35	0	7	0	13.666666666666666	15.0	4.080903053283691	4.326076507568359	-1.0	-1.0	-1.0	-1.0	-1.0	-1.0	-1.0	-1.0	-1.0	-1.0
36	0	7	1	13.666666666666666	15.0	4.080903053283691	4.326076507568359	inf	-1.0	inf	14.0	10.333333333333334	inf	-1.0	inf	2.629443645477295	1.9880917072296143
37	0	7	2	13.666666666666666	15.0	4.080903053283691	4.326076507568359	-1.0	-1.0	-1.0	-1.0	inf	-1.0	-1.0	-1.0	-1.0	inf
38	0	7	3	13.666666666666666	15.0	4.080903053283691	4.326076507568359	-1.0	inf	inf	-1.0	inf	-1.0	inf	inf	-1.0	inf
39	0	7	4	13.666666666666666	15.0	4.080903053283691	4.326076507568359	13.0	33.333333333333336	12.333333333333334	inf	12.0	3.8437464237213135	57.78995895385742	4.018547058105469	inf	5.099396705627441
40	0	8	0	12.333333333333334	13.0	4.018547058105469	3.8437464237213135	18.666666666666668	inf	15.666666666666666	inf	20.333333333333332	4.074985980987549	inf	3.21919322013855	inf	4.663908004760742
41	0	8	1	12.333333333333334	13.0	4.018547058105469	3.8437464237213135	-1.0	22.333333333333332	-1.0	-1.0	-1.0	-1.0	4.487796306610107	-1.0	-1.0	-1.0
42	0	8	2	12.333333333333334	13.0	4.018547058105469	3.8437464237213135	inf	19.333333333333332	inf	inf	inf	inf	4.6306328773498535	inf	inf	inf
43	0	8	3	12.333333333333334	13.0	4.018547058105469	3.8437464237213135	inf	12.666666666666666	inf	inf	inf	inf	4.950130939483643	inf	inf	inf
44	0	8	4	12.333333333333334	13.0	4.018547058105469	3.8437464237213135	-1.0	-1.0	-1.0	15.0	-1.0	-1.0	-1.0	-1.0	3.5007927417755127	-1.0
45	0	9	0	12.0	13.666666666666666	5.099396705627441	4.080903053283691	-1.0	inf	10.333333333333334	-1.0	-1.0	-1.0	inf	2.64544939994812	-1.0	-1.0
46	0	9	1	12.0	13.666666666666666	5.099396705627441	4.080903053283691	-1.0	26.333333333333332	-1.0	-1.0	21.666666666666668	-1.0	8.51614761352539	-1.0	-1.0	4.535435676574707
47	0	9	2	12.0	13.666666666666666	5.099396705627441	4.080903053283691	-1.0	inf	inf	14.333333333333334	-1.0	-1.0	inf	inf	7.115880012512207	-1.0
48	0	9	3	12.0	13.666666666666666	5.099396705627441	4.080903053283691	13.666666666666666	-1.0	inf	14.666666666666666	10.666666666666666	3.5330045223236084	-1.0	inf	3.4694464206695557	2.9338443279266357
49	0	9	4	12.0	13.666666666666666	5.099396705627441	4.080903053283691	14.0	-1.0	inf	35.0	20.333333333333332	4.3860764503479	-1.0	inf	11.39439582824707	37.85818862915039
50	1	0	0	10.666666666666666	10.666666666666666	2.9338443279266357	3.1965012550354004	15.333333333333334	-1.0	-1.0	inf	-1.0	25.370174407958984	-1.0	-1.0	inf	-1.0
51	1	0	1	10.666666666666666	10.666666666666666	2.9338443279266357	3.1965012550354004	12.666666666666666	inf	15.333333333333334	inf	inf	3.854783058166504	inf	4.555903434753418	inf	inf
52	1	0	2	10.666666666666666	10.666666666666666	2.9338443279266357	3.1965012550354004	18.0	10.333333333333334	10.333333333333334	-1.0	12.333333333333334	2.9723384380340576	2.6263999938964844	2.64544939994812	-1.0	5.4656877517700195
53	1	0	3	10.666666666666666	10.666666666666666	2.9338443279266357	3.1965012550354004	24.0	15.0	inf	-1.0	inf	5.47410249710083	2.375532865524292	inf	-1.0	inf
54	1	0	4	10.666666666666666	10.666666666666666	2.9338443279266357	3.1965012550354004	11.333333333333334	11.333333333333334	12.0	10.333333333333334	12.333333333333334	4.12131929397583	3.499251365661621	5.099396705627441	2.64544939994812	4.150967597961426
55	1	1	0	10.666666666666666	10.666666666666666	2.9338443279266357	3.1965012550354004	15.333333333333334	-1.0	inf	-1.0	inf	3.3287322521209717	-1.0	inf	-1.0	inf
56	1	1	1	10.666666666666666	10.666666666666666	2.9338443279266357	3.1965012550354004	11.333333333333334	11.666666666666666	inf	inf	15.0	4.931292533874512	2.5225555896759033	inf	inf	5.999605178833008
57	1	1	2	10.666666666666666	10.666666666666666	2.9338443279266357	3.1965012550354004	8.666666666666666	inf	13.333333333333334	14.666666666666666	8.333333333333334	3.67325758934021	inf	3.6417183876037598	3.639611005783081	3.2751736640930176
58	1	1	3	10.666666666666666	10.666666666666666	2.9338443279266357	3.1965012550354004	-1.0	inf	-1.0	20.0	-1.0	-1.0	inf	-1.0	4.243994235992432	-1.0
59	1	1	4	10.666666666666666	10.666666666666666	2.9338443279266357	3.1965012550354004	14.666666666666666	6.333333333333333	-1.0	-1.0	12.333333333333334	3.639611005783081	3.518357276916504	-1.0	-1.0	3.9220571517944336
60	1	2	0	6.333333333333333	11.333333333333334	3.518357276916504	4.12131929397583	17.0	8.666666666666666	inf	6.333333333333333	12.333333333333334	3.7078158855438232	3.8086347579956055	inf	3.518357276916504	2.6950018405914307
61	1	2	1	6.333333333333333	11.333333333333334	3.518357276916504	4.12131929397583	inf	-1.0	inf	inf	inf	inf	-1.0	inf	inf	inf
62	1	2	2	6.333333333333333	11.333333333333334	3.518357276916504	4.12131929397583	14.0	-1.0	-1.0	26.333333333333332	-1.0	3.5391383171081543	-1.0	-1.0	8.51614761352539	-1.0
63	1	2	3	6.333333333333333	11.333333333333334	3.518357276916504	4.12131929397583	-1.0	inf	-1.0	inf	inf	-1.0	inf	-1.0	inf	inf
64	1	2	4	6.333333333333333	11.333333333333334	3.518357276916504	4.12131929397583	12.666666666666666	16.666666666666668	8.0	12.0	8.666666666666666	4.950130939483643	3.1496851444244385	4.000869274139404	6.411169052124023	3.6003620624542236
65	1	3	0	6.333333333333333	8.0	3.518357276916504	4.000869274139404	8.666666666666666	13.666666666666666	inf	10.0	12.0	2.063800096511841	3.5330045223236084	inf	2.9627647399902344	5.099396705627441
66	1	3	1	6.333333333333333	8.0	3.518357276916504	4.000869274139404	inf	13.666666666666666	-1.0	16.333333333333332	12.0	inf	5.693877696990967	-1.0	2.9067952632904053	5.432820796966553
67	1	3	2	6.333333333333333	8.0	3.518357276916504	4.000869274139404	inf	15.333333333333334	15.333333333333334	-1.0	15.333333333333334	inf	3.87652850151062	3.7798752784729004	-1.0	17.56460952758789
68	1	3	3	6.333333333333333	8.0	3.518357276916504	4.000869274139404	-1.0	inf	inf	inf	inf	-1.0	inf	inf	inf	inf
69	1	3	4	6.333333333333333	8.0	3.518357276916504	4.000869274139404	18.0	11.666666666666666	10.0	6.333333333333333	6.666666666666667	3.652790069580078	4.281732082366943	3.7600698471069336	1.976792573928833	4.1920857429504395
70	1	4	0	6.333333333333333	6.666666666666667	3.518357276916504	4.1920857429504395	-1.0	7.333333333333333	14.333333333333334	-1.0	12.666666666666666	-1.0	2.6297357082366943	7.115880012512207	-1.0	6.4937357902526855
71	1	4	1	6.333333333333333	6.666666666666667	3.518357276916504	4.1920857429504395	inf					inf				
72	1	4	2	6.333333333333333	6.666666666666667	3.518357276916504	4.1920857429504395	12.666666666666666	inf	inf	inf	inf	5.182682037353516	inf	inf	inf	inf
73	1	4	3	6.333333333333333	6.666666666666667	3.518357276916504	4.1920857429504395	inf	inf	-1.0	inf	-1.0	inf	inf	-1.0	inf	-1.0
74	1	4	4	6.333333333333333	6.666666666666667	3.518357276916504	4.1920857429504395	-1.0	-1.0	-1.0	-1.0	-1.0	-1.0	-1.0	-1.0	-1.0	-1.0
75	1	5	0	11.333333333333334	6.333333333333333	4.12131929397583	1.976792573928833	-1.0	-1.0	-1.0	-1.0	9.666666666666666	-1.0	-1.0	-1.0	-1.0	2.8973803520202637
76	1	5	1	11.333333333333334	6.333333333333333	4.12131929397583	1.976792573928833	inf	10.666666666666666	inf	inf	inf	inf	3.3085250854492188	inf	inf	inf
77	1	5	2	11.333333333333334	6.333333333333333	4.12131929397583	1.976792573928833	-1.0	inf	16.333333333333332	inf	17.333333333333332	-1.0	inf	3.3924615383148193	inf	4.512054443359375
78	1	5	3	11.333333333333334	6.333333333333333	4.12131929397583	1.976792573928833	-1.0	inf	-1.0	-1.0	inf	-1.0	inf	-1.0	-1.0	inf
79	1	5	4	11.333333333333334	6.333333333333333	4.12131929397583	1.976792573928833	12.0	9.666666666666666	16.666666666666668	16.0	9.666666666666666	5.432820796966553	4.313835144042969	4.3707780838012695	18.98050880432129	3.8243517875671387
80	1	6	0	6.333333333333333	9.666666666666666	3.518357276916504	3.8243517875671387	-1.0	-1.0	inf	-1.0	-1.0	-1.0	-1.0	inf	-1.0	-1.0
81	1	6	1	6.333333333333333	9.666666666666666	3.518357276916504	3.8243517875671387	inf	10.333333333333334	10.333333333333334	inf	-1.0	inf	2.4638140201568604	2.64544939994812	inf	-1.0
82	1	6	2	6.333333333333333	9.666666666666666	3.518357276916504	3.8243517875671387	inf	inf	inf	14.0	12.0	inf	inf	inf	3.2208456993103027	3.6118009090423584
83	1	6	3	6.333333333333333	9.666666666666666	3.518357276916504	3.8243517875671387	-1.0	inf	-1.0	inf	-1.0	-1.0	inf	-1.0	inf	-1.0
84	1	6	4	6.333333333333333	9.666666666666666	3.518357276916504	3.8243517875671387	-1.0	15.666666666666666	-1.0	-1.0	14.333333333333334	-1.0	5.854069709777832	-1.0	-1.0	7.115880012512207
85	1	7	0	6.333333333333333	6.666666666666667	1.976792573928833	4.1920857429504395	inf	8.666666666666666	-1.0	inf	17.666666666666668	inf	3.6003620624542236	-1.0	inf	4.217472553253174
86	1	7	1	6.333333333333333	6.666666666666667	1.976792573928833	4.1920857429504395	inf	15.666666666666666	inf	inf	inf	inf	3.7492101192474365	inf	inf	inf
87	1	7	2	6.333333333333333	6.666666666666667	1.976792573928833	4.1920857429504395	inf	12.0	inf	inf	inf	inf	5.099396705627441	inf	inf	inf
88	1	7	3	6.333333333333333	6.666666666666667	1.976792573928833	4.1920857429504395	-1.0	inf	inf	-1.0	inf	-1.0	inf	inf	-1.0	inf
89	1	7	4	6.333333333333333	6.666666666666667	1.976792573928833	4.1920857429504395	11.333333333333334	-1.0	-1.0	-1.0	inf	5.382091522216797	-1.0	-1.0	-1.0	inf
90	1	8	0	6.333333333333333	6.333333333333333	3.518357276916504	1.976792573928833	11.666666666666666	-1.0	14.0	-1.0	13.0	4.281732082366943	-1.0	5.593286037445068	-1.0	3.1096062660217285
91	1	8	1	6.333333333333333	6.333333333333333	3.518357276916504	1.976792573928833	inf	inf	10.0	-1.0	inf	inf	inf	2.7902848720550537	-1.0	inf
92	1	8	2	6.333333333333333	6.333333333333333	3.518357276916504	1.976792573928833	inf	-1.0	13.333333333333334	-1.0	inf	inf	-1.0	4.084002494812012	-1.0	inf
93	1	8	3	6.333333333333333	6.333333333333333	3.518357276916504	1.976792573928833	inf	-1.0	19.0	-1.0	inf	inf	-1.0	4.110835075378418	-1.0	inf
94	1	8	4	6.333333333333333	6.333333333333333	3.518357276916504	1.976792573928833	-1.0	12.333333333333334	-1.0	-1.0	-1.0	-1.0	3.7690935134887695	-1.0	-1.0	-1.0
95	1	9	0	6.333333333333333	6.333333333333333	1.976792573928833	3.518357276916504	20.0	17.333333333333332	-1.0	21.0	16.0	4.583885192871094	4.539846897125244	-1.0	4.006602764129639	4.240947723388672
96	1	9	1	6.333333333333333	6.333333333333333	1.976792573928833	3.518357276916504	inf	inf	inf	inf	inf	inf	inf	inf	inf	inf
97	1	9	2	6.333333333333333	6.333333333333333	1.976792573928833	3.518357276916504	inf	11.333333333333334	-1.0	-1.0	inf	inf	4.181499004364014	-1.0	-1.0	inf
98	1	9	3	6.333333333333333	6.333333333333333	1.976792573928833	3.518357276916504	inf	-1.0	-1.0	inf	inf	inf	-1.0	-1.0	inf	inf
99	1	9	4	6.333333333333333	6.333333333333333	1.976792573928833	3.518357276916504	-1.0	-1.0	-1.0	-1.0	-1.0	-1.0	-1.0	-1.0	-1.0	-1.0
100	2	0	0	7.666666666666667	8.0	1.6167833805084229	2.380875587463379	9.333333333333334	8.0	12.666666666666666	12.0	-1.0	3.0508391857147217	2.9410574436187744	4.612767219543457	4.2274556159973145	-1.0
101	2	0	1	7.666666666666667	8.0	1.6167833805084229	2.380875587463379	-1.0	-1.0	inf	inf	12.333333333333334	-1.0	-1.0	inf	inf	3.153726577758789
102	2	0	2	7.666666666666667	8.0	1.6167833805084229	2.380875587463379	-1.0	inf	-1.0	inf	inf	-1.0	inf	-1.0	inf	inf
103	2	0	3	7.666666666666667	8.0	1.6167833805084229	2.380875587463379	23.333333333333332	24.666666666666668	20.333333333333332	15.333333333333334	inf	51.6074333190918	57.65420150756836	48.58443069458008	3.1066572666168213	inf
104	2	0	4	7.666666666666667	8.0	1.6167833805084229	2.380875587463379	10.333333333333334	-1.0	-1.0	-1.0	6.333333333333333	2.9364161491394043	-1.0	-1.0	-1.0	2.1278014183044434
105	2	1	0	6.333333333333333	7.666666666666667	2.1278014183044434	1.6167833805084229	14.666666666666666	-1.0	-1.0	11.666666666666666	-1.0	3.639611005783081	-1.0	-1.0	4.281732559204102	-1.0
106	2	1	1	6.333333333333333	7.666666666666667	2.1278014183044434	1.6167833805084229	inf	inf	inf	inf	inf	inf	inf	inf	inf	inf
107	2	1	2	6.333333333333333	7.666666666666667	2.1278014183044434	1.6167833805084229	inf	inf	inf	inf	inf	inf	inf	inf	inf	inf
108	2	1	3	6.333333333333333	7.666666666666667	2.1278014183044434	1.6167833805084229	inf	10.333333333333334	inf	-1.0	inf	inf	2.64544939994812	inf	-1.0	inf
109	2	1	4	6.333333333333333	7.666666666666667	2.1278014183044434	1.6167833805084229	13.0	11.333333333333334	13.0	14.666666666666666	16.0	3.8457143306732178	4.710883140563965	5.330470085144043	2.702371597290039	4.240947723388672
110	2	2	0	6.333333333333333	8.0	2.1278014183044434	2.380875587463379	-1.0	13.333333333333334	9.0	-1.0	11.333333333333334	-1.0	5.580618381500244	3.6422297954559326	-1.0	4.931292533874512
111	2	2	1	6.333333333333333	8.0	2.1278014183044434	2.380875587463379	13.333333333333334	inf	inf	inf	inf	19.025426864624023	inf	inf	inf	inf
112	2	2	2	6.333333333333333	8.0	2.1278014183044434	2.380875587463379	inf	inf	11.666666666666666	10.666666666666666	inf	inf	inf	4.281732559204102	3.977144479751587	inf
113	2	2	3	6.333333333333333	8.0	2.1278014183044434	2.380875587463379	10.666666666666666	12.333333333333334	13.333333333333334	-1.0	6.333333333333333	2.2214434146881104	3.4885551929473877	5.580618381500244	-1.0	1.723691701889038
114	2	2	4	6.333333333333333	8.0	2.1278014183044434	2.380875587463379	9.0	10.333333333333334	9.0	-1.0	-1.0	4.153663635253906	3.63693904876709	3.3108060359954834	-1.0	-1.0
115	2	3	0	7.666666666666667	6.333333333333333	1.6167833805084229	2.1278014183044434	-1.0	-1.0	-1.0	-1.0	12.333333333333334	-1.0	-1.0	-1.0	-1.0	3.7690935134887695
116	2	3	1	7.666666666666667	6.333333333333333	1.6167833805084229	2.1278014183044434	-1.0	9.333333333333334	inf	-1.0	14.333333333333334	-1.0	1.9819546937942505	inf	-1.0	7.115880012512207
117	2	3	2	7.666666666666667	6.333333333333333	1.6167833805084229	2.1278014183044434	inf	inf	inf	inf	inf	inf	inf	inf	inf	inf
118	2	3	3	7.666666666666667	6.333333333333333	1.6167833805084229	2.1278014183044434	12.333333333333334	-1.0	-1.0	-1.0	-1.0	3.153726577758789	-1.0	-1.0	-1.0	-1.0
119	2	3	4	7.666666666666667	6.333333333333333	1.6167833805084229	2.1278014183044434	11.0	11.666666666666666	16.0	-1.0	-1.0	2.9503443241119385	3.796926259994507	4.209968090057373	-1.0	-1.0
120	2	4	0	8.0	6.333333333333333	2.380875587463379	2.1278014183044434	-1.0	-1.0	8.333333333333334	14.0	14.333333333333334	-1.0	-1.0	3.584623098373413	5.593286037445068	7.115880012512207
121	2	4	1	8.0	6.333333333333333	2.380875587463379	2.1278014183044434	inf	inf	inf	11.333333333333334	inf	inf	inf	inf	5.382091522216797	inf
122	2	4	2	8.0	6.333333333333333	2.380875587463379	2.1278014183044434	inf	inf	inf	-1.0	-1.0	inf	inf	inf	-1.0	-1.0
123	2	4	3	8.0	6.333333333333333	2.380875587463379	2.1278014183044434	-1.0	-1.0	-1.0	-1.0	-1.0	-1.0	-1.0	-1.0	-1.0	-1.0
124	2	4	4	8.0	6.333333333333333	2.380875587463379	2.1278014183044434	12.666666666666666	10.333333333333334	inf	11.666666666666666	10.666666666666666	2.8396143913269043	2.64544939994812	inf	2.499013900756836	3.0066568851470947
125	2	5	0	9.0	8.0	4.153663635253906	2.380875587463379	-1.0	6.666666666666667	-1.0	-1.0	8.333333333333334	-1.0	3.3851418495178223	-1.0	-1.0	2.391245126724243
126	2	5	1	9.0	8.0	4.153663635253906	2.380875587463379	-1.0	-1.0	inf	-1.0	inf	-1.0	-1.0	inf	-1.0	inf
127	2	5	2	9.0	8.0	4.153663635253906	2.380875587463379	18.0	inf	-1.0	-1.0	10.0	4.312760353088379	inf	-1.0	-1.0	2.3611388206481934
128	2	5	3	9.0	8.0	4.153663635253906	2.380875587463379	-1.0	-1.0	12.0	-1.0	-1.0	-1.0	-1.0	7.04384708404541	-1.0	-1.0
129	2	5	4	9.0	8.0	4.153663635253906	2.380875587463379	11.333333333333334	14.0	-1.0	72.0	-1.0	3.157071828842163	4.79398775100708	-1.0	28.971649169921875	-1.0
130	2	6	0	10.333333333333334	6.333333333333333	2.64544939994812	2.1278014183044434	-1.0	-1.0	-1.0	-1.0	-1.0	-1.0	-1.0	-1.0	-1.0	-1.0
131	2	6	1	10.333333333333334	6.333333333333333	2.64544939994812	2.1278014183044434	inf	inf	inf	inf	12.0	inf	inf	inf	inf	5.099396705627441
132	2	6	2	10.333333333333334	6.333333333333333	2.64544939994812	2.1278014183044434	inf	10.666666666666666	inf	inf	inf	inf	4.2482686042785645	inf	inf	inf
133	2	6	3	10.333333333333334	6.333333333333333	2.64544939994812	2.1278014183044434	17.0	18.0	-1.0	-1.0	-1.0	3.357175588607788	3.652790069580078	-1.0	-1.0	-1.0
134	2	6	4	10.333333333333334	6.333333333333333	2.64544939994812	2.1278014183044434	-1.0	16.0	-1.0	-1.0	-1.0	-1.0	4.446910381317139	-1.0	-1.0	-1.0
135	2	7	0	7.666666666666667	8.0	1.6167833805084229	2.380875587463379	12.666666666666666	10.0	-1.0	-1.0	inf	3.3950998783111572	2.3611388206481934	-1.0	-1.0	inf
136	2	7	1	7.666666666666667	8.0	1.6167833805084229	2.380875587463379	inf	inf	inf	inf	inf	inf	inf	inf	inf	inf
137	2	7	2	7.666666666666667	8.0	1.6167833805084229	2.380875587463379	6.666666666666667	-1.0	7.333333333333333	-1.0	-1.0	3.3851418495178223	-1.0	3.422672748565674	-1.0	-1.0
138	2	7	3	7.666666666666667	8.0	1.6167833805084229	2.380875587463379	-1.0	-1.0	-1.0	-1.0	-1.0	-1.0	-1.0	-1.0	-1.0	-1.0
139	2	7	4	7.666666666666667	8.0	1.6167833805084229	2.380875587463379	9.0	7.666666666666667	-1.0	-1.0	-1.0	2.818598508834839	2.7066240310668945	-1.0	-1.0	-1.0
140	2	8	0	6.333333333333333	8.0	2.1278014183044434	2.380875587463379	inf	-1.0	-1.0	12.0	inf	inf	-1.0	-1.0	3.4622855186462402	inf
141	2	8	1	6.333333333333333	8.0	2.1278014183044434	2.380875587463379	inf	inf	inf	inf	inf	inf	inf	inf	inf	inf
142	2	8	2	6.333333333333333	8.0	2.1278014183044434	2.380875587463379	-1.0	9.666666666666666	10.333333333333334	10.666666666666666	14.0	-1.0	4.443971633911133	2.1873533725738525	4.567027568817139	3.100842237472534
143	2	8	3	6.333333333333333	8.0	2.1278014183044434	2.380875587463379	-1.0	14.333333333333334	-1.0	-1.0	13.0	-1.0	2.6758408546447754	-1.0	-1.0	2.835885763168335
144	2	8	4	6.333333333333333	8.0	2.1278014183044434	2.380875587463379	-1.0	inf	-1.0	-1.0	-1.0	-1.0	inf	-1.0	-1.0	-1.0
145	2	9	0	6.333333333333333	7.666666666666667	2.1278014183044434	2.7066240310668945	inf	11.666666666666666	11.333333333333334	inf	8.666666666666666	inf	4.378653049468994	3.2743606567382812	inf	3.4544565677642822
146	2	9	1	6.333333333333333	7.666666666666667	2.1278014183044434	2.7066240310668945	inf	inf	inf	inf	inf	inf	inf	inf	inf	inf
147	2	9	2	6.333333333333333	7.666666666666667	2.1278014183044434	2.7066240310668945	11.333333333333334	-1.0	inf	-1.0	-1.0	5.382091522216797	-1.0	inf	-1.0	-1.0
148	2	9	3	6.333333333333333	7.666666666666667	2.1278014183044434	2.7066240310668945	12.333333333333334	20.666666666666668	13.0	-1.0	11.333333333333334	3.4998672008514404	15.116128921508789	3.162000894546509	-1.0	5.382091522216797
149	2	9	4	6.333333333333333	7.666666666666667	2.1278014183044434	2.7066240310668945	inf	inf	inf	11.333333333333334	-1.0	inf	inf	inf	2.6416406631469727	-1.0
