	reset_island_iter	improve_iter	island	program_1_hamming_score	program_2_hamming_score	program_1_neural_score	program_2_neural_score	output_program_1_hamming_score	output_program_2_hamming_score	output_program_3_hamming_score	output_program_4_hamming_score	output_program_5_hamming_score	output_program_1_neural_score	output_program_2_neural_score	output_program_3_neural_score	output_program_4_neural_score	output_program_5_neural_score
0	0	0	0	6.0	8.5	4.0424089431762695	4.023753643035889	4.25	2.25	inf	-1.0	inf	4.253695964813232	5.847954750061035	inf	-1.0	inf
1	0	0	1	6.0	8.5	4.0424089431762695	4.023753643035889	inf	2.25	-1.0	inf	-1.0	inf	5.847954750061035	-1.0	inf	-1.0
2	0	0	2	6.0	8.5	4.0424089431762695	4.023753643035889	5.75	-1.0	5.75	-1.0	inf	2.916447639465332	-1.0	2.7553083896636963	-1.0	inf
3	0	0	3	6.0	8.5	4.0424089431762695	4.023753643035889	5.0	inf	-1.0	-1.0	-1.0	3.5718047618865967	inf	-1.0	-1.0	-1.0
4	0	0	4	6.0	8.5	4.0424089431762695	4.023753643035889	6.0	-1.0	inf	7.0	-1.0	4.696314811706543	-1.0	inf	4.938055038452148	-1.0
5	0	1	0	8.5	7.0	4.023753643035889	4.938055038452148	inf	-1.0	-1.0	inf	inf	inf	-1.0	-1.0	inf	inf
6	0	1	1	8.5	7.0	4.023753643035889	4.938055038452148	3.0	-1.0	6.25	inf	-1.0	2.4816792011260986	-1.0	8.072070121765137	inf	-1.0
7	0	1	2	8.5	7.0	4.023753643035889	4.938055038452148	-1.0	inf	inf	-1.0	inf	-1.0	inf	inf	-1.0	inf
8	0	1	3	8.5	7.0	4.023753643035889	4.938055038452148	6.0	6.75	16.25	inf	-1.0	4.696314811706543	3.3802006244659424	6.825791835784912	inf	-1.0
9	0	1	4	8.5	7.0	4.023753643035889	4.938055038452148	5.5	-1.0	-1.0	-1.0	-1.0	4.114895820617676	-1.0	-1.0	-1.0	-1.0
10	0	2	0	8.5	7.0	4.023753643035889	4.938055038452148	4.0	5.25	2.5	inf	3.5	4.153796672821045	3.7249691486358643	3.5662920475006104	inf	2.464494466781616
11	0	2	1	8.5	7.0	4.023753643035889	4.938055038452148	4.0	inf	-1.0	inf	-1.0	3.309314489364624	inf	-1.0	inf	-1.0
12	0	2	2	8.5	7.0	4.023753643035889	4.938055038452148	-1.0	-1.0	15.0	-1.0	-1.0	-1.0	-1.0	4.716735363006592	-1.0	-1.0
13	0	2	3	8.5	7.0	4.023753643035889	4.938055038452148	inf	inf	5.5	inf	inf	inf	inf	4.114895820617676	inf	inf
14	0	2	4	8.5	7.0	4.023753643035889	4.938055038452148	-1.0	-1.0	inf	-1.0	-1.0	-1.0	-1.0	inf	-1.0	-1.0
15	0	3	0	8.5	6.0	4.023753643035889	4.696314811706543	3.25	1.5	4.5	2.25	-1.0	5.232361793518066	1.9789905548095703	3.796184539794922	2.8158299922943115	-1.0
16	0	3	1	8.5	6.0	4.023753643035889	4.696314811706543	inf	inf	inf	4.0	inf	inf	inf	inf	4.071227073669434	inf
17	0	3	2	8.5	6.0	4.023753643035889	4.696314811706543	-1.0	-1.0	-1.0	inf	-1.0	-1.0	-1.0	-1.0	inf	-1.0
18	0	3	3	8.5	6.0	4.023753643035889	4.696314811706543	-1.0	inf	-1.0	-1.0	inf	-1.0	inf	-1.0	-1.0	inf
19	0	3	4	8.5	6.0	4.023753643035889	4.696314811706543	-1.0	-1.0	inf	-1.0	inf	-1.0	-1.0	inf	-1.0	inf
20	0	4	0	6.0	5.5	4.0424089431762695	4.114895820617676	-1.0	-1.0	-1.0	-1.0	-1.0	-1.0	-1.0	-1.0	-1.0	-1.0
21	0	4	1	6.0	5.5	4.0424089431762695	4.114895820617676	-1.0	inf	inf	inf	inf	-1.0	inf	inf	inf	inf
22	0	4	2	6.0	5.5	4.0424089431762695	4.114895820617676	-1.0	-1.0	inf	inf	inf	-1.0	-1.0	inf	inf	inf
23	0	4	3	6.0	5.5	4.0424089431762695	4.114895820617676	-1.0	14.5	-1.0	-1.0	-1.0	-1.0	5.77871561050415	-1.0	-1.0	-1.0
24	0	4	4	6.0	5.5	4.0424089431762695	4.114895820617676	-1.0	-1.0	-1.0	-1.0	inf	-1.0	-1.0	-1.0	-1.0	inf
25	0	5	0	6.0	7.0	4.0424089431762695	4.938055038452148	4.5	inf	4.25	-1.0	-1.0	3.300682544708252	inf	3.5342135429382324	-1.0	-1.0
26	0	5	1	6.0	7.0	4.0424089431762695	4.938055038452148	-1.0	inf	4.25	inf	inf	-1.0	inf	2.880563974380493	inf	inf
27	0	5	2	6.0	7.0	4.0424089431762695	4.938055038452148	inf	inf	-1.0	inf	inf	inf	inf	-1.0	inf	inf
28	0	5	3	6.0	7.0	4.0424089431762695	4.938055038452148	-1.0	5.75	-1.0	-1.0	-1.0	-1.0	2.916447639465332	-1.0	-1.0	-1.0
29	0	5	4	6.0	7.0	4.0424089431762695	4.938055038452148	-1.0	-1.0	-1.0	-1.0	inf	-1.0	-1.0	-1.0	-1.0	inf
30	0	6	0	8.5	6.0	4.023753643035889	4.696314811706543	1.25	inf	inf	-1.0	-1.0	2.103543281555176	inf	inf	-1.0	-1.0
31	0	6	1	8.5	6.0	4.023753643035889	4.696314811706543	inf	inf	-1.0	-1.0	-1.0	inf	inf	-1.0	-1.0	-1.0
32	0	6	2	8.5	6.0	4.023753643035889	4.696314811706543	inf	inf	8.0	inf	-1.0	inf	inf	3.990264892578125	inf	-1.0
33	0	6	3	8.5	6.0	4.023753643035889	4.696314811706543	-1.0	-1.0	7.0	12.75	-1.0	-1.0	-1.0	5.8308210372924805	6.401233196258545	-1.0
34	0	6	4	8.5	6.0	4.023753643035889	4.696314811706543	-1.0	-1.0	-1.0	-1.0	-1.0	-1.0	-1.0	-1.0	-1.0	-1.0
35	0	7	0	6.0	8.5	4.696314811706543	4.023753643035889	2.75	inf	-1.0	2.0	inf	8.950352668762207	inf	-1.0	4.505918025970459	inf
36	0	7	1	6.0	8.5	4.696314811706543	4.023753643035889	inf	-1.0	-1.0	-1.0	-1.0	inf	-1.0	-1.0	-1.0	-1.0
37	0	7	2	6.0	8.5	4.696314811706543	4.023753643035889	inf	inf	inf	inf	inf	inf	inf	inf	inf	inf
38	0	7	3	6.0	8.5	4.696314811706543	4.023753643035889	-1.0	8.0	15.0	-1.0	-1.0	-1.0	3.990264892578125	4.716735363006592	-1.0	-1.0
39	0	7	4	6.0	8.5	4.696314811706543	4.023753643035889	-1.0	-1.0	inf	-1.0	-1.0	-1.0	-1.0	inf	-1.0	-1.0
40	0	8	0	8.5	5.5	4.023753643035889	4.114895820617676	-1.0	-1.0	-1.0	-1.0	-1.0	-1.0	-1.0	-1.0	-1.0	-1.0
41	0	8	1	8.5	5.5	4.023753643035889	4.114895820617676	-1.0	9.0	9.5	2.75	2.75	-1.0	13.972195625305176	15.389681816101074	5.152904510498047	4.2342047691345215
42	0	8	2	8.5	5.5	4.023753643035889	4.114895820617676	inf	inf	inf	inf	inf	inf	inf	inf	inf	inf
43	0	8	3	8.5	5.5	4.023753643035889	4.114895820617676	-1.0	-1.0	-1.0	inf	-1.0	-1.0	-1.0	-1.0	inf	-1.0
44	0	8	4	8.5	5.5	4.023753643035889	4.114895820617676	-1.0	-1.0	-1.0	-1.0	-1.0	-1.0	-1.0	-1.0	-1.0	-1.0
45	0	9	0	8.5	6.0	4.023753643035889	4.696314811706543	-1.0	-1.0	-1.0	14.25	-1.0	-1.0	-1.0	-1.0	25.834800720214844	-1.0
46	0	9	1	8.5	6.0	4.023753643035889	4.696314811706543	inf	3.75	-1.0	15.75	-1.0	inf	3.4100263118743896	-1.0	13.953953742980957	-1.0
47	0	9	2	8.5	6.0	4.023753643035889	4.696314811706543	inf	inf	inf	inf	inf	inf	inf	inf	inf	inf
48	0	9	3	8.5	6.0	4.023753643035889	4.696314811706543	-1.0	-1.0	inf	-1.0	9.75	-1.0	-1.0	inf	-1.0	40.03571319580078
49	0	9	4	8.5	6.0	4.023753643035889	4.696314811706543	-1.0	-1.0	-1.0	-1.0	-1.0	-1.0	-1.0	-1.0	-1.0	-1.0
50	1	0	0	4.5	5.75	3.300682544708252	2.916447639465332	-1.0	2.25	-1.0	2.5	-1.0	-1.0	2.8158299922943115	-1.0	3.5662920475006104	-1.0
51	1	0	1	4.5	5.75	3.300682544708252	2.916447639465332	-1.0	-1.0	2.25	-1.0	2.75	-1.0	-1.0	5.847954750061035	-1.0	2.8721818923950195
52	1	0	2	4.5	5.75	3.300682544708252	2.916447639465332	5.5	7.75	inf	-1.0	inf	4.114895820617676	6.057204246520996	inf	-1.0	inf
53	1	0	3	4.5	5.75	3.300682544708252	2.916447639465332	5.25	inf	inf	-1.0	-1.0	3.0528907775878906	inf	inf	-1.0	-1.0
54	1	0	4	4.5	5.75	3.300682544708252	2.916447639465332	6.75	-1.0	6.75	-1.0	inf	3.8580617904663086	-1.0	8.29936408996582	-1.0	inf
55	1	1	0	5.75	4.5	2.916447639465332	3.300682544708252	-1.0	inf	3.0	-1.0	inf	-1.0	inf	7.863273620605469	-1.0	inf
56	1	1	1	5.75	4.5	2.916447639465332	3.300682544708252	2.25	inf	-1.0	4.25	5.0	2.8158299922943115	inf	-1.0	4.48435640335083	13.762452125549316
57	1	1	2	5.75	4.5	2.916447639465332	3.300682544708252	5.25	-1.0	-1.0	-1.0	inf	3.536700963973999	-1.0	-1.0	-1.0	inf
58	1	1	3	5.75	4.5	2.916447639465332	3.300682544708252	6.75	inf	-1.0	inf	8.75	4.399643421173096	inf	-1.0	inf	6.071160316467285
59	1	1	4	5.75	4.5	2.916447639465332	3.300682544708252	inf	-1.0	-1.0	inf	-1.0	inf	-1.0	-1.0	inf	-1.0
60	1	2	0	6.75	5.75	3.8580617904663086	2.916447639465332	5.5	3.0	-1.0	4.5	-1.0	4.114895820617676	2.5334150791168213	-1.0	4.064380645751953	-1.0
61	1	2	1	6.75	5.75	3.8580617904663086	2.916447639465332	2.5	0.0				3.8374648094177246	0.0			
